0.753
0.753
0.753
0.753
0.753
0.753
0.753
0.753
0.753
0.753
0.754
0.76
0.767
0.772
0.772
0.798
0.821
0.848
0.848
0.857
0.857
0.851
0.853
0.855
0.865
0.865
0.867
0.87
0.866
0.867
0.865
0.869
0.874
0.871
0.88
0.878
0.881
0.886
0.887
0.887
0.892
0.889
0.898
0.897
0.899
0.892
0.894
0.892
0.897
0.897
0.901
0.903
0.903
0.897
0.901
0.904
0.909
0.909
0.906
0.911
0.911
0.911
0.911
0.915
0.911
0.918
0.919
0.921
0.922
0.914
0.922
0.925
0.93
0.929
0.931
0.923
0.932
0.931
0.933
0.931
0.935
0.931
0.937
0.936
0.937
0.932
0.937
0.932
0.938
0.935
0.941
0.943
0.94
0.947
0.941
0.945
0.941
0.948
0.945
0.94
