574.10425
569.3412
564.68506
560.29846
555.48395
550.46045
545.33154
539.50183
534.2609
526.88556
519.90784
512.39984
504.07895
495.64087
487.03577
477.7615
468.36877
459.09924
449.48718
440.12967
430.86505
422.05527
413.52515
405.2653
397.1398
389.45126
382.2678
375.2672
369.02133
362.40878
355.8183
349.80725
344.18347
338.71326
333.50958
328.2285
323.1785
318.24448
313.60562
309.27402
304.6344
300.54492
296.6175
292.94534
289.33765
285.2031
281.81534
278.60318
275.44226
273.13507
269.3128
266.61172
263.7451
261.2127
259.60138
256.3359
253.92775
251.7019
249.46304
247.38855
245.18639
243.53458
242.01833
239.69255
237.85353
235.93996
235.19882
233.20815
231.37306
229.77548
228.6695
226.6331
225.37653
223.91983
222.81297
221.32765
220.2257
219.0885
217.66606
216.70247
216.35704
214.73462
213.48967
212.25615
211.24872
210.34344
209.32417
208.40056
207.43613
206.50475
205.59552
205.00964
204.28207
203.15852
202.42606
201.5143
200.81245
199.99654
199.2991
198.679
