544.3423
539.2193
534.6705
530.43616
525.63074
520.6003
515.501
509.90906
504.26782
497.57608
491.00177
483.617
475.76443
467.32364
458.34772
448.82764
439.42633
429.2943
419.17242
409.00244
399.17966
389.62177
380.2359
371.28433
362.85526
354.7
347.09427
339.7481
333.0295
326.52652
320.5884
314.76962
309.192
304.0274
299.2258
294.61615
289.9484
285.72223
281.53592
277.77335
274.06244
270.63474
267.1542
264.22433
260.82553
258.28116
255.01816
252.35167
249.82776
247.23236
244.73878
242.46935
240.32901
237.99203
235.79213
234.40836
231.85918
230.03123
227.98741
226.30632
224.4589
222.80075
221.18451
219.67496
218.79276
216.72676
215.78027
213.88818
212.56755
211.17467
210.28668
208.77731
207.40132
207.18459
205.25166
204.5635
202.96178
202.00082
200.84526
200.04866
198.82254
198.55562
196.99446
195.99512
195.13676
194.6532
193.56554
193.2216
192.35619
191.18109
190.41544
189.73163
189.19461
188.26697
187.96434
187.2806
186.28249
185.62152
185.24332
185.6678
