563.5179
557.56506
552.72595
547.67346
542.38
536.8343
530.73346
524.3456
517.2943
509.47122
501.27518
492.41495
482.81876
472.76837
462.50287
452.3952
441.3417
431.24207
420.57678
409.84048
399.9852
391.10773
381.70956
373.08038
364.93076
357.60205
350.45752
343.55136
337.03467
331.17712
325.69147
319.5503
314.51874
309.28384
304.52707
299.9922
295.89838
291.6801
287.66034
284.0746
280.3555
276.7874
273.50946
270.6596
267.17807
264.23676
261.67444
258.6315
256.03046
253.81529
251.17218
248.72424
246.43494
244.20595
242.3415
240.13211
238.14644
236.22742
234.72525
232.82343
230.92348
229.33278
227.96843
226.20656
224.72246
223.6444
221.72618
220.5205
219.22717
217.98749
216.42908
215.07224
213.84613
212.725
211.75204
210.82431
209.46834
208.36276
207.36578
206.53732
205.95927
204.97656
203.78607
202.90549
201.85744
201.03932
200.37291
199.38797
198.80312
197.76141
197.042
196.34277
195.54265
195.33199
194.51923
193.62296
193.06943
192.61412
191.65408
191.29047
