0.781
0.781
0.781
0.781
0.781
0.781
0.781
0.781
0.781
0.781
0.781
0.781
0.781
0.782
0.782
0.782
0.784
0.803
0.801
0.812
0.826
0.834
0.842
0.854
0.859
0.866
0.871
0.875
0.878
0.88
0.88
0.882
0.882
0.882
0.886
0.883
0.887
0.893
0.898
0.899
0.897
0.898
0.902
0.904
0.905
0.903
0.903
0.907
0.908
0.915
0.91
0.92
0.908
0.917
0.925
0.925
0.924
0.922
0.931
0.932
0.929
0.931
0.929
0.937
0.939
0.938
0.932
0.937
0.946
0.947
0.944
0.943
0.945
0.951
0.947
0.951
0.947
0.953
0.953
0.953
0.959
0.944
0.952
0.955
0.958
0.953
0.954
0.96
0.962
0.961
0.962
0.961
0.96
0.961
0.962
0.961
0.961
0.963
0.956
0.965
