565.5807
560.6408
555.4682
550.1997
544.63464
538.7911
532.6609
525.9265
518.7894
511.32993
503.47916
495.22797
486.49518
477.41678
468.31064
458.82895
449.5916
439.94824
430.5211
421.10196
412.4546
403.65387
395.24582
387.57742
380.2727
373.122
366.3667
359.7749
353.6139
347.9738
342.1795
336.46786
331.39096
326.17184
321.71295
316.5904
312.22906
307.8242
303.50134
299.52725
295.59738
291.9148
288.34378
284.69647
281.21814
277.92175
275.0178
271.88623
268.786
265.86572
263.07516
260.53314
257.8691
255.61601
253.13893
251.28166
248.39589
246.30995
244.12854
242.14673
239.984
238.40984
236.11702
234.27391
232.7066
230.89525
229.27057
228.13107
226.11223
224.57536
223.20737
221.74823
220.29907
218.884
217.57483
216.2545
214.95819
213.84541
212.64871
211.53458
210.42987
209.14134
208.14377
207.0987
206.65483
205.13087
204.21776
203.24797
202.99358
201.51659
200.70673
199.75504
199.13301
198.36606
197.44989
196.75748
196.04451
195.22774
194.8244
193.90009
