575.56744
569.64777
564.1819
558.4931
552.5116
546.0138
539.07526
531.00226
522.09015
512.5775
502.2846
491.35883
480.24832
468.8679
457.52283
446.304
435.32086
424.5855
414.13913
404.56958
395.61295
387.02585
378.7189
371.4121
364.24515
357.42566
350.89362
344.66354
338.93417
333.34412
328.51382
322.91092
317.98505
313.35104
308.90936
305.02084
301.4487
296.56647
292.72537
289.0679
285.68243
282.1602
279.94
275.7398
273.1857
270.11765
267.17703
264.20703
261.61282
259.1801
256.2327
253.67648
251.37556
249.42387
246.76907
244.73102
242.83896
240.84143
238.65486
236.92302
235.14864
233.63982
231.16992
229.57666
227.65105
226.04306
224.34906
223.57054
221.47415
220.14279
218.47275
216.98422
215.78339
214.51796
213.16292
212.39305
210.56656
209.37984
208.18222
207.14896
205.95236
204.86487
204.09628
202.76614
201.7311
201.03487
199.99828
199.15233
198.09665
197.20166
196.2013
195.47414
194.6488
193.96863
193.12299
192.49565
191.64493
190.9702
190.26967
189.6648
