571.5572
566.3987
560.53186
555.17865
549.78864
544.1392
538.31036
532.35406
525.9303
519.32263
512.2987
504.9252
496.95142
488.8259
480.2509
471.46512
462.3599
453.01505
444.28244
434.8905
425.8051
416.57797
408.03738
400.063
392.31784
384.311
376.9597
370.00275
363.41245
357.0755
351.14548
345.34155
339.9225
334.79044
329.77075
324.8214
320.1616
315.54944
311.52258
307.01746
303.07196
299.28464
295.27725
291.7622
288.17642
285.05496
281.91876
278.68295
275.40494
272.2287
269.79752
266.82678
264.11383
261.43317
259.18643
256.48648
254.17635
251.87698
249.74117
247.51268
245.63574
243.44386
241.45764
240.05232
238.84064
236.40445
234.58366
233.21378
231.15169
229.86703
228.07552
226.6952
225.24884
223.913
222.6144
221.24037
220.18024
218.75555
218.01347
216.33318
215.28406
214.00304
213.1333
211.87338
210.80672
209.81635
209.16405
207.96436
207.3699
206.12689
205.20616
204.3868
203.49751
202.94688
201.72249
200.98798
200.23285
200.10187
198.74991
198.01625
