0.754
0.754
0.754
0.754
0.754
0.754
0.754
0.754
0.754
0.754
0.758
0.758
0.761
0.765
0.771
0.778
0.778
0.778
0.783
0.812
0.816
0.826
0.838
0.839
0.841
0.842
0.842
0.841
0.846
0.849
0.846
0.857
0.853
0.858
0.868
0.877
0.875
0.873
0.873
0.888
0.886
0.891
0.881
0.9
0.914
0.897
0.903
0.893
0.911
0.919
0.908
0.914
0.916
0.918
0.908
0.919
0.919
0.918
0.922
0.92
0.922
0.92
0.924
0.919
0.92
0.924
0.929
0.929
0.926
0.924
0.933
0.926
0.928
0.929
0.929
0.931
0.931
0.93
0.928
0.932
0.924
0.932
0.932
0.932
0.931
0.93
0.931
0.932
0.932
0.932
0.934
0.932
0.941
0.933
0.937
0.937
0.934
0.933
0.938
0.936
