533.1463
530.4324
527.6817
524.792
521.8732
518.5377
515.20605
511.87558
507.4547
502.95593
498.02136
492.65652
486.88922
480.49207
473.82437
466.6372
459.34256
451.10812
443.05893
434.5107
425.9501
417.33362
408.66956
400.55908
392.17654
383.81516
376.11377
368.50446
361.12085
354.2799
347.61963
341.15894
335.69254
329.5406
324.19476
318.91736
313.90512
309.44824
304.4594
300.05634
295.84094
291.91724
287.9524
284.24948
280.54422
277.13797
273.93262
271.4704
267.42056
264.47687
261.6748
258.8856
256.12027
253.5773
251.25069
249.94151
246.64587
244.36841
242.60362
240.17511
238.25986
236.54478
234.42133
232.60272
230.88997
229.24954
227.78743
225.99864
224.55424
223.0731
221.77357
220.20381
218.85144
217.88861
216.35265
215.1658
213.90633
213.00874
211.76099
210.85374
209.99033
208.63005
207.595
206.64076
205.905
204.81049
204.29146
202.92949
202.23116
201.36658
200.52007
199.73651
199.28152
198.36288
197.437
196.78014
196.00847
195.37486
194.61583
194.4467
