0.2905526
0.2905526
0.26024956
0.2905526
0.294529
0.2905526
0.30097353
0.30865213
0.2905526
0.2905526
0.2905526
0.2998766
0.2683395
0.2905526
0.2905526
0.30508706
0.2905526
0.2905526
0.2905526
0.2905526
0.2905526
0.30124778
0.2905526
0.2905526
0.2905526
0.26024956
0.2905526
0.2905526
0.2905526
0.2905526
0.2905526
0.2905526
0.21568628
0.2905526
0.2905526
0.2905526
0.2905526
0.2905526
0.2905526
0.2905526
0.2905526
0.33443028
0.30947483
0.2905526
0.2905526
0.30371588
0.35513505
0.2905526
0.2905526
0.2905526
0.2905526
0.26024956
0.2905526
0.2905526
0.2905526
0.2905526
0.2905526
0.2905526
0.2905526
0.2930207
0.29384342
0.2905526
0.2905526
0.2905526
0.2905526
0.2998766
0.2905526
0.2905526
0.2905526
0.3392294
0.26024956
0.29699713
0.292198
0.3177019
0.2905526
0.2905526
0.26024956
0.29960236
0.2474976
0.2905526
0.2905526
0.30741808
0.29343206
0.31084603
0.34759358
0.2905526
0.2905526
0.2905526
0.2905526
0.2961744
0.33991498
0.2905526
0.2905526
0.292198
0.292198
0.2905526
0.3053613
0.2905526
0.26024956
0.2905526
0.2905526
0.2905526
0.2905526
0.2905526
0.2905526
0.2905526
0.2683395
0.2905526
0.26024956
0.2905526
0.2905526
0.2905526
0.2905526
0.2905526
0.2905526
0.26024956
0.2905526
0.2905526
0.2905526
0.2905526
0.2905526
0.2905526
0.2905526
0.2905526
0.2905526
0.26024956
0.21568628
0.2905526
0.26024956
0.2905526
0.2905526
0.2905526
0.2905526
0.2905526
0.2905526
0.2905526
0.2905526
0.2905526
0.2905526
0.2905526
0.2905526
0.2905526
0.2905526
0.2905526
0.2905526
0.2905526
0.2905526
0.23351158
0.2905526
0.2905526
0.2905526
0.2905526
0.2905526
0.2905526
0.2905526
0.2905526
0.26024956
0.2905526
0.2905526
0.2905526
0.23351158
0.2905526
0.2905526
0.2905526
0.2905526
0.2905526
0.2905526
0.2905526
0.2905526
0.26024956
0.2905526
0.2905526
0.2905526
0.2905526
0.2905526
0.2905526
0.2905526
0.2905526
0.2905526
0.2905526
0.2905526
0.2905526
0.2905526
0.2905526
0.2905526
0.20691073
0.2905526
0.2905526
0.2905526
0.2905526
0.26024956
0.2905526
0.30824077
0.2905526
0.2905526
0.2905526
0.2905526
0.2905526
0.2905526
0.2905526
0.2905526
0.26024956
0.2905526
0.29315782
0.2905526
0.3229124
0.34978747
0.2905526
0.2905526
0.25915262
0.2905526
0.2905526
0.2960373
0.2905526
0.315508
0.2905526
0.26024956
0.2905526
0.2905526
0.2905526
0.2905526
0.3499246
0.27546963
0.26024956
0.2905526
0.34855342
0.2905526
0.2905526
0.26024956
0.2905526
0.2905526
0.2905526
0.2905526
0.2905526
0.2905526
0.2905526
0.2905526
0.2905526
0.26024956
0.2905526
0.2905526
0.26024956
0.2905526
0.26024956
0.2905526
0.2905526
0.2905526
0.2905526
0.2905526
0.2905526
0.2905526
0.2905526
0.2905526
0.2905526
0.2905526
0.2905526
0.26024956
0.2905526
0.2905526
0.2905526
0.2905526
0.33168793
0.2905526
0.2905526
0.2905526
0.2905526
0.2905526
0.2905526
0.2905526
0.2905526
0.2905526
0.2905526
0.26024956
0.2905526
0.23351158
0.2905526
0.2905526
0.2905526
0.2905526
0.2905526
0.2905526
0.2905526
0.2905526
0.2905526
0.26024956
0.2905526
0.2905526
0.2905526
0.26024956
0.2905526
0.2905526
0.33799535
0.26024956
0.2905526
0.2905526
0.26024956
0.2905526
0.2905526
0.2905526
0.2905526
0.26024956
0.2905526
0.30577266
0.2905526
0.2905526
0.2905526
0.2905526
0.2905526
0.2905526
0.2905526
0.2905526
0.2905526
0.2905526
0.2905526
0.2905526
0.2905526
0.23351158
0.2905526
0.2905526
0.2905526
0.2905526
0.2905526
0.21568628
0.2905526
0.2905526
0.2905526
0.2905526
0.2905526
0.2905526
0.2905526
0.2905526
0.2905526
0.2905526
0.2905526
0.2905526
0.2905526
0.2905526
0.26024956
0.2905526
0.2905526
0.2905526
0.2905526
0.2905526
0.2905526
0.2905526
0.2905526
0.2905526
0.2905526
0.2905526
0.26024956
0.2905526
0.2905526
0.2905526
0.2905526
0.2905526
0.21568628
0.2905526
0.2905526
0.2905526
0.2905526
0.2905526
0.2905526
0.2905526
0.2905526
0.2905526
0.2905526
0.23351158
0.26024956
0.2905526
0.26024956
0.26024956
0.2905526
0.2905526
0.26024956
0.2905526
0.2905526
0.2905526
0.2905526
0.2905526
0.26024956
0.2905526
0.2905526
0.26024956
0.2905526
0.2905526
0.2905526
0.2905526
0.2905526
0.2905526
0.2905526
0.2905526
0.26024956
0.2905526
0.2905526
0.2905526
0.2905526
0.2905526
0.26024956
0.2905526
0.2905526
0.2905526
0.26024956
0.2905526
0.2905526
0.2905526
0.26024956
0.26024956
0.2905526
0.2905526
0.2905526
0.2905526
0.2905526
0.2905526
0.26024956
0.2905526
0.2905526
0.2905526
0.2905526
0.23351158
0.2905526
0.26024956
0.2905526
0.2905526
0.2905526
0.2905526
0.2905526
0.2905526
0.2905526
0.26024956
0.2905526
0.2905526
0.2905526
0.2905526
0.2905526
0.2905526
0.2905526
0.2905526
0.2905526
0.2905526
0.2905526
0.23351158
0.2905526
0.2905526
0.2905526
0.2905526
0.2905526
0.2905526
0.2905526
0.21568628
0.2905526
0.2905526
0.26024956
0.2905526
0.26024956
0.2905526
0.2905526
0.2905526
0.30001372
0.2905526
0.2905526
0.2905526
0.2905526
0.27876046
0.2905526
0.2905526
0.2905526
0.2905526
0.2905526
0.26024956
0.2905526
0.2905526
0.2905526
0.2905526
0.2905526
0.2905526
0.26024956
0.2905526
0.2905526
0.2905526
0.2905526
0.23351158
0.2905526
0.2905526
0.26024956
0.2905526
0.2905526
0.2905526
0.2905526
0.2905526
0.2905526
0.2905526
0.2905526
0.2905526
0.2905526
0.2905526
0.26024956
0.2905526
0.2905526
0.2905526
0.2905526
0.21568628
0.2905526
0.2905526
0.2905526
0.2905526
0.2905526
0.2905526
0.26024956
0.2905526
0.2905526
0.2905526
0.2905526
0.2905526
0.2905526
0.2905526
0.2905526
0.30741808
0.26024956
0.2905526
0.2905526
0.2905526
0.2905526
0.26024956
0.2905526
0.2905526
0.29891676
0.2905526
0.2905526
0.2905526
0.2905526
0.2905526
0.2905526
0.2905526
0.2905526
0.2905526
0.2905526
0.2905526
0.2905526
0.2905526
0.23351158
0.2905526
0.2905526
0.2905526
0.2905526
0.2905526
0.2905526
0.2905526
0.2905526
0.2905526
0.2905526
0.2905526
0.2905526
0.2905526
0.2905526
0.2905526
0.2905526
0.2905526
0.2905526
0.2905526
0.2905526
0.2905526
0.2905526
0.2905526
0.2905526
0.2905526
0.2905526
0.2905526
0.2905526
0.2905526
0.2905526
0.2905526
0.2905526
0.26024956
0.26024956
0.2905526
0.2905526
0.2905526
0.2905526
0.2905526
0.2905526
0.2905526
0.2905526
0.2905526
0.2905526
0.2905526
0.2905526
0.2905526
0.2905526
