0.28493077
0.28246263
0.2905526
0.2905526
0.2905526
0.2905526
0.2905526
0.2905526
0.2905526
0.2905526
0.2905526
0.2905526
0.2905526
0.2905526
0.2905526
0.2905526
0.2905526
0.2905526
0.2905526
0.2905526
0.2905526
0.2905526
0.2905526
0.2905526
0.2905526
0.2905526
0.2905526
0.2905526
0.2905526
0.2905526
0.2905526
0.2905526
0.2905526
0.29164952
0.29247224
0.29356918
0.29548883
0.294529
0.29192376
0.29411766
0.29398054
0.29356918
0.2967229
0.29946524
0.30330455
0.315508
0.31811327
0.3246949
0.3283971
0.33045387
0.3315508
0.32825997
0.325929
0.33347046
0.33964074
0.342246
0.34046346
0.34265736
0.34402853
0.3453997
0.346908
0.34896475
0.35129577
0.3554093
0.35993418
0.363225
0.36295077
0.36336213
0.36541888
0.3687097
0.3732346
0.37515426
0.37885645
0.37926778
0.37885645
0.37954202
0.38063896
0.38296998
0.38914028
0.39270532
0.39352804
0.39435074
0.39517346
0.39558482
0.39613327
0.39668176
0.3984643
0.40655422
0.41039354
0.41203895
0.4125874
0.41354725
0.41382146
0.41382146
0.41382146
0.4140957
0.41491842
0.41656384
0.4171123
0.4187577
0.4186206
0.4224599
0.42808172
0.42931578
0.43205813
0.4326066
0.43384066
0.43397778
0.43356642
0.43425202
0.43054983
0.42931578
0.4309612
0.43370354
0.43397778
0.42657343
0.42533937
0.42753324
0.43137255
0.43589744
0.4393254
0.44289044
0.4472782
0.45002058
0.45166597
0.45317426
0.45481968
0.45605376
0.45660222
0.45632797
0.45632797
0.4571507
0.45824763
0.46098998
0.46716028
0.46894282
0.46962842
0.4725079
0.47360483
0.47470176
0.47442752
0.4741533
0.4740162
0.4725079
0.47141093
0.47072536
0.46839434
0.467983
0.4678459
0.46688604
0.46661183
0.4657891
0.46661183
0.46702316
0.46921706
0.47209653
0.47374195
0.47483888
0.47689566
0.48004937
0.4818319
0.4804607
0.47840396
0.47621006
0.47607294
0.47593582
0.47634718
0.47607294
0.47621006
0.47662142
0.47840396
0.4811463
0.4826546
0.4849856
0.48676813
0.4896476
0.49088168
0.4926642
0.4958179
0.4965035
0.49691486
0.49787468
0.49938297
0.500617
0.50143975
0.50198823
0.50239956
0.5021253
0.5021253
0.5018511
0.5032223
0.5036336
0.5022625
0.5022625
0.50198823
0.50157684
0.50102836
0.50089127
0.50102836
0.50157684
0.50253665
0.5041821
0.50637597
0.5080214
0.5091183
0.50856984
0.50843275
0.5088441
0.5089812
0.50925547
0.50980395
0.5103524
0.511038
0.51227206
0.51282054
0.51378036
0.51474017
0.5157
0.5174825
0.51830524
0.51844233
0.51926506
0.51981354
0.52022487
0.5204991
0.5215961
0.5221445
0.5225559
0.52324146
0.5240642
0.52529824
0.52612096
0.52721786
0.5284519
0.5284519
0.5288633
0.5290004
0.5295489
0.5299602
0.5299602
0.5305087
0.5310572
0.5310572
0.5305087
0.53009737
0.5298231
0.52872616
0.5284519
0.5279035
0.52721786
0.5269436
0.52721786
0.5263952
0.52625805
0.5265323
0.5265323
0.5265323
0.52680653
0.5270808
0.52721786
0.52762926
0.52762926
0.52762926
0.52762926
0.52776635
0.5284519
0.5294118
0.5299602
0.5298231
0.5310572
0.532017
0.5328397
0.53325105
0.5337995
0.5335253
0.53407377
0.53421086
0.53475934
0.5348965
0.5348965
0.5353078
0.53571916
0.53613055
0.5369533
0.53722745
0.53777593
0.5381873
0.53846157
0.53859866
0.5381873
0.53859866
0.53846157
0.53859866
0.53873575
0.5388729
0.5388729
0.5392842
0.5392842
0.5392842
0.5392842
0.53914714
0.5394214
0.5395585
0.5396956
0.5398327
0.5395585
0.53996986
0.5412039
0.541341
0.5412039
0.54106677
0.54106677
0.5409297
0.5407925
0.5409297
0.5407925
0.5407925
0.5409297
0.5407925
0.54106677
0.5412039
0.541341
0.541341
0.541341
0.54161525
0.54147816
0.54161525
0.5418895
0.5418895
0.5418895
0.54175234
0.54175234
0.54175234
0.5421637
0.5421637
0.5423008
0.54257506
