0.3847525
0.45331138
0.56547374
0.6607706
0.7046483
0.7371452
0.74619496
0.819553
0.8409434
0.85753465
0.89236253
0.9005896
0.9019608
0.92239136
0.94172496
0.92993283
0.9465241
0.9621555
0.96352667
0.96270394
0.9633896
0.97189087
0.9698341
0.9771013
0.9801179
0.98039216
0.97751266
0.986014
0.98738515
0.9886192
0.9806664
0.98587686
0.9868367
0.9897162
0.98985326
0.9856026
0.98834497
0.98587686
0.98628825
0.98491704
0.9772385
0.98793364
0.9875223
0.99081314
0.98889345
0.99081314
0.99341834
0.9868367
0.9935555
0.9924585
0.9905389
0.98889345
0.9871109
0.98573977
0.9891677
0.99191004
0.9880707
0.98793364
0.9936926
0.995338
0.9914987
0.99191004
0.9891677
0.99286985
0.9823118
0.99177295
0.9910873
0.9910873
0.99478954
0.9890306
0.9884821
0.9936926
0.9924585
0.9950638
0.99177295
0.98573977
0.9882079
0.9939668
0.9920472
0.99273276
0.9899904
0.9954751
0.98985326
0.9956122
0.98779655
0.99341834
0.9909502
0.989579
0.98628825
0.98779655
0.9875223
0.99437815
0.99081314
0.99588645
0.99629784
0.9971205
0.9952009
0.99328125
0.98944193
0.9925956
0.99341834
0.993007
0.99273276
0.9950638
0.9901275
0.9938297
0.9890306
0.9876594
0.9946524
0.9945153
0.995338
0.9925956
0.99232143
0.99424106
0.9925956
0.9954751
0.99081314
0.9946524
0.9969834
0.9905389
0.9945153
0.9920472
0.995338
0.98944193
0.98875636
0.9968463
0.99670917
0.99328125
0.9961607
0.9952009
0.98944193
0.98587686
0.9891677
0.98875636
0.99492663
0.98985326
0.9935555
0.99026465
0.9960236
0.99122447
0.9950638
0.9954751
0.99286985
0.99437815
0.9965721
0.99177295
0.9897162
0.997669
0.99574935
0.99424106
0.9961607
0.9891677
0.9983546
0.9960236
0.99492663
0.9880707
0.9961607
0.9921843
0.9901275
0.99232143
0.9901275
0.9965721
0.990676
0.9946524
0.99191004
0.98875636
0.9921843
0.9941039
0.98738515
0.9920472
0.9950638
0.9946524
0.993007
0.9924585
0.9939668
0.98944193
0.9983546
0.9914987
0.9952009
0.9909502
0.9954751
0.99574935
0.9925956
0.9960236
0.9897162
0.9946524
0.99424106
0.9964349
0.9956122
0.99574935
0.993007
0.9956122
0.99191004
0.99081314
0.9910873
0.9956122
0.99122447
0.9941039
0.9941039
0.9968463
0.9950638
0.9969834
0.9960236
0.9945153
0.9956122
0.9905389
0.99437815
0.99136156
0.98944193
0.99437815
0.99670917
0.99588645
0.9968463
0.9965721
0.99286985
0.995338
0.99588645
0.9910873
0.99081314
0.9920472
0.99122447
0.99492663
0.9914987
0.99232143
0.98889345
0.9936926
0.99341834
0.99424106
0.990676
0.99328125
0.9936926
0.9875223
0.99424106
0.9975319
0.99424106
0.99081314
0.9961607
0.9956122
0.9910873
0.99191004
0.9936926
0.99081314
0.9845057
0.9938297
0.9880707
0.9886192
0.9939668
0.9945153
0.99574935
0.98738515
0.98793364
0.990676
0.99122447
0.9952009
0.9961607
0.9983546
0.99424106
0.9921843
0.9969834
0.9941039
0.990676
0.9936926
0.993007
0.99122447
0.9969834
0.9916358
0.993007
0.9924585
0.9925956
0.9983546
0.9938297
0.9925956
0.9935555
0.9866996
0.99136156
0.99122447
0.98834497
0.98724806
0.99341834
0.9901275
0.98793364
0.99136156
0.99588645
0.99026465
0.9890306
0.99136156
0.99492663
0.9968463
0.99670917
0.9935555
0.9971205
0.9954751
0.9968463
0.9931441
0.99122447
0.995338
0.9909502
0.9946524
0.99328125
0.99629784
0.9961607
0.9960236
0.99478954
0.99122447
0.99424106
0.9968463
0.9971205
0.993007
0.9939668
0.99588645
0.9921843
0.9854655
0.9975319
0.9941039
0.9935555
0.98875636
0.9936926
0.9975319
0.98738515
0.9868367
0.9941039
0.9920472
0.99739474
0.9875223
0.9964349
0.9954751
0.9964349
0.99191004
0.99081314
0.9983546
0.995338
0.993007
0.99026465
0.9956122
0.99670917
0.9965721
0.9910873
0.99670917
0.9965721
0.9921843
0.9956122
0.9956122
0.9956122
0.9931441
0.99273276
0.9925956
0.9909502
0.99437815
0.99437815
0.9968463
0.9960236
0.99574935
0.99492663
0.98985326
0.9924585
0.9961607
0.9975319
0.99191004
0.9941039
0.9931441
0.9965721
0.99492663
0.9956122
0.99286985
0.9931441
0.9952009
0.9975319
0.99026465
0.99328125
0.99670917
0.9956122
0.99328125
0.99478954
0.995338
0.99588645
0.9983546
0.9971205
0.99780613
0.99821746
0.9969834
0.99286985
0.99670917
0.9954751
0.99629784
0.99588645
0.9931441
0.9956122
0.99122447
0.9901275
0.9965721
0.99328125
0.9956122
0.9941039
0.99725765
0.9945153
0.99629784
0.99588645
0.9925956
0.997669
0.9952009
0.9945153
0.9946524
0.99492663
0.9945153
0.9983546
0.9952009
0.98889345
0.9945153
0.9983546
0.9910873
0.9939668
0.99725765
0.9954751
0.99437815
0.99588645
0.99725765
0.99670917
0.9924585
0.99588645
0.9910873
0.9938297
0.9941039
0.99588645
0.99670917
0.989579
0.9965721
0.9921843
0.9920472
0.99670917
0.98930484
0.993007
0.99739474
0.9961607
0.99478954
0.9939668
0.9931441
0.99588645
0.99273276
0.9946524
0.990676
0.9939668
0.9952009
0.9945153
0.99629784
0.9925956
0.99725765
0.99232143
0.9968463
0.99670917
0.99273276
0.9925956
0.997669
0.99492663
0.9983546
0.9939668
0.99081314
0.9939668
0.99232143
0.99328125
0.99341834
0.99588645
0.99424106
0.99574935
0.99122447
0.99574935
0.9983546
0.98340875
0.9950638
0.995338
0.9950638
0.9975319
0.99328125
0.9983546
0.9960236
0.99629784
0.99588645
0.98656243
0.9938297
0.9961607
0.9956122
0.99574935
0.99670917
0.9924585
0.9954751
0.9946524
0.99122447
0.9971205
0.9964349
0.995338
0.99437815
0.9965721
0.99136156
0.9920472
0.9936926
0.99780613
0.9960236
0.9925956
0.9983546
0.99492663
0.9924585
0.993007
0.9983546
0.9936926
0.9956122
0.99574935
0.99629784
0.99122447
0.9983546
0.9954751
0.9941039
0.9950638
0.9952009
0.99670917
0.99081314
0.9961607
0.99341834
0.99629784
0.9941039
0.99670917
0.99424106
0.995338
0.9921843
0.9931441
0.9946524
0.9924585
0.99588645
0.99588645
0.99328125
0.99492663
0.9941039
0.9936926
0.99232143
0.9954751
0.99273276
0.99232143
0.9939668
0.99574935
0.99629784
0.9956122
0.9914987
0.9950638
0.99478954
0.99136156
0.99574935
0.99670917
0.99286985
0.989579
0.9946524
0.9950638
0.99780613
0.99492663
0.9952009
0.9961607
0.9897162
0.9971205
0.990676
0.995338
0.99191004
0.9916358
0.9931441
0.9960236
0.9920472
0.9938297
0.9924585
0.9931441
0.993007
0.99478954
0.9983546
0.9945153
0.99574935
0.99424106
0.9956122
0.9964349
0.99739474
0.99191004
0.9983546
0.99574935
0.9938297
0.9971205
0.99232143
0.9939668
0.9936926
0.99232143
0.9897162
0.9950638
0.9935555
0.99437815
0.995338
0.9983546
0.9910873
0.9965721
0.9924585
0.9980804
0.99478954
0.9941039
0.993007
0.99670917
0.9935555
0.99670917
0.99437815
0.99191004
0.9910873
0.99670917
0.993007
0.9920472
0.9956122
0.99328125
0.99670917
0.99122447
0.9971205
0.9950638
0.9964349
0.99478954
0.9945153
0.99629784
0.9954751
0.99424106
0.9941039
0.9931441
0.9969834
0.99478954
0.99177295
0.9939668
0.99725765
0.99670917
0.9945153
0.9931441
0.995338
0.9954751
0.9960236
0.99437815
0.9969834
0.993007
0.9968463
0.99588645
0.9925956
0.9983546
0.99588645
0.99670917
0.9960236
0.99670917
0.99437815
0.9880707
0.9914987
0.995338
0.9952009
0.98944193
0.9964349
0.9971205
0.9946524
0.9983546
0.99821746
0.9921843
0.99478954
0.9975319
0.99739474
0.9925956
0.99424106
0.9924585
0.9952009
0.9983546
0.99670917
0.9983546
0.9941039
0.9941039
0.9935555
0.99574935
0.9954751
0.9909502
0.9939668
0.9936926
0.99191004
0.9971205
0.9909502
0.98642534
0.99670917
0.99177295
0.9938297
0.9909502
0.9946524
0.9935555
0.99478954
0.9960236
0.9952009
0.99574935
0.99629784
0.9961607
0.99478954
0.9931441
0.9979432
0.99780613
0.99574935
0.99574935
0.99725765
0.997669
0.9965721
0.9968463
0.99424106
0.9931441
0.99574935
0.99574935
0.9920472
0.9952009
0.99588645
0.99286985
0.9956122
0.9968463
0.99437815
0.990676
0.9968463
0.9983546
0.9964349
0.99670917
0.99424106
0.99191004
0.99629784
0.9950638
0.9983546
0.9965721
0.9924585
0.9936926
0.99629784
0.9971205
0.9956122
0.9946524
0.9961607
0.9975319
0.9961607
0.99437815
0.9931441
0.99629784
0.9924585
0.9965721
0.9950638
0.99725765
0.9983546
0.9941039
0.9983546
0.9924585
0.993007
0.9939668
0.9916358
0.9936926
0.99478954
0.99780613
0.9956122
0.9935555
0.99670917
0.99588645
0.99492663
0.99478954
0.9936926
0.99670917
0.99780613
0.9905389
0.9965721
0.997669
0.9950638
0.99588645
0.9945153
0.9971205
0.9956122
0.99286985
0.9952009
0.99574935
0.9983546
0.9983546
0.99670917
0.99588645
0.99670917
0.9960236
0.99286985
0.9964349
0.99588645
0.9954751
0.99670917
0.99574935
0.9980804
0.9954751
0.98889345
0.9965721
0.9938297
0.9965721
0.99191004
0.9956122
0.9983546
0.99739474
0.9954751
0.9983546
0.99136156
0.9983546
0.99670917
0.9969834
0.9952009
0.9952009
0.9983546
0.99437815
0.99670917
0.9950638
0.99739474
0.99574935
0.99739474
0.99670917
0.99191004
0.9960236
0.9909502
0.99739474
0.9961607
0.99739474
0.9936926
0.9964349
0.9952009
0.9971205
0.9946524
0.9954751
0.9983546
0.99739474
0.9968463
0.9856026
0.99629784
0.99437815
0.9956122
0.995338
0.9946524
0.9869738
0.9945153
0.9965721
0.99629784
0.99437815
0.99437815
0.9971205
0.99670917
0.99574935
0.99670917
0.9938297
0.99136156
0.9980804
0.9954751
0.99437815
0.9954751
0.9950638
0.997669
0.9952009
0.9956122
0.995338
0.99588645
0.9968463
0.99478954
0.9961607
0.9941039
0.9983546
0.9968463
0.99424106
0.99437815
0.99492663
0.9954751
0.9931441
0.9952009
0.9920472
0.9925956
0.99437815
0.9939668
0.9968463
0.99739474
0.99437815
0.9956122
0.9961607
0.9939668
0.9965721
0.98930484
0.99437815
0.9971205
0.9924585
0.9952009
0.9983546
0.9983546
0.9920472
0.9983546
0.9969834
0.9924585
0.9950638
0.99670917
0.9960236
0.9954751
0.99739474
0.99232143
0.99574935
0.9964349
0.99341834
0.9956122
0.993007
0.9952009
0.99670917
0.99629784
0.99437815
0.9965721
0.99670917
0.9983546
0.99424106
0.995338
0.9961607
0.9950638
0.99725765
0.9920472
0.99437815
0.9954751
0.9964349
0.9952009
0.9983546
0.990676
0.9945153
0.99588645
0.9945153
0.9938297
0.9945153
0.99725765
0.9945153
0.9960236
0.9925956
0.9961607
0.9983546
0.995338
0.99574935
0.99588645
0.9969834
0.9938297
0.9971205
0.9968463
0.99670917
0.9969834
0.9961607
0.9975319
0.9983546
0.99670917
0.9968463
0.9964349
0.9975319
0.99232143
0.9952009
0.9983546
0.997669
0.9925956
0.99492663
0.9910873
0.99437815
0.9960236
0.99232143
0.99780613
0.9946524
0.9924585
0.9983546
0.99191004
0.9945153
0.9975319
0.99341834
0.9983546
0.99136156
0.9983546
0.9968463
0.99670917
0.99629784
0.99437815
0.99725765
0.9952009
0.99725765
0.9968463
0.99739474
0.997669
0.9983546
0.9960236
0.9931441
0.9983546
0.99670917
0.99437815
0.9964349
0.99670917
0.9950638
0.9936926
0.9941039
0.99588645
0.9941039
0.9965721
0.9983546
0.99670917
0.9980804
0.9941039
0.99424106
0.9975319
0.9983546
0.99670917
0.9910873
0.9964349
0.9975319
0.9952009
0.9921843
0.99588645
0.99574935
0.99574935
0.9950638
0.995338
0.9983546
0.9983546
0.9975319
0.9965721
0.9956122
0.99588645
0.99437815
0.9968463
0.9924585
0.99424106
0.9969834
0.9941039
0.9941039
0.99588645
0.99670917
0.99492663
0.9921843
0.99492663
0.9954751
0.9979432
0.9971205
0.9964349
0.9971205
0.9950638
0.9961607
0.9914987
0.9964349
0.9946524
0.9941039
0.9968463
0.9960236
0.9983546
0.9983546
0.9961607
0.99725765
0.99725765
0.9956122
0.9961607
0.9968463
0.9910873
0.99492663
0.9954751
0.9954751
0.9924585
0.9971205
0.99341834
0.99574935
0.9910873
0.9869738
0.9891677
0.9983546
0.99725765
0.99328125
0.9954751
0.9938297
0.99424106
0.9961607
0.9969834
0.99574935
0.9921843
0.9983546
0.99670917
0.9952009
0.9964349
0.99670917
0.99341834
0.9945153
0.99629784
0.9936926
0.9983546
0.9950638
0.9924585
0.99177295
0.9952009
0.9971205
0.9983546
0.9956122
0.99670917
0.9938297
0.99739474
0.9935555
0.99424106
0.98779655
0.9952009
0.9965721
0.99821746
0.99574935
0.990676
0.99670917
0.995338
0.997669
0.9964349
0.9964349
0.9954751
0.99081314
0.9914987
0.9945153
0.9975319
0.99574935
0.9941039
0.9983546
0.99574935
0.9975319
0.9969834
0.9983546
0.99492663
0.9983546
0.99670917
0.9983546
0.9983546
0.9952009
0.9950638
0.9979432
0.9965721
0.993007
0.99739474
0.9983546
0.9954751
0.9950638
0.99670917
0.9939668
0.9983546
0.99670917
0.9961607
0.9946524
0.9983546
0.9975319
0.997669
0.99424106
0.9924585
0.9952009
0.9971205
0.9936926
0.9983546
0.9952009
0.9983546
0.99739474
0.9961607
0.9964349
0.995338
0.9921843
0.9952009
0.99670917
0.9946524
0.9952009
0.9975319
0.9935555
0.99328125
0.9983546
0.9968463
0.99478954
0.9931441
0.9975319
0.98930484
0.99588645
0.9956122
0.9983546
0.9956122
0.99574935
0.99232143
0.9954751
0.993007
0.9964349
0.9950638
0.99478954
0.99122447
0.99341834
0.99670917
0.99574935
0.9936926
0.9924585
0.9950638
0.99328125
0.9946524
0.99437815
0.99670917
0.98875636
0.99670917
0.99026465
0.99588645
0.9946524
0.9954751
0.99670917
0.9956122
0.9965721
0.99670917
0.9971205
0.9968463
0.9935555
0.9954751
0.9931441
0.995338
0.99492663
0.9952009
0.9924585
0.9961607
0.9983546
0.9945153
0.9950638
0.9939668
0.9936926
0.9971205
0.9914987
0.99286985
0.9961607
0.997669
0.99725765
0.9935555
0.9925956
0.99424106
0.9925956
0.9969834
0.99739474
0.98889345
0.9935555
0.99574935
0.99574935
0.9971205
0.9971205
0.9983546
0.99670917
0.995338
0.9960236
0.9960236
0.997669
0.9969834
0.9956122
0.995338
0.9983546
0.9950638
0.9983546
0.99177295
0.99670917
0.99725765
0.9983546
0.99574935
0.99273276
0.9946524
0.9961607
0.9914987
0.9936926
0.995338
0.9954751
0.99328125
0.9983546
0.99286985
0.9920472
0.9945153
0.99629784
0.99629784
0.99286985
0.9950638
0.99670917
0.9983546
0.9961607
0.9946524
0.99341834
0.9971205
0.99670917
0.9950638
0.99191004
0.9971205
0.99588645
0.99588645
0.99273276
0.9983546
0.9939668
0.9914987
0.99492663
0.99670917
0.9931441
0.9946524
0.9950638
0.995338
0.99670917
0.9945153
0.99588645
0.9960236
0.9950638
0.9954751
0.9952009
0.9983546
0.99492663
0.99286985
0.99424106
0.9964349
0.9968463
0.9960236
0.9980804
0.9968463
0.99136156
0.997669
0.99739474
0.9921843
0.9961607
0.9968463
0.99574935
0.99629784
0.997669
0.99670917
0.99437815
0.9921843
0.99739474
0.9983546
0.9945153
0.99670917
0.98944193
0.9975319
0.99725765
0.9971205
0.99424106
0.99574935
0.9960236
0.9968463
0.99588645
0.99437815
0.9925956
0.9965721
0.99273276
0.99492663
0.9975319
0.9983546
0.9946524
0.9961607
0.9941039
0.9956122
0.9936926
0.9924585
0.99574935
0.9979432
0.99574935
0.9983546
0.99629784
0.99232143
0.9969834
0.9975319
0.9956122
0.99492663
0.9961607
0.99670917
0.99574935
0.9983546
0.99574935
0.9956122
0.9969834
0.99739474
0.9952009
0.9936926
0.99670917
0.9960236
0.9960236
0.99191004
0.9952009
0.9950638
0.9968463
0.9916358
0.99478954
0.9983546
0.99341834
0.9975319
0.9961607
0.9961607
0.9964349
0.99437815
0.997669
0.99081314
0.9968463
0.99588645
0.9960236
0.990676
0.99574935
0.99739474
0.9950638
0.9983546
0.99492663
0.99081314
0.9954751
0.9946524
0.990676
0.99478954
0.99725765
0.9983546
0.9983546
0.9968463
0.9956122
0.9956122
0.9975319
0.9924585
0.99670917
0.997669
0.9983546
0.99725765
0.9961607
0.9936926
0.995338
0.99670917
0.99670917
0.9941039
0.9936926
0.9979432
0.99588645
0.99670917
0.99177295
0.9983546
0.99424106
0.99780613
0.99739474
0.9936926
0.9952009
0.9983546
0.9950638
0.99574935
0.99725765
0.9916358
0.9964349
0.9979432
0.99739474
0.9969834
0.9946524
0.99437815
0.9983546
0.9979432
0.99026465
0.9980804
0.9946524
0.9968463
0.997669
0.9983546
0.99574935
0.997669
0.9983546
0.997669
0.9938297
0.9971205
0.9956122
0.99629784
0.9980804
0.9939668
0.99574935
0.9964349
0.99629784
0.99478954
0.99478954
0.99670917
0.99670917
0.9979432
0.9921843
0.9924585
0.99122447
0.9941039
0.9909502
0.99328125
0.99574935
0.99670917
0.99574935
0.99437815
0.9968463
0.99191004
0.9971205
0.9946524
0.99725765
0.99122447
0.99273276
0.99780613
0.9964349
0.99725765
0.9965721
0.99739474
0.9956122
0.99780613
0.99177295
0.9938297
0.98875636
0.9961607
0.9969834
0.99437815
0.9975319
0.99588645
0.9983546
0.99725765
0.9980804
0.9954751
0.99670917
0.99588645
0.99588645
0.9968463
0.9965721
0.9936926
0.9945153
0.99588645
0.9954751
0.99629784
0.9960236
0.99670917
0.9950638
0.9956122
0.9983546
0.99725765
0.9964349
0.99574935
0.9983546
0.99492663
0.9964349
0.9946524
0.9983546
0.9939668
0.9956122
0.9961607
0.99670917
0.9983546
0.9921843
0.99725765
0.99629784
0.9941039
0.9936926
0.99670917
0.9983546
0.99725765
0.9969834
0.9964349
0.9968463
0.9983546
0.9954751
0.99739474
0.9939668
0.9964349
0.995338
0.99739474
0.9945153
0.98985326
0.99670917
0.99574935
0.99821746
0.9961607
0.9956122
0.99670917
0.99588645
0.9954751
0.9914987
0.9935555
0.99670917
0.9983546
0.9983546
0.9968463
0.99492663
0.9954751
0.9965721
0.9968463
0.993007
0.99177295
0.99629784
0.9924585
0.9969834
0.99739474
0.9916358
0.9975319
0.99328125
0.9968463
0.9952009
0.9983546
0.9983546
0.9952009
0.9925956
0.99821746
0.99725765
0.99588645
0.9965721
0.99437815
0.99670917
0.99478954
0.99588645
0.99122447
0.99437815
0.9968463
0.9965721
0.99136156
0.9945153
0.9954751
0.9983546
0.9971205
0.99328125
0.99670917
0.995338
0.9960236
0.99177295
0.9971205
0.9983546
0.9961607
0.99670917
0.997669
0.9968463
0.9921843
0.99725765
0.99725765
0.9965721
0.99670917
0.9983546
0.9938297
0.9945153
0.9950638
0.99725765
0.9956122
0.9983546
0.9983546
0.9968463
0.9925956
0.9950638
0.9983546
0.9969834
0.9936926
0.9971205
0.9961607
0.99437815
0.9950638
0.99670917
0.99670917
0.99328125
0.9954751
0.99478954
0.99780613
0.9960236
0.99424106
0.99629784
0.9920472
0.9936926
0.9964349
0.995338
0.9936926
0.9901275
0.99588645
0.9952009
0.99739474
0.99232143
0.9920472
0.99739474
0.9952009
0.99424106
0.9914987
0.9983546
0.9964349
0.99191004
0.99492663
0.99081314
0.99437815
0.9964349
0.99670917
0.9960236
0.9960236
0.99191004
0.9971205
0.9954751
0.99492663
0.9924585
0.9983546
0.99670917
0.9980804
0.9939668
0.99437815
0.99437815
0.9983546
0.9983546
0.9983546
0.99670917
0.99725765
0.99670917
0.9975319
0.99739474
0.9983546
0.99670917
0.99437815
0.9961607
0.9983546
0.99437815
0.99574935
0.9952009
0.99670917
0.99670917
0.99670917
0.99670917
0.99670917
0.9983546
0.9956122
0.9960236
0.9983546
0.9969834
0.9941039
0.99478954
0.9983546
0.993007
0.9971205
0.99177295
0.99670917
0.99177295
0.995338
0.9983546
0.99232143
0.99670917
0.99273276
0.9914987
0.9964349
0.9941039
0.9936926
0.99739474
0.9931441
0.9971205
0.9952009
0.99739474
0.99273276
0.9983546
0.9983546
0.9941039
0.99588645
0.99725765
0.99328125
0.99739474
0.995338
0.99670917
0.99492663
0.99588645
0.9968463
0.9952009
0.9983546
0.99574935
0.99739474
0.99725765
0.99739474
0.9946524
0.9969834
0.9983546
0.995338
0.9983546
0.9983546
0.99286985
0.9983546
0.9920472
0.99424106
0.9983546
0.9971205
0.99424106
0.9952009
0.9952009
0.9983546
0.9936926
0.99191004
0.99574935
0.99725765
0.9983546
0.99670917
0.9956122
0.9971205
0.9971205
0.9983546
0.9954751
0.9975319
0.99739474
0.9979432
0.9938297
0.9968463
0.99670917
0.99670917
0.9946524
0.995338
0.9960236
0.99670917
0.9968463
0.99424106
0.9969834
0.9909502
0.9983546
0.9916358
0.99424106
0.99574935
0.9971205
0.99588645
0.9983546
0.99588645
0.9939668
0.9921843
0.9965721
0.9964349
0.9952009
0.99670917
0.9971205
0.9968463
0.9965721
0.99136156
0.99177295
0.9964349
0.99739474
0.9916358
0.9971205
0.99780613
0.995338
0.9983546
0.9983546
0.9954751
0.99588645
0.9936926
0.99739474
0.99780613
0.9954751
0.9983546
0.9975319
0.9945153
0.9983546
0.9983546
0.99629784
0.99629784
0.9965721
0.99670917
0.99739474
0.9971205
0.9960236
0.9961607
0.9954751
0.995338
0.99629784
0.9983546
0.9980804
0.99780613
0.9983546
0.9969834
0.9969834
0.9945153
0.9916358
0.9971205
0.99574935
0.99424106
0.99739474
0.99191004
0.99478954
0.9946524
0.9941039
0.9950638
0.9983546
0.9956122
0.9952009
0.9954751
0.990676
0.99177295
0.99670917
0.9983546
0.9964349
0.9936926
0.99341834
0.9983546
0.99232143
0.99670917
0.9960236
0.9983546
0.9941039
0.99629784
0.99492663
0.99725765
0.993007
0.9950638
0.9983546
0.995338
0.9961607
0.9975319
0.9905389
0.9924585
0.99670917
0.9938297
0.99424106
0.9936926
0.9960236
0.99670917
0.9983546
0.997669
0.9960236
0.9965721
0.9956122
0.9952009
0.9914987
0.995338
0.9983546
0.99273276
0.9968463
0.99437815
0.9938297
0.9968463
0.9954751
0.99670917
0.9975319
0.9925956
0.9983546
0.99670917
0.9971205
0.9983546
0.9975319
0.9916358
0.9975319
0.9935555
0.99670917
0.99588645
0.9956122
0.99670917
0.99136156
0.9952009
0.99629784
0.9968463
0.99040174
0.9964349
0.9983546
0.9939668
0.99040174
0.9920472
0.9983546
0.9968463
0.99492663
0.9965721
0.9945153
0.99670917
0.99780613
0.99670917
0.9979432
