0.35952282
0.45907035
0.5582065
0.60482657
0.65802824
0.7121898
0.7386535
0.776498
0.8196901
0.83326477
0.86946386
0.8697381
0.8870149
0.8944193
0.9148499
0.94186205
0.94076514
0.95269436
0.9535171
0.9539284
0.9565337
0.97408473
0.97792405
0.97792405
0.9842315
0.97888386
0.9816262
0.98354584
0.9869738
0.98889345
0.9916358
0.99492663
0.9853284
0.9938297
0.9935555
0.9965721
0.99574935
0.9983546
0.9956122
0.9950638
0.995338
0.99821746
0.9901275
0.9945153
0.99725765
0.99273276
0.9946524
0.99574935
0.9968463
0.9935555
0.9998629
0.9964349
0.9968463
0.9983546
0.99437815
0.99739474
0.99725765
0.9961607
0.9975319
0.9983546
0.9968463
0.99739474
0.9983546
0.99725765
0.99574935
1.0
0.9983546
0.99670917
0.9961607
0.9983546
0.9941039
0.9983546
0.9983546
0.9956122
0.9969834
1.0
0.99588645
0.9983546
0.99588645
0.99725765
0.99588645
