0.31482244
0.32400933
0.3530783
0.39531058
0.44206774
0.5229672
0.5487454
0.5944056
0.627451
0.64404225
0.6683121
0.6934046
0.71287537
0.73673385
0.74605787
0.76744825
0.7844508
0.79610586
0.8018648
0.8095434
0.83436173
0.8450569
0.8528726
0.8597285
0.87686825
0.88536954
0.89921844
0.9097765
0.9177293
0.9229398
0.92499655
0.9322638
0.93541753
0.94172496
0.9459756
0.9480324
0.9528315
0.95667076
0.9574935
0.96023583
0.96119565
0.96352667
0.9647607
0.97051966
0.97093105
0.97257644
0.9762786
0.97669
0.98505414
0.9823118
0.9875223
0.9871109
0.98889345
0.9890306
0.98985326
0.99040174
0.9909502
0.9914987
0.9910873
0.99122447
0.99081314
0.9914987
0.9941039
0.99492663
0.99232143
0.9931441
0.99328125
0.99341834
0.9968463
0.9961607
0.9968463
0.9971205
0.9969834
0.9971205
0.99588645
0.9971205
0.99725765
0.997669
0.9983546
0.9983546
0.9983546
0.9983546
0.99725765
0.9983546
0.99725765
0.9983546
0.9983546
0.9983546
0.9983546
0.99725765
0.9983546
0.9983546
0.9983546
0.9983546
0.997669
0.997669
0.9983546
0.9975319
0.9983546
0.99739474
0.9983546
0.9983546
0.9983546
0.9983546
0.9983546
0.9983546
0.9983546
0.9983546
0.9983546
0.9983546
0.9983546
0.9983546
0.9983546
0.9983546
0.9983546
0.9983546
0.9983546
0.9983546
0.9983546
0.9983546
0.9983546
0.9983546
0.9983546
0.9983546
0.9983546
0.9983546
0.9983546
0.9983546
0.9983546
0.9983546
0.9983546
0.9983546
0.9983546
0.9983546
0.9983546
0.9983546
0.9983546
0.9983546
0.9983546
0.9983546
0.9983546
0.9983546
0.9983546
0.9983546
0.9983546
0.9983546
0.9983546
0.9983546
0.9983546
0.9983546
0.9983546
0.9983546
0.9983546
0.9983546
0.9983546
0.9983546
0.9983546
0.9983546
0.9983546
0.9975319
0.9983546
0.9983546
0.9975319
0.9983546
0.9983546
0.9983546
0.9983546
0.9983546
0.9983546
0.9983546
0.9983546
0.9983546
0.9983546
0.9983546
0.9983546
0.9983546
0.997669
0.9983546
0.9983546
0.9983546
0.9983546
0.9983546
0.9983546
0.9983546
0.9983546
0.9983546
0.9983546
0.9983546
0.9983546
0.9983546
0.9983546
0.9983546
0.9983546
0.9983546
0.9983546
0.9983546
0.9983546
0.9983546
0.9983546
0.9983546
0.9983546
0.9983546
0.9983546
0.9983546
0.9983546
0.9983546
0.9983546
0.9983546
0.9983546
0.9983546
0.9983546
0.9983546
0.9983546
0.9983546
0.9983546
0.9983546
0.9983546
0.9983546
0.9983546
0.9983546
0.9983546
0.9983546
0.9983546
0.9983546
0.9983546
0.9983546
0.9983546
0.9983546
0.9983546
0.9983546
0.9983546
0.9983546
0.9983546
0.9983546
0.9983546
0.9983546
0.9983546
0.9983546
0.9983546
0.9983546
0.9983546
0.997669
0.9983546
0.9975319
0.9983546
0.9983546
0.9983546
0.9983546
0.9983546
0.9983546
0.9983546
0.9983546
0.9983546
0.9983546
0.9983546
0.9983546
0.9983546
0.9983546
0.9983546
0.9983546
0.9983546
0.9983546
0.9983546
0.9983546
0.9983546
0.9983546
0.9983546
0.9983546
0.9983546
0.9983546
0.9983546
0.9983546
0.9983546
0.9983546
0.9983546
0.9983546
0.9983546
0.9983546
0.9983546
0.9983546
0.9983546
0.9983546
0.9983546
0.9983546
0.9983546
0.9983546
0.9983546
0.9983546
0.9983546
0.9983546
0.9983546
0.9983546
0.9983546
0.9983546
0.9983546
0.9983546
0.9983546
0.9983546
0.9983546
0.9983546
0.9983546
0.9983546
0.9983546
0.9983546
0.9983546
0.9983546
0.9983546
0.9983546
0.9983546
0.9983546
0.9983546
0.9983546
0.9983546
0.9983546
0.9983546
0.9983546
0.9983546
0.99739474
0.9983546
0.9983546
0.9983546
0.9983546
0.9983546
0.9983546
0.99780613
0.9983546
0.9983546
0.9983546
0.9983546
0.9983546
0.9983546
0.9983546
0.9983546
0.9983546
0.9983546
0.9983546
0.9983546
0.9983546
0.9983546
0.9983546
0.9983546
0.9983546
0.9983546
0.9983546
0.9983546
0.9983546
0.9983546
0.9983546
0.9983546
0.9983546
0.9983546
0.9983546
0.9983546
0.9983546
0.9983546
0.9983546
0.9983546
0.9983546
0.9983546
0.9983546
0.9983546
0.9983546
0.9983546
0.9983546
0.9983546
0.9983546
0.9983546
0.9983546
0.9983546
0.9983546
0.9983546
0.9983546
0.9983546
0.9983546
0.9983546
0.9983546
0.9983546
0.9983546
0.9983546
0.9983546
0.9983546
0.9983546
0.9983546
0.9983546
0.9983546
0.9983546
0.9983546
0.9983546
0.9983546
0.9983546
0.9983546
0.9983546
0.9983546
0.9983546
0.9983546
0.9983546
0.9983546
0.9983546
0.9983546
0.9983546
0.9983546
0.9983546
0.9983546
0.9983546
0.9983546
0.9983546
0.9983546
0.9983546
0.9983546
0.9983546
0.9983546
0.9983546
0.9983546
0.9983546
0.9983546
0.9983546
0.9983546
0.9983546
0.9983546
0.9983546
0.9983546
0.9983546
0.9983546
0.9983546
0.9983546
0.9983546
0.9983546
0.9983546
0.9983546
0.9983546
0.9983546
0.9983546
0.9983546
0.9983546
0.9983546
0.9983546
0.9983546
0.9983546
0.9983546
0.9983546
0.9983546
0.9983546
0.9983546
0.9983546
0.9983546
0.9983546
0.9983546
0.9983546
0.9983546
0.9983546
0.9983546
0.9983546
0.9983546
0.9983546
0.9983546
0.9983546
0.9983546
0.9983546
0.9983546
0.9983546
0.9983546
0.9983546
0.9983546
0.9983546
0.9983546
0.9983546
0.9983546
0.9983546
0.9983546
0.9975319
0.9983546
0.9983546
0.9983546
0.9983546
0.9983546
0.9983546
0.9983546
0.9983546
0.9983546
0.9983546
0.9983546
0.9983546
0.9983546
0.9983546
0.9983546
0.9983546
0.9983546
0.9983546
0.9983546
0.9983546
0.9983546
0.9983546
0.9983546
0.9983546
0.9983546
0.9983546
0.9983546
0.9983546
0.9983546
0.9983546
0.9983546
0.9983546
0.9983546
0.9983546
0.9983546
0.9983546
0.9983546
0.9983546
0.9983546
0.9983546
0.9983546
0.9983546
0.9983546
0.9983546
0.9983546
0.9983546
0.9983546
0.9983546
0.9983546
0.9983546
0.9983546
0.9983546
0.9983546
0.9983546
0.9983546
0.9983546
0.9983546
0.9983546
0.9983546
0.9983546
0.9983546
0.9983546
0.9983546
0.9983546
0.9983546
0.9983546
0.9983546
0.9983546
0.9983546
0.9983546
0.9983546
0.9983546
0.9983546
0.9983546
0.9983546
0.9983546
0.9983546
0.9983546
0.9983546
0.9983546
0.9983546
0.9983546
0.9983546
0.9983546
0.9983546
0.9983546
0.9983546
0.9983546
0.9983546
0.9983546
0.9983546
0.9983546
0.9983546
0.9983546
0.9983546
0.9983546
0.9983546
0.9983546
0.9983546
0.9983546
0.9983546
0.9983546
0.9983546
0.9983546
0.9983546
0.9983546
0.9983546
0.9983546
0.9983546
0.9983546
0.9983546
0.9983546
0.9983546
0.9983546
0.9983546
0.9983546
0.9983546
0.9983546
0.9983546
0.9983546
0.9983546
0.9983546
0.9983546
0.9983546
0.9983546
0.9983546
0.9983546
0.9983546
0.9983546
0.9983546
0.9983546
0.9983546
0.9983546
0.9983546
0.9983546
0.9983546
0.9983546
0.9983546
0.9983546
0.9983546
0.9983546
0.9983546
0.9983546
0.9983546
0.9983546
0.9983546
0.9983546
0.9983546
0.9983546
0.9983546
0.9983546
0.9983546
0.9983546
0.9983546
0.9983546
0.9983546
0.9983546
0.9983546
0.9983546
0.9983546
0.9983546
0.9983546
0.9983546
0.9983546
0.9983546
0.9983546
0.9983546
0.9983546
0.9983546
0.9983546
0.9983546
0.9983546
0.9983546
0.9983546
0.9983546
0.9983546
0.9983546
0.9983546
0.9983546
0.9983546
0.9983546
0.9983546
0.9983546
0.9983546
0.9983546
0.9983546
0.9983546
0.9983546
0.9983546
0.9983546
0.9983546
0.9983546
0.9983546
0.9983546
0.9983546
0.9983546
0.9983546
0.9983546
0.9983546
0.9983546
0.9983546
0.9983546
0.9983546
0.9983546
0.9983546
0.9983546
0.9983546
0.9983546
0.9983546
0.9983546
0.9983546
0.9983546
0.9983546
0.9983546
0.9983546
0.9983546
0.9983546
0.9983546
0.9983546
0.9983546
0.9983546
0.9983546
0.9983546
0.9983546
0.9983546
0.9983546
0.9983546
0.9983546
0.9983546
0.9983546
0.9983546
0.9983546
0.9983546
0.9983546
0.9983546
0.9983546
0.9983546
0.9983546
0.9983546
0.9983546
0.9983546
0.9983546
0.9983546
0.9983546
0.9983546
0.9983546
0.9983546
0.9983546
0.9983546
0.9983546
0.9983546
0.9983546
0.9983546
0.9983546
0.9983546
0.9983546
0.9983546
0.9983546
0.9983546
0.9983546
0.9983546
0.9983546
0.9983546
0.9983546
0.9983546
0.9983546
0.9983546
0.9983546
0.9983546
0.9983546
0.9983546
0.9983546
0.9983546
0.9983546
0.9983546
0.9983546
0.9983546
0.9983546
0.9983546
0.9983546
0.9983546
0.9983546
0.9983546
0.9983546
0.9983546
0.9983546
0.9983546
0.9983546
0.9983546
0.9983546
0.9983546
0.9983546
0.9983546
0.9983546
0.9983546
0.9983546
0.9983546
0.9983546
0.9983546
0.9983546
0.9983546
0.9983546
0.9983546
0.9983546
0.9983546
0.9983546
0.9983546
0.9983546
0.9983546
0.9983546
0.9983546
0.9983546
0.9983546
0.9983546
0.9983546
0.9983546
0.9983546
0.9983546
0.9983546
0.9983546
0.9983546
0.9983546
0.9983546
0.9983546
0.9983546
0.9983546
0.9983546
0.9983546
0.9983546
0.9983546
0.9983546
0.9983546
0.9983546
0.9983546
0.9983546
0.9983546
0.9983546
0.9983546
0.9983546
0.9983546
0.9983546
0.9983546
0.9983546
0.9983546
0.9983546
0.9983546
0.9983546
0.9983546
0.9983546
0.9983546
0.9983546
0.9983546
0.9983546
0.9983546
0.9983546
0.9983546
0.9983546
0.9983546
0.9983546
0.9983546
0.9983546
0.9983546
0.9983546
0.9983546
0.9983546
0.9983546
0.9983546
0.9983546
0.9983546
0.9983546
0.9983546
0.9983546
0.9983546
0.9983546
0.9983546
0.9983546
0.9983546
0.9983546
0.9983546
0.9983546
0.9983546
0.9983546
0.9983546
0.9983546
0.9983546
0.9983546
0.9983546
0.9983546
0.9983546
0.9983546
0.9983546
0.9983546
0.9983546
0.9983546
0.9983546
0.9983546
0.9983546
0.9983546
0.9983546
0.9983546
0.9983546
0.9983546
0.9983546
0.9983546
0.9983546
0.9983546
0.9983546
0.9983546
0.9983546
0.9983546
0.9983546
0.9983546
0.9983546
0.9983546
0.9983546
0.9983546
0.9983546
0.9983546
0.9983546
0.9983546
0.9983546
0.9983546
0.9983546
0.9983546
0.9983546
0.9983546
0.9983546
0.9983546
0.9983546
0.9983546
0.9983546
0.9983546
0.9983546
0.9983546
0.9983546
0.9983546
0.9983546
0.9983546
0.9983546
0.9983546
0.9983546
0.9983546
0.9983546
0.9983546
0.9983546
0.9983546
0.9983546
0.9983546
0.9983546
0.9983546
0.9983546
0.9983546
0.9983546
0.9983546
0.9983546
0.9983546
0.9983546
0.9983546
0.9983546
0.9983546
0.9983546
0.9983546
0.9983546
0.9983546
0.9983546
0.9983546
0.9983546
0.9983546
0.9983546
0.9983546
0.9983546
0.9980804
0.9983546
0.9983546
0.9983546
0.9983546
0.9983546
0.9983546
0.9983546
0.9983546
0.9983546
0.9983546
0.9983546
0.9983546
0.9983546
0.9983546
0.9983546
0.9983546
0.9983546
0.9983546
0.9983546
0.9983546
0.9983546
0.9983546
0.9983546
0.9983546
0.9983546
0.9983546
0.9983546
0.9983546
0.9983546
0.9983546
0.9983546
0.9983546
0.9983546
0.9983546
0.9983546
0.9983546
0.9983546
0.9983546
0.9983546
0.9983546
0.9983546
0.9983546
0.9983546
0.9983546
0.9983546
0.9983546
0.9983546
0.9983546
0.9983546
0.9983546
0.9983546
0.9983546
0.9983546
0.9983546
0.9983546
0.9983546
0.9983546
0.9983546
0.9983546
0.9983546
0.9983546
0.9983546
0.9983546
0.9983546
0.9983546
0.9983546
0.9983546
0.9983546
0.9983546
0.9983546
0.9983546
0.9983546
0.9983546
0.9983546
0.9983546
0.9983546
0.9983546
0.9983546
0.9983546
0.9983546
0.9983546
0.9983546
0.9983546
0.9983546
0.9983546
0.9983546
0.9983546
0.9983546
0.9983546
0.9983546
0.9983546
0.9983546
0.9983546
0.9983546
0.9983546
0.9983546
0.9983546
0.9983546
0.9983546
0.9983546
0.9983546
0.9983546
0.9983546
0.9983546
0.9983546
0.9983546
0.9983546
0.9983546
0.9983546
0.9983546
0.9983546
0.9983546
0.9983546
0.9983546
0.9983546
0.9983546
0.9983546
0.9983546
0.9983546
0.9983546
0.9983546
0.9983546
0.9983546
0.9983546
0.9983546
0.9983546
0.9983546
0.9983546
0.9983546
0.9983546
0.9983546
0.9983546
0.9983546
0.9983546
0.9983546
0.9983546
0.9983546
0.9983546
0.9983546
0.9983546
0.9983546
0.9983546
0.9983546
0.9983546
0.9983546
0.9983546
0.9983546
0.9983546
0.9983546
0.9983546
0.9983546
0.9983546
0.9983546
0.9983546
0.9983546
0.9983546
0.9983546
0.9983546
0.9983546
0.9983546
0.9983546
0.9983546
0.9983546
0.9983546
0.9983546
0.9983546
0.9983546
0.9983546
0.9983546
0.9983546
0.9983546
0.9983546
0.9983546
0.9983546
0.9983546
0.9983546
0.9983546
0.9983546
0.9983546
0.9983546
0.9983546
0.9983546
0.9983546
0.9983546
0.9983546
0.9983546
0.9983546
0.9983546
0.9983546
0.9983546
0.9983546
0.9983546
0.9983546
0.9983546
0.9983546
0.9983546
0.9983546
0.9983546
0.9983546
0.9983546
0.9983546
0.9983546
0.9983546
0.9983546
0.9983546
0.9983546
0.9983546
0.9983546
0.9983546
0.9983546
0.9983546
0.9983546
0.9983546
0.9983546
0.9983546
0.9983546
0.9983546
0.9983546
0.9983546
0.9983546
0.9983546
0.9983546
0.9983546
0.9983546
0.9983546
0.9983546
0.9983546
0.9983546
0.9983546
0.9983546
0.9983546
0.9983546
0.9983546
0.9983546
0.9983546
0.9983546
0.9983546
0.9983546
0.9983546
0.9983546
0.9983546
0.9983546
0.9983546
0.9983546
0.9983546
0.9983546
0.9983546
0.9983546
0.9983546
0.9983546
0.9983546
0.9983546
0.9983546
0.9983546
0.9983546
0.9983546
0.9983546
0.9983546
0.9983546
0.9983546
0.9983546
0.9983546
0.9983546
0.9983546
0.9983546
0.9983546
0.9983546
0.9983546
0.9983546
0.9983546
0.9983546
0.9983546
0.9983546
0.9983546
0.9983546
0.9983546
0.9983546
0.9983546
0.9983546
0.9983546
0.9983546
0.9983546
0.9983546
0.9983546
0.9983546
0.9983546
0.9983546
0.9983546
0.9983546
0.9983546
0.9983546
0.9983546
0.9983546
0.9983546
0.9983546
0.9983546
0.9983546
0.9983546
0.9983546
0.9983546
0.9983546
0.9983546
0.9983546
0.9983546
0.9983546
0.9983546
0.9983546
0.9983546
0.9983546
0.9983546
0.9983546
0.9983546
0.9983546
0.9983546
0.9983546
0.9983546
0.9983546
0.9983546
0.9983546
0.9983546
0.9983546
0.9983546
0.9983546
0.9983546
0.9983546
0.9983546
0.9983546
0.9983546
0.9983546
0.9983546
0.9983546
0.9983546
0.9983546
0.9983546
0.9983546
0.9983546
0.9983546
0.9983546
0.9983546
0.9983546
0.9983546
0.9983546
0.9983546
0.9983546
0.9983546
0.9983546
0.9983546
0.9983546
0.9983546
0.9983546
0.9983546
0.9983546
0.9983546
0.9983546
0.9983546
0.9983546
0.9983546
0.9983546
0.9983546
0.9983546
0.9983546
0.9983546
0.9983546
0.9983546
0.9983546
0.9983546
0.9983546
0.9983546
0.9983546
0.9983546
0.9983546
0.9983546
0.9983546
0.9983546
0.9983546
0.9983546
0.9983546
0.9983546
0.9983546
0.9983546
0.9983546
0.9983546
0.9983546
0.9983546
0.9983546
0.9983546
0.9983546
0.9983546
0.9983546
0.9983546
0.9983546
0.9983546
0.9983546
0.9983546
0.9983546
0.9983546
0.9983546
0.9983546
0.9983546
0.9983546
0.9983546
0.9983546
0.9983546
0.9983546
0.9983546
0.9983546
0.9983546
0.9983546
0.9983546
0.9983546
0.9983546
0.9983546
0.9983546
0.9983546
0.9983546
0.9983546
0.9983546
0.9983546
0.9983546
0.9983546
0.9983546
0.9983546
0.9983546
0.9983546
0.9983546
0.9983546
0.9983546
0.9983546
0.9983546
0.9983546
0.9983546
0.9983546
0.9983546
0.9983546
0.9983546
0.9983546
0.9983546
0.9983546
0.9983546
0.9983546
0.9983546
0.9983546
0.9983546
0.9983546
0.9983546
0.9983546
0.9983546
0.9983546
0.9983546
0.9983546
0.9983546
0.9983546
0.9983546
0.9983546
0.9983546
0.9983546
0.9983546
0.9983546
0.9983546
0.9983546
0.9983546
0.9983546
0.9983546
0.9983546
0.9983546
0.9983546
0.9983546
0.9983546
0.9983546
0.9983546
0.9983546
0.9983546
0.9983546
0.9983546
0.9983546
0.9983546
0.9983546
0.9983546
0.9983546
0.9983546
0.9983546
0.9983546
0.9983546
0.9983546
0.9983546
0.9983546
0.9983546
0.9983546
0.9983546
0.9983546
0.9983546
0.9983546
0.9983546
0.9983546
0.9983546
0.9983546
0.9983546
