0.28246263
0.30426437
0.40422323
0.42287123
0.46469218
0.48306596
0.5195393
0.53558207
0.5875497
0.6075689
0.63430685
0.66296446
0.6862745
0.69957495
0.7121898
0.72590154
0.7516797
0.76045525
0.7725216
0.77841765
0.7841766
0.7929521
0.80666393
0.8088578
0.8275058
0.8320307
0.8380639
0.847525
0.84231454
0.8564377
0.8589058
0.8722062
0.8804333
0.8867407
0.8852324
0.89469355
0.8990813
0.9004525
0.8966132
0.90950227
0.9099136
0.9134787
0.9112848
0.9207459
0.92403674
0.9267791
0.93102974
0.92595637
0.92952144
0.9296586
0.93473196
0.9351433
0.9286988
0.9307555
0.93802273
0.94076514
0.9415878
0.94282186
0.9451529
0.94035375
0.94570136
0.94172496
0.9524201
0.9385712
0.9480324
0.9498149
0.9451529
0.9478952
0.9506376
0.9491293
0.9466612
0.95255727
0.949952
0.95667076
0.95667076
0.95872754
0.9565337
0.9489922
0.9544769
0.9628411
0.95557386
0.95859045
0.96105856
0.9628411
0.9579048
0.95804197
0.96407515
0.9599616
0.9607843
0.95859045
0.96407515
0.96119565
0.96311533
0.9632524
0.96421224
0.9548882
0.96256685
0.9614699
0.9624297
0.96462363
0.9606472
0.9621555
0.960373
0.9583162
0.9677773
0.9638009
0.9613328
0.96311533
0.96709174
0.96009874
0.9620184
0.9654463
0.9647607
0.9661319
0.96572053
0.9658577
0.96311533
0.9638009
0.9621555
0.96009874
0.9638009
0.96421224
0.9624297
0.9653092
0.9659948
0.96654326
0.966269
0.9659948
0.9651721
0.96421224
0.9629782
0.9644865
0.9675031
0.96558344
0.9620184
0.9632524
0.9609214
0.96654326
0.95763063
0.96462363
0.96119565
0.96256685
0.9643494
0.966269
0.96407515
0.9677773
0.9621555
0.96955985
0.96352667
0.96572053
0.9651721
0.9653092
0.967366
0.96640617
0.9651721
0.9683258
0.9666804
0.96654326
0.9654463
0.9677773
0.9629782
0.9647607
0.96421224
0.9683258
0.9614699
0.96722883
0.9651721
0.9643494
0.9668175
0.9659948
0.9653092
0.9632524
0.9633896
0.967366
0.96722883
0.9669546
0.96722883
0.9579048
0.9636638
0.96462363
0.9661319
0.9653092
0.96256685
0.9688743
0.9638009
0.9628411
0.9636638
0.9633896
0.966269
0.9681887
0.9677773
0.96311533
0.96805155
0.9628411
0.9669546
0.96942276
0.9621555
0.967366
0.9648979
0.96805155
0.96462363
0.966269
0.97093105
0.9643494
0.96311533
0.9624297
0.96105856
0.96311533
0.96709174
0.96558344
0.96942276
0.969697
0.9644865
0.96942276
0.97257644
0.96805155
0.96955985
0.9654463
0.9707939
0.96722883
0.973262
0.9691485
0.96311533
0.97093105
0.9659948
0.96791446
0.9728507
0.9692856
0.9644865
0.9653092
0.96709174
0.96860003
0.97189087
0.9654463
0.9658577
0.96640617
0.9669546
0.9714795
0.9723022
0.96805155
0.963938
0.9648979
0.96722883
0.96722883
0.9666804
0.967366
0.9706568
0.963938
0.9659948
0.96270394
0.9658577
0.969697
0.96860003
0.96572053
0.9661319
0.96791446
0.9707939
0.96860003
0.9647607
0.9677773
0.9687371
0.9681887
0.9683258
0.96805155
0.9703826
0.9621555
0.96572053
0.96640617
0.9654463
0.967366
0.96942276
0.96640617
0.9691485
0.9647607
0.9723022
0.9628411
0.96791446
0.9638009
0.96407515
0.9621555
0.97394764
0.97243935
0.9607843
0.9692856
0.96270394
0.9691485
0.9723022
0.9688743
0.9687371
0.9712053
0.9658577
0.966269
0.96654326
0.9629782
0.9633896
0.9683258
0.9666804
0.96654326
0.96860003
0.9713424
0.967366
0.9703826
0.9677773
0.96352667
0.9676402
0.9638009
0.9583162
0.96558344
0.96462363
0.9699712
0.9633896
0.9614699
0.96709174
0.96640617
0.96407515
0.96270394
0.9624297
0.9681887
0.96558344
0.96722883
0.9684629
0.9716166
0.97243935
0.967366
0.9624297
0.9747703
0.9579048
0.9691485
0.96558344
0.9676402
0.969697
0.960373
0.96805155
0.9716166
0.96791446
0.9654463
0.9699712
0.9675031
0.9698341
0.96901137
0.96955985
0.9654463
0.96942276
0.96558344
0.9729878
0.96654326
0.9692856
0.96407515
0.9653092
0.9684629
0.97051966
0.97189087
0.9703826
0.9681887
0.96942276
0.9677773
0.9692856
0.96311533
0.9691485
0.9702454
0.9692856
0.96942276
0.9658577
0.9675031
0.966269
0.97106814
0.9716166
0.9669546
0.9691485
0.9717537
0.97394764
0.96462363
0.9666804
0.9714795
0.9706568
0.966269
0.96558344
0.96901137
0.9607843
0.9699712
0.96955985
0.96421224
0.96503496
0.9684629
0.9654463
0.9699712
0.9681887
0.97353625
0.9692856
0.9751817
0.97010833
0.96352667
0.9727136
0.96955985
0.9706568
0.9687371
0.9727136
0.9706568
0.9691485
0.9727136
0.97093105
0.96955985
0.9675031
0.9723022
0.97243935
0.9661319
0.97353625
0.97394764
0.9684629
0.9723022
0.96942276
0.9738105
0.97093105
0.96640617
0.9677773
0.9716166
0.9688743
0.9712053
0.96462363
0.96942276
0.97093105
0.9698341
0.9692856
0.9728507
0.9669546
0.9688743
0.9717537
0.967366
0.9703826
0.974359
0.97093105
0.9687371
0.9721651
0.9651721
0.97093105
0.97106814
0.9620184
0.9681887
0.9729878
0.96860003
0.9717537
0.97408473
0.9692856
0.9681887
0.9647607
0.9683258
0.969697
0.9742219
0.9643494
0.9661319
0.97093105
0.96421224
0.9684629
0.9659948
0.9731249
0.967366
0.96462363
0.96805155
0.96860003
0.96942276
0.96955985
0.9688743
0.96955985
0.9638009
0.9613328
0.9681887
0.97051966
0.96503496
0.9688743
0.9677773
0.9738105
0.96955985
0.9729878
0.9692856
0.9668175
0.96805155
0.9712053
0.96709174
0.9687371
0.9668175
0.9654463
0.97243935
0.9677773
0.96942276
0.9675031
0.96901137
0.9712053
0.9666804
0.96860003
0.97257644
0.969697
0.9681887
0.9684629
0.97010833
0.96901137
0.97243935
0.9728507
0.97093105
0.9703826
0.9736734
0.967366
0.96640617
0.97202796
0.9731249
0.97243935
0.9677773
0.9707939
0.97394764
0.97051966
0.97189087
0.96791446
0.9713424
0.9716166
0.96503496
0.96955985
0.9668175
0.9712053
0.9677773
0.9681887
0.9669546
0.9723022
0.9717537
0.9706568
0.9691485
0.97106814
0.9702454
0.97202796
0.9691485
0.97093105
0.9638009
0.9675031
0.9717537
0.9683258
0.9658577
0.9698341
0.97189087
0.97189087
0.9681887
0.96654326
0.9703826
0.9742219
0.96955985
0.96805155
0.96942276
0.96654326
0.9688743
0.9677773
0.9698341
0.9644865
0.96955985
0.9712053
0.9677773
0.9683258
0.97202796
0.9742219
0.9681887
0.9707939
0.9692856
0.9702454
0.9659948
0.9658577
0.9683258
0.97051966
0.96901137
0.9675031
0.9691485
0.97106814
0.9691485
0.9706568
0.9699712
0.9669546
0.9702454
0.9716166
0.9731249
0.9609214
0.9707939
0.9706568
0.97093105
0.9590018
0.96860003
0.9707939
0.96901137
0.973262
0.9675031
0.96860003
0.9706568
0.9651721
0.9703826
0.97010833
0.9714795
0.9618813
0.9691485
0.97010833
0.9699712
0.9736734
0.9658577
0.97339916
0.97051966
0.96023583
0.9647607
0.9681887
0.97394764
0.97394764
0.9723022
0.9727136
0.9621555
0.967366
0.9707939
0.9683258
0.96805155
0.9687371
0.9713424
0.96640617
0.97189087
0.96709174
0.9698341
0.9747703
0.9712053
0.9702454
0.97093105
0.9717537
0.963938
0.9654463
0.97408473
0.9691485
0.9728507
0.96791446
0.97339916
0.96791446
0.9727136
0.97202796
0.96654326
0.9728507
0.97394764
0.9684629
0.97339916
0.9736734
0.96311533
0.9658577
0.9706568
0.96791446
0.9703826
0.9684629
0.9706568
0.97257644
0.9723022
0.97202796
0.97051966
0.9675031
0.96860003
0.9668175
0.97408473
0.9702454
0.97051966
0.97106814
0.97106814
0.97189087
0.96791446
0.9713424
0.97189087
0.97339916
0.96722883
0.97339916
0.96640617
0.9658577
0.9731249
0.9736734
0.97189087
0.9721651
0.97243935
0.9717537
0.9713424
0.96462363
0.969697
0.9706568
0.9648979
0.9727136
0.96572053
0.9683258
0.9706568
0.9675031
0.97051966
0.97010833
0.9728507
0.9643494
0.97202796
0.9699712
0.9644865
0.9729878
0.96955985
0.97408473
0.97408473
0.96901137
0.97257644
0.9728507
0.96955985
0.96942276
0.9653092
0.9706568
0.96791446
0.974359
0.9681887
0.97189087
0.97339916
0.96805155
0.97394764
0.9702454
0.9648979
0.96654326
0.9692856
0.96942276
0.9702454
0.9728507
0.9731249
0.96791446
0.97257644
0.9706568
0.97339916
0.9691485
0.9714795
0.9728507
0.9687371
0.96709174
0.96955985
0.9736734
0.9698341
0.97202796
0.97106814
0.9688743
0.9691485
0.96709174
0.97010833
0.96709174
0.96654326
0.9717537
0.9714795
0.97243935
0.96791446
0.9721651
0.9714795
0.9707939
0.9699712
0.9747703
0.96955985
0.9742219
0.97243935
0.9703826
0.96722883
0.9712053
0.96805155
0.9714795
0.96791446
0.97202796
0.9636638
0.97243935
0.9654463
0.9677773
0.97257644
0.97106814
0.9742219
0.9728507
0.9661319
0.96955985
0.96709174
0.96901137
0.96901137
0.97545594
0.97010833
0.969697
0.9692856
0.97093105
0.969697
0.96942276
0.97257644
0.966269
0.9723022
0.9699712
0.9668175
0.97339916
0.9653092
0.97189087
0.9702454
0.9716166
0.9707939
0.9736734
0.96722883
0.9736734
0.97490746
0.9676402
0.9698341
0.96805155
0.9706568
0.96860003
0.97243935
0.9684629
0.9699712
0.9716166
0.96709174
0.9727136
0.9677773
0.9746332
0.97394764
0.97353625
0.97394764
0.9703826
0.97339916
0.97257644
0.97106814
0.96503496
0.9717537
0.9688743
0.96955985
0.969697
0.97243935
0.96270394
0.97257644
0.96791446
0.96942276
0.9669546
0.9659948
0.96901137
0.97394764
0.9723022
0.97353625
0.96942276
0.967366
0.9736734
0.9691485
0.9669546
0.9706568
0.9675031
0.9746332
0.9747703
0.9707939
0.9677773
0.963938
0.9681887
0.9659948
0.96955985
0.973262
0.9681887
0.96860003
0.9675031
0.969697
0.96942276
0.9716166
0.97243935
0.969697
0.97353625
0.9691485
0.9653092
0.97202796
0.9699712
0.9713424
0.9723022
0.9683258
0.97189087
0.9713424
0.9683258
0.9713424
0.97093105
0.9684629
0.9712053
0.97189087
0.9703826
0.969697
0.9702454
0.97257644
0.9683258
0.9692856
0.9714795
0.96955985
0.9659948
0.9713424
0.97106814
0.97093105
0.97408473
0.9729878
0.9692856
0.97202796
0.97051966
0.9703826
0.97202796
0.97257644
0.9712053
0.9721651
0.96860003
0.9681887
0.96955985
0.9706568
0.9675031
0.97093105
0.9738105
0.97093105
0.96955985
0.9677773
0.9717537
0.9692856
0.96503496
0.969697
0.96942276
0.96942276
0.9727136
0.97202796
0.9699712
0.9717537
0.9723022
0.97243935
0.97394764
0.9702454
0.96860003
0.969697
0.97339916
0.9676402
0.97545594
0.9643494
0.966269
0.9669546
0.9713424
0.9676402
0.96654326
0.97202796
0.9699712
0.9707939
0.9727136
0.97010833
0.9677773
0.9731249
0.97010833
0.9728507
0.9728507
0.9717537
0.96942276
0.97257644
0.96860003
0.9653092
0.97051966
0.96791446
0.9691485
0.96791446
0.96860003
0.9742219
0.97010833
0.9651721
0.97051966
0.973262
0.9687371
0.96558344
0.9721651
0.9677773
0.97257644
0.9648979
0.96805155
0.96709174
0.9758673
0.9714795
0.9702454
0.9723022
0.9687371
0.96942276
0.9692856
0.96955985
0.97353625
0.9676402
0.9706568
0.9723022
0.9698341
0.963938
0.9683258
0.9736734
0.96558344
0.9706568
0.9698341
0.9683258
0.9681887
0.96805155
0.97394764
0.96901137
0.97189087
0.97106814
0.9621555
0.96955985
0.9714795
0.9636638
0.96901137
0.96942276
0.97093105
0.973262
0.9712053
0.97189087
0.9706568
0.97093105
0.96722883
0.97051966
0.9714795
0.9717537
0.97490746
0.97669
0.9692856
0.97051966
0.9661319
0.9716166
0.96421224
0.97449607
0.9723022
0.9746332
0.9738105
0.9706568
0.9731249
0.9691485
0.9712053
0.9691485
0.9736734
0.9703826
0.9621555
0.9699712
0.96709174
0.97106814
0.97394764
0.9628411
0.9716166
0.9698341
0.97339916
0.9703826
0.9658577
0.9683258
0.96955985
0.97243935
0.97408473
0.9628411
0.97353625
0.96709174
0.9746332
0.96901137
0.9728507
0.9714795
0.9644865
0.9717537
0.97106814
0.9736734
0.9691485
0.9659948
0.9717537
0.96311533
0.9713424
0.9716166
0.9712053
0.9736734
0.96709174
0.97093105
0.97394764
0.9757302
0.9698341
0.9648979
0.97339916
0.97202796
0.97010833
0.9712053
0.97257644
0.9714795
0.9702454
0.97257644
0.9729878
0.96942276
0.97394764
0.9706568
0.96942276
0.96722883
0.96942276
0.9698341
0.9713424
0.97051966
0.9723022
0.9714795
0.9706568
0.9698341
0.973262
0.97394764
0.9684629
0.9653092
0.9675031
0.9728507
0.9706568
0.9714795
0.97093105
0.967366
0.96955985
0.9681887
0.9707939
0.96942276
0.97339916
0.9669546
0.9703826
0.97257644
0.96105856
0.9751817
0.9728507
0.97106814
0.97106814
0.9738105
0.97257644
0.97545594
0.97093105
0.97093105
0.97339916
0.97408473
0.9729878
0.97093105
0.96407515
0.9677773
0.9716166
0.9716166
0.96860003
0.97394764
0.9681887
0.9683258
0.9727136
0.97339916
0.9707939
0.9717537
0.9736734
0.973262
0.9727136
0.96311533
0.97202796
0.9654463
0.96860003
0.9677773
0.9703826
0.97051966
0.9742219
0.97243935
0.9699712
0.96640617
0.9676402
0.97051966
0.96407515
0.9712053
0.9659948
0.9683258
0.97010833
0.9703826
0.9692856
0.969697
0.9677773
0.9712053
0.966269
0.967366
0.97093105
0.97093105
0.9675031
0.97051966
0.9691485
0.9661319
0.96942276
0.9691485
0.9747703
0.9659948
0.9714795
0.96421224
0.97106814
0.97189087
0.96860003
0.97093105
0.96791446
0.9728507
0.9687371
0.9681887
0.9736734
0.9729878
0.9761415
0.97106814
0.9707939
0.9644865
0.9653092
0.9691485
0.9683258
0.9753188
0.9717537
0.96955985
0.96942276
0.9684629
0.9721651
0.97202796
0.9717537
0.9747703
0.97093105
0.9644865
0.9669546
0.97106814
0.9653092
0.96791446
0.9712053
0.9702454
0.97600436
0.96654326
0.9703826
0.9716166
0.9688743
0.9714795
0.97202796
0.97545594
0.9723022
0.9727136
0.9736734
0.96407515
0.97353625
0.9687371
0.9727136
0.9699712
0.9653092
0.9698341
0.9684629
0.96023583
0.9661319
0.96722883
0.97339916
0.9736734
0.96558344
0.9698341
0.9684629
0.9706568
0.9712053
0.96722883
0.9707939
0.967366
0.9648979
0.974359
0.969697
0.967366
0.97093105
0.9647607
0.9666804
0.9699712
0.96860003
0.9716166
0.97189087
0.96722883
0.97202796
0.9628411
0.974359
0.9622926
0.9699712
0.9716166
0.9675031
0.9661319
0.966269
0.959276
0.9676402
0.9651721
0.96955985
0.9661319
0.96942276
0.96572053
0.96558344
0.9651721
0.96805155
0.9721651
0.97106814
0.9716166
0.96955985
0.9666804
0.9599616
0.97051966
0.9683258
0.9712053
0.9659948
0.96805155
0.97559303
0.97339916
0.97106814
0.9728507
0.96901137
0.97010833
0.9716166
0.9698341
0.96572053
0.9691485
0.9746332
0.9668175
0.9731249
0.97093105
0.9716166
0.97051966
0.96942276
0.97408473
0.97202796
0.96709174
0.96901137
0.9659948
0.9717537
0.9683258
0.97394764
0.9688743
0.9728507
0.97504455
0.9706568
0.9727136
0.9716166
0.9707939
0.969697
0.96805155
0.96955985
0.9666804
0.9683258
0.97243935
0.96791446
0.9703826
0.9713424
0.96722883
0.9736734
0.9683258
0.97051966
0.9729878
0.97353625
0.9723022
0.96311533
0.9731249
0.9687371
0.9714795
0.9651721
0.9713424
0.963938
0.97339916
0.96421224
0.97106814
0.9729878
0.974359
0.96860003
0.97093105
0.97353625
0.9658577
0.97202796
0.9706568
0.9729878
0.97449607
0.9681887
0.9692856
0.96791446
0.9723022
0.9621555
0.9707939
0.9717537
0.9721651
0.97202796
0.9746332
0.97353625
0.96407515
0.9713424
0.9681887
0.97243935
0.96640617
0.9728507
0.9716166
0.9753188
0.9731249
0.9746332
0.9688743
0.973262
0.97449607
0.97257644
0.9638009
0.9651721
0.969697
0.96654326
0.9683258
0.97339916
0.9677773
0.9728507
0.96722883
0.9669546
0.97243935
0.9738105
0.9716166
0.974359
0.9713424
0.9622926
0.9653092
0.9653092
0.9684629
0.96009874
0.969697
0.9698341
0.9658577
0.9747703
0.9728507
0.9751817
0.96860003
0.9728507
0.96654326
0.9669546
0.96901137
0.9721651
0.969697
0.96709174
0.9688743
0.9684629
0.9712053
0.9713424
0.9699712
0.974359
0.96942276
0.9713424
0.963938
0.97202796
0.9703826
0.9675031
0.96503496
0.9654463
0.9681887
0.9681887
0.9717537
0.9728507
0.9687371
0.9643494
0.96860003
0.9713424
0.97449607
0.9712053
0.9753188
0.9723022
0.96805155
0.9706568
0.9636638
0.9688743
0.9703826
0.96722883
0.9699712
