0.2905526
0.2905526
0.2905526
0.2905526
0.2905526
0.2905526
0.2905526
0.2905526
0.2905526
0.2905526
0.2905526
0.2905526
0.2905526
0.2905526
0.2905526
0.2905526
0.2905526
0.2905526
0.2905526
0.2905526
0.2905526
0.2905526
0.2905526
0.2905526
0.2905526
0.2905526
0.2905526
0.2905526
0.2905526
0.2905526
0.2905526
0.2905526
0.2905526
0.2905526
0.2905526
0.2905526
0.2905526
0.2905526
0.2905526
0.2905526
0.2905526
0.2905526
0.2905526
0.2905526
0.29123816
0.2967229
0.30207047
0.30426437
0.30563554
0.30728096
0.31112024
0.31811327
0.31879884
0.32346085
0.33662415
0.32949403
0.3437543
0.34416565
0.34457698
0.349239
0.35979706
0.3639106
0.36514467
0.37117785
0.37830797
0.3747429
0.37062937
0.37035513
0.39215687
0.38694638
0.39201975
0.4047717
0.40436035
0.41491842
0.41231316
0.43068695
0.43850267
0.4394625
0.44069657
0.44302756
0.44302756
0.44055945
0.4408337
0.4411079
0.44165638
0.4456328
0.4479638
0.4509804
0.447004
0.45673934
0.44768956
0.45084327
0.45687646
0.45619085
0.45591664
0.4549568
0.46194983
0.46208695
0.46537775
0.46962842
0.47360483
0.48471138
0.4804607
0.49664062
0.5022625
0.5062389
0.5077472
0.5043192
0.5071987
0.5061017
0.5117236
0.5095297
0.50692445
0.50459343
0.50445634
0.5050048
0.5157
0.50994104
0.5089812
0.51391745
0.5170712
0.5210476
0.51624846
0.51583713
0.5150144
0.5119978
0.5161113
0.5150144
0.518031
0.5211847
0.52077335
0.5242013
0.5255725
0.5290004
0.5266694
0.5295489
0.5290004
0.53064585
0.53160566
0.52612096
0.53270257
0.527355
0.53626764
0.5298231
0.53366244
0.5318799
0.53160566
0.53517073
0.5339367
0.5358563
0.5318799
0.53846157
0.5398327
0.54106677
0.54326063
0.54161525
0.53996986
0.5427122
0.5443576
0.5428493
0.53517073
0.53709036
0.54257506
0.5433978
0.54161525
0.543672
0.54106677
0.54997945
0.5520362
0.5403812
0.5395585
0.5427122
0.54943097
0.54545456
0.548334
0.55107635
0.5477855
0.54901963
0.54956806
0.55244756
0.5546414
0.55793226
0.5546414
0.5566982
0.5595777
0.561086
0.5625943
0.56396544
0.564651
0.5627314
0.5667078
0.56931305
0.5691759
0.5705471
0.57246673
0.5706842
0.5728781
0.575072
0.57328945
0.5745235
0.57383794
0.5769916
0.57863706
0.5852187
0.57863706
0.5804196
0.58631563
0.58124226
0.58713835
0.5875497
0.59111476
0.59097767
0.5875497
0.5860414
0.59180033
0.59015495
0.59303445
0.5942685
0.59467983
0.5961881
0.5922117
0.5938571
0.5978335
0.59851915
0.5993418
0.6005759
0.60181
0.60098726
0.6027698
0.60181
0.6067462
0.6066091
0.60551214
0.60894006
0.60784316
0.6075689
0.6092143
0.60935146
0.61044836
0.60948855
0.6112711
0.6142877
0.6126423
0.6130536
0.61181957
0.6141506
0.6137392
0.6151104
0.618127
0.6205951
0.6186755
0.6222405
0.627451
0.62182915
0.62484574
0.6215549
0.6270396
0.6295077
0.62827367
0.6308789
0.63334703
0.63170165
0.63622653
0.62717676
0.6355409
0.6359523
0.6375977
0.63814616
0.6363636
0.6452763
0.6415741
0.6412999
0.6443165
0.64513916
0.6477444
0.65117234
0.6433566
0.65007544
0.6546003
0.65103525
0.6556972
0.65706843
0.6558344
0.6583025
0.65747976
0.6562457
