0.5141917
0.6883313
0.77375567
0.85959136
0.8856438
0.92348826
0.9461127
0.9361031
0.9721651
0.97888386
0.9751817
0.98724806
0.9886192
0.97943234
0.99026465
0.98944193
0.98738515
0.99670917
0.9946524
0.99328125
0.9980804
0.98834497
0.9945153
0.9954751
0.98793364
0.9931441
0.99478954
0.9975319
0.9939668
0.99725765
0.9814891
0.99670917
0.9935555
0.9960236
0.9956122
0.9971205
0.99725765
0.9961607
0.99273276
0.99273276
0.99492663
0.9983546
0.99725765
0.99725765
0.9983546
0.9990402
0.98491704
0.99191004
0.9931441
0.9938297
0.997669
0.995338
0.99670917
0.9983546
0.9950638
0.9983546
0.9921843
0.9969834
0.9939668
0.99328125
0.997669
0.99478954
0.99122447
0.99341834
0.9975319
0.9983546
0.9956122
0.99122447
0.9983546
0.9983546
0.9965721
0.99821746
0.9965721
0.99739474
0.9965721
0.99437815
0.9952009
0.9983546
0.9983546
0.9946524
0.9956122
0.99478954
0.99890304
0.9983546
0.99478954
0.9983546
0.9990402
0.9983546
1.0
0.98875636
1.0
0.99739474
0.9952009
0.9983546
0.99424106
0.9983546
0.9983546
1.0
0.995338
0.99492663
0.99670917
0.9969834
0.99821746
0.9983546
0.9983546
0.99821746
0.9983546
0.9983546
1.0
0.9975319
0.99341834
0.9931441
0.99780613
0.9968463
0.9983546
0.9983546
0.9983546
0.9969834
0.9960236
0.9983546
0.99739474
