0.2905526
0.2905526
0.2905526
0.2905526
0.2905526
0.2905526
0.2905526
0.2905526
0.2905526
0.2905526
0.2905526
0.2905526
0.2905526
0.2905526
0.2905526
0.2905526
0.2905526
0.2905526
0.2905526
0.2905526
0.2905526
0.2905526
0.2905526
0.2905526
0.2905526
0.2905526
0.2905526
0.2905526
0.2905526
0.2905526
0.2905526
0.2905526
0.2905526
0.2905526
0.2905526
0.2905526
0.2905526
0.2905526
0.2905526
0.2905526
0.2905526
0.2905526
0.2905526
0.2905526
0.2905526
0.27848622
0.28369668
0.29439187
0.29686
0.29946524
0.3013849
0.3044015
0.30590978
0.30947483
0.31084603
0.31235433
0.31331414
0.31495956
0.31633073
0.31975868
0.3223639
0.32400933
0.32702592
0.32880846
0.3323735
0.33593857
0.33895516
0.3407377
0.3437543
0.34553683
0.34594816
0.34677088
0.3508844
0.3554093
0.3570547
0.3591115
0.36432195
0.36747566
0.3707665
0.37268615
0.3747429
0.3785822
0.3855752
0.38872892
0.3917455
0.39736733
0.40189222
0.4055944
0.40915948
0.41025642
0.41231316
0.4131359
0.41423282
0.41546687
0.41697517
0.41889483
0.42081448
0.42259702
0.42575073
0.42917866
0.43027562
0.4326066
0.43397778
0.43425202
0.43425202
0.43438914
0.43507472
0.4380913
0.43836555
0.4408337
0.4424791
0.4426162
0.44275331
0.44385028
0.4441245
0.44371316
0.44371316
0.44371316
0.4439874
0.44385028
0.4441245
0.4449472
0.44439873
0.4441245
0.4433018
0.44151926
0.44042233
0.4395996
0.43685725
0.4348005
0.43438914
0.43233237
0.4317839
0.43452626
0.43822843
0.4408337
0.44289044
0.44453585
0.44768956
0.45015767
0.45317426
0.4579734
0.46071574
0.46194983
0.46318388
0.46510354
0.46688604
0.4688057
0.47045112
0.4719594
0.47291923
0.4741533
0.4756616
0.4771699
0.47634718
0.47675854
0.47922665
0.4810092
0.48059782
0.48087206
0.48073494
0.48073494
0.47991225
0.48292884
0.48471138
0.48471138
0.48594543
0.48909914
0.4903332
0.49321267
0.49513233
0.49595502
0.49705195
0.4973262
0.49910873
0.4988345
0.4995201
0.5013026
0.50253665
0.5032223
0.5021253
0.50198823
0.501714
0.5033594
0.5034965
0.50308514
0.50294805
0.5032223
0.5041821
0.5056904
0.5041821
0.5041821
0.50404495
0.5036336
0.5034965
0.50459343
0.5048677
0.50459343
0.5043192
0.50390786
0.50377077
0.50308514
0.50308514
0.5028109
0.50308514
0.50541615
0.50761
0.5088441
0.5095297
0.5106266
0.5111751
0.51076376
0.51076376
0.511038
0.511038
0.51007813
0.50994104
0.5106266
0.5103524
0.5096668
0.5104895
0.51131225
0.51186067
0.5125463
0.5140546
0.5157
0.5173454
0.5181681
0.51926506
0.51981354
0.5204991
0.52091044
0.5215961
0.5218703
0.5228301
0.5251611
0.52721786
0.52872616
0.53064585
0.5310572
0.53174275
0.53270257
0.5335253
0.534348
0.53462225
0.5369533
0.5379131
0.5383244
0.5388729
0.54010695
0.5403812
0.54065543
0.5412039
0.54161525
0.5423008
0.5428493
0.54298645
0.5435349
0.5449061
0.5458659
0.5462772
0.5466886
0.5473742
0.54805976
0.54805976
0.5491567
0.54943097
0.5502537
0.55093926
0.551762
0.5521733
0.5528589
0.55313313
0.5534074
0.5538187
0.5538187
0.55409294
0.55450433
0.5550528
0.5551899
0.5558755
0.5562869
0.55642396
0.5566982
0.55710953
0.5572467
0.5575209
0.55793226
0.5582065
0.5590292
0.5591663
0.5597148
0.55998904
0.5602633
0.5605375
0.5605375
0.5612231
0.5613602
0.5616344
0.56232005
0.5630056
0.5631427
0.56341696
0.56396544
0.564651
0.56492525
0.5651995
0.56547374
0.5656109
0.565748
0.5661593
0.56643355
0.56684494
0.5672563
0.5676676
0.5682161
0.5690388
