0.2905526
0.2905526
0.2905526
0.26189497
0.3008364
0.34210888
0.30193335
0.3105718
0.2983683
0.31098312
0.26024956
0.3545866
0.36295077
0.38982585
0.38955164
0.3902372
0.34457698
0.39887562
0.39133415
0.41299877
0.40751407
0.453997
0.41999176
0.38434115
0.4380913
0.4401481
0.43918827
0.45111752
0.46167558
0.41615248
0.34443986
0.47141093
0.453997
0.33484164
0.53366244
0.47113672
0.48471138
0.54943097
0.26779103
0.4958179
0.2905526
0.46524063
0.46812013
0.49211574
0.4294529
0.44714108
0.4534485
0.46153846
0.36020842
0.31495956
0.4826546
0.34649664
0.415604
0.36665297
0.40422323
0.39503634
0.2413273
0.45125464
0.35061017
0.43891403
0.4688057
0.4903332
0.43850267
0.37268615
0.46222404
0.37570274
0.3600713
0.39105994
0.42575073
0.4596188
0.30878925
0.5598519
0.4878651
0.41135335
0.4009324
0.4804607
0.3577403
0.43740574
0.35033593
0.413273
0.4239682
0.47511312
0.41738653
0.45687646
0.5248869
0.46085286
0.27149323
0.45893323
0.3563691
0.3825586
0.4694913
0.32455778
0.4380913
0.41231316
0.42054024
0.55107635
0.43384066
0.47826684
0.50143975
0.4239682
0.4079254
0.52529824
0.5325655
0.3987385
0.41752365
0.47154805
0.45509392
0.36720142
0.50143975
0.49156725
0.3139997
0.2905526
0.42122585
0.44001096
0.2905526
0.41889483
0.30371588
0.5602633
0.5375017
0.4755245
0.40847388
0.36295077
0.51474017
0.39407653
0.53325105
0.35033593
0.4271219
0.57973397
0.3987385
0.39654464
0.4564651
0.49211574
0.4464555
0.62045795
0.42163718
0.38132456
0.49403536
0.4194433
0.43576032
0.474976
0.5303716
0.36199096
0.2506513
0.4239682
0.5173454
0.5299602
0.47785547
0.30207047
0.36349925
0.4980118
0.46455505
0.5365419
0.4024407
0.56396544
0.39105994
0.46455505
0.35102153
0.4456328
0.24928012
0.4587961
0.3115316
0.3068696
0.2905526
0.26024956
0.34704512
0.34183463
0.4803236
0.31235433
0.36432195
0.46606335
0.45166597
0.3477307
0.38763198
0.4756616
0.5598519
0.5077472
0.392294
0.33100232
0.50459343
0.4117647
0.4596188
0.36583024
0.5081585
0.42287123
0.30865213
0.49924585
0.26024956
0.34101194
0.39819005
0.53626764
0.39188263
0.3979158
0.458659
0.5558755
0.39517346
0.42808172
0.5481969
0.47593582
0.34759358
0.5784999
0.39133415
0.45056903
0.45577952
0.4594817
0.46290964
0.42300835
0.4449472
0.447004
0.41820925
0.4162896
0.45056903
0.37666255
0.4534485
0.33634993
0.44522145
0.26258054
0.5616344
0.48525983
0.34567395
0.44618127
0.4294529
0.447004
0.23351158
0.51007813
0.42012888
0.2905526
0.5132319
0.4804607
0.40902236
0.30042505
0.33182505
0.46359524
0.4485123
0.44343892
0.45454547
0.5488825
0.40257782
0.3977787
0.4332922
0.2905526
0.40189222
0.53901
0.43795422
0.5243384
0.3293569
0.4581105
0.46222404
0.5684903
0.4833402
0.5853558
0.49622926
0.53613055
0.5318799
0.36185384
0.57342654
0.37419444
0.3747429
0.5056904
0.4346634
0.45385987
0.47662142
0.4755245
0.2868504
0.48951048
0.5043192
0.47086248
0.40353763
0.413273
0.26024956
0.5089812
0.3300425
0.5047306
0.47374195
0.49376115
0.42849308
0.4441245
0.26024956
0.26024956
0.44343892
0.26024956
0.44782668
0.53777593
0.50253665
0.4911559
0.3500617
0.55779517
0.4727821
0.4816948
0.43548608
0.30042505
0.4863568
0.44933498
0.26024956
0.41190183
0.49595502
0.53462225
0.41135335
0.5329768
0.4417935
0.52927464
0.353901
0.42369395
0.4256136
0.35019884
0.5011655
0.26024956
0.48388866
0.3145482
0.37488002
0.30152202
0.2905526
0.42506513
0.532017
0.35623202
0.5228301
0.43767998
0.32825997
0.46236116
0.5409297
0.45207733
0.55450433
0.48443714
0.5883724
0.5173454
0.3222268
0.3901001
0.53613055
0.3499246
0.46962842
0.4541341
0.39613327
0.48621967
0.27163032
0.4239682
0.41423282
0.27876046
0.44508433
0.26546004
0.41464418
0.4672974
0.3979158
0.363225
0.28410804
0.42931578
0.42191142
0.36637872
0.43397778
