0.35582066
0.51830524
0.5642397
0.64102566
0.7058824
0.7501714
0.77430415
0.78979844
0.8162622
0.84533113
0.869601
0.87385166
0.88249004
0.9158097
0.91251886
0.9182778
0.9285616
0.9369258
0.9495407
0.93637735
0.94487864
0.94720966
0.9507747
0.95913893
0.9661319
0.959276
0.9687371
0.9706568
0.9644865
0.96119565
0.96572053
0.9716166
0.9533799
0.9668175
0.97106814
0.9651721
0.96901137
0.966269
0.97051966
0.96942276
0.96270394
0.9746332
0.9787468
0.9762786
0.96942276
0.9768271
0.97093105
0.97669
0.9771013
0.9746332
0.9798437
0.97408473
0.9806664
0.97106814
0.9798437
0.9742219
0.9777869
0.96640617
0.97641575
0.9698341
0.9786096
0.97545594
0.97806114
0.97353625
0.9762786
0.97888386
0.97490746
0.9653092
0.9772385
0.98176336
0.9787468
0.97902095
0.97655284
0.9723022
0.9798437
0.982586
0.9791581
0.98039216
0.9812149
0.97641575
0.9768271
0.9840943
0.9776498
0.9721651
0.97751266
0.97737557
0.973262
0.98052925
0.98286027
0.9746332
0.9781983
0.9821747
0.9736734
0.9757302
0.983683
0.98039216
0.98395723
0.9786096
0.9808035
0.9771013
0.98244894
0.9812149
0.9838201
0.98286027
0.9751817
0.97010833
0.9821747
0.98039216
0.98573977
0.98327166
0.9806664
0.9751817
0.98039216
0.98354584
0.981352
0.9798437
0.9768271
0.9816262
0.97394764
0.9831345
0.98244894
0.9747703
0.9797066
0.983683
0.9797066
0.9783354
0.98573977
0.97956944
0.97641575
0.9717537
0.98107773
0.98203754
0.9777869
0.9829974
0.97751266
0.97641575
0.9838201
0.9827232
0.9846428
0.98203754
0.9823118
0.9799808
0.98190045
0.97956944
0.9821747
0.9814891
0.981352
0.9854655
0.9838201
0.98039216
0.97394764
0.98505414
0.97408473
0.9806664
0.97888386
0.98176336
0.9797066
0.97943234
0.98505414
0.9786096
0.9792952
0.97902095
0.9814891
0.98052925
0.9831345
0.9812149
0.9758673
0.9808035
0.97243935
0.98107773
0.9823118
0.98395723
0.98491704
0.9821747
0.9838201
0.983683
0.98354584
0.9827232
0.98395723
0.9787468
0.9838201
0.9797066
0.97545594
0.98477995
0.98244894
0.982586
0.97751266
0.982586
0.98176336
0.97504455
0.98094064
0.98203754
0.9772385
0.981352
0.98203754
0.9762786
0.9831345
0.9702454
0.97655284
0.98094064
0.9786096
0.982586
0.9801179
0.98628825
0.9876594
0.9729878
0.97792405
0.9861511
0.9821747
0.9806664
0.9812149
0.9821747
0.98436856
0.98436856
0.9609214
0.9797066
0.9842315
0.981352
0.98477995
0.982586
0.98573977
0.98203754
0.9831345
0.9799808
0.98190045
0.96860003
0.9801179
0.9838201
0.98793364
0.97792405
0.9806664
0.9816262
0.98354584
0.98203754
0.97888386
0.98107773
0.9840943
0.98052925
0.983683
0.9821747
0.98436856
0.9806664
0.97600436
0.9814891
0.98203754
0.98573977
0.98573977
0.9821747
0.9816262
0.9791581
0.98203754
0.9607843
0.9814891
0.98724806
0.98025507
0.97696424
0.98327166
0.97956944
0.97696424
0.98436856
0.97545594
0.981352
0.9799808
0.97943234
0.9772385
0.98573977
0.97751266
0.98107773
0.97490746
0.97847253
0.9842315
0.98327166
0.98025507
0.97902095
0.98505414
0.9808035
0.9776498
0.9781983
0.9853284
0.9823118
0.98354584
0.9758673
0.9783354
0.97792405
0.98573977
0.981352
0.98039216
0.9707939
0.9840943
0.98573977
0.98724806
