0.3068696
0.32757437
0.30632114
0.34142327
0.35952282
0.38530096
0.40669134
0.4264363
0.44302756
0.470314
0.50198823
0.5091183
0.54394627
0.5464144
0.5819279
0.5845331
0.6116824
0.6182641
0.65062386
0.66735226
0.66392434
0.6835322
0.69066226
0.72425616
0.7245304
0.73728234
0.733443
0.7571644
0.75510764
0.7622378
0.76593995
0.7870561
0.79829973
0.8014535
0.8043329
0.80899495
0.8157137
0.8143425
0.82887703
0.8310709
0.83148223
0.84217745
0.8488962
0.85451806
0.86151105
0.86397916
0.8702866
0.86795557
0.87631977
0.8890717
0.88399833
0.8870149
0.89469355
0.8979844
0.89853287
