0.2905526
0.2905526
0.2905526
0.2905526
0.2905526
0.2905526
0.2905526
0.2905526
0.2905526
0.30741808
0.36514467
0.35170713
0.34581104
0.34704512
0.41670096
0.4117647
0.44508433
0.4664747
0.46455505
0.47237077
0.47483888
0.47621006
0.48621967
0.4856712
0.49417248
0.50459343
0.5077472
0.5161113
0.5324284
0.5350336
0.541341
0.5318799
0.5464144
0.5409297
0.5328397
0.54449475
0.5464144
0.54147816
0.55601263
0.5536816
0.55491567
0.5550528
0.5551899
0.5595777
0.5583436
0.5602633
0.55944055
0.5672563
0.5645139
0.5631427
0.5672563
0.56684494
0.5667078
0.5671192
0.5684903
0.5701358
0.56986153
0.57246673
0.5730152
0.5691759
0.57342654
0.56945014
0.5745235
0.57781434
0.5769916
0.57644314
0.57767725
0.57781434
0.57767725
0.57575756
0.5743864
0.5790484
0.5800082
0.5813794
0.58014536
0.58014536
0.5824763
0.58069384
0.58179075
0.58261347
0.5824763
0.582065
0.5830248
0.5823392
0.5830248
0.58467025
0.5828877
0.58371043
0.57575756
0.5845331
0.58480734
0.5849445
0.58617854
0.584396
0.5920746
0.5835733
0.5860414
0.5870012
0.5874126
0.5852187
0.59550256
0.5874126
0.59262305
0.5889209
0.58371043
0.5948169
0.5889209
0.5978335
0.5978335
0.59605104
0.60002744
0.5927602
0.5953654
0.6003017
0.5998903
0.5868641
0.59865624
0.5961881
0.6023584
0.60181
0.5907034
0.6013986
0.60181
0.6027698
0.6020842
0.6016728
0.6023584
0.6038667
0.6045523
0.6046894
0.5922117
0.60414094
0.6057864
0.6027698
0.6033183
0.6042781
0.6068833
0.60249555
0.6045523
0.6031811
0.60112435
0.60414094
0.6075689
0.60564923
0.60345536
0.6057864
0.60551214
0.6072947
0.605375
0.6045523
0.60633487
0.6042781
0.6013986
0.60647196
0.60496366
0.6155217
0.60564923
0.61442477
0.608803
0.6038667
0.6066091
0.6101741
0.60551214
0.60702044
0.6152475
0.61236805
0.60948855
0.60414094
0.6205951
0.610037
0.62128067
0.6057864
0.60743177
0.61798984
0.61730427
0.61236805
0.6127794
0.61346495
0.61949813
0.6210064
0.6122309
0.6126423
0.6141506
0.6200466
0.61634445
0.6141506
0.6136021
0.6190868
0.61085975
0.61442477
0.6160702
0.6156589
0.61497325
0.61497325
0.6145619
0.6155217
0.61483616
0.61703
0.61593306
0.6186755
0.61648154
0.6137392
0.6200466
0.62237763
0.6211436
0.6177156
0.61798984
0.6162073
0.61785275
0.6252571
0.61483616
0.62169206
0.6184012
0.618127
0.62032086
0.62731385
0.6252571
0.6260798
0.6259427
0.62333745
0.62635404
0.632113
0.6186755
0.62128067
0.62882215
0.6260798
0.6166187
0.6205951
0.6207322
0.6205951
0.6284108
0.6260798
0.62045795
0.62470865
0.6293706
0.62128067
0.62347454
0.6289593
0.6221034
0.6211436
0.6255313
0.63266146
0.62032086
0.62635404
0.6226519
0.62635404
0.6293706
0.6222405
0.6359523
0.6269025
0.6264911
0.62333745
0.6323872
0.6259427
0.62512
0.6370492
0.62470865
0.62786233
0.62498283
0.6260798
0.6290964
0.62717676
0.62772524
0.636775
0.6255313
0.62786233
0.631016
0.6260798
0.6236117
0.63663787
0.6380091
0.6374606
0.6378719
0.6365008
0.6389689
0.62882215
0.63773483
0.6285479
0.62635404
0.6384204
0.639106
0.63471824
0.62621695
0.6384204
0.6293706
0.6295077
0.63663787
0.63471824
0.6355409
0.631016
0.6374606
0.6399287
0.63320994
0.63033044
0.63965446
0.6359523
0.6360894
0.6259427
0.6360894
0.64034003
0.6340326
0.6429453
0.64020294
0.631016
0.6325243
0.6315645
0.62786233
0.63951737
0.64116275
0.6399287
0.6428082
0.6284108
0.63320994
0.6397916
0.6399287
0.63266146
0.63170165
0.6325243
0.6407514
0.63334703
0.63869464
0.64321953
0.6404772
0.6415741
0.63814616
0.643768
0.6314274
0.63718635
0.64171124
0.6444536
0.6415741
0.6392431
0.6423968
0.6423968
0.6352667
0.64253396
0.64253396
0.64404225
0.6443165
0.6454134
0.6399287
0.64267105
0.6430824
0.6439051
0.6443165
0.6329357
0.6459619
0.6430824
0.6444536
0.64253396
0.6444536
0.6408885
0.64417934
0.6389689
0.64404225
0.6445907
0.64171124
0.6462361
0.64568764
0.6452763
0.6463732
0.64651036
0.64651036
0.64719594
0.64664745
0.6459619
0.643768
0.6452763
0.6415741
0.6478815
0.6429453
0.63814616
0.6412999
0.6448649
0.64500207
0.6462361
0.64555055
0.6489785
0.64719594
0.6452763
0.6429453
0.6462361
0.64815575
0.64856714
0.6502125
0.639106
0.6400658
0.65816534
0.64705884
0.64856714
0.64253396
0.6454134
0.64500207
0.6462361
0.6493898
0.64568764
0.6454134
0.64801866
0.6407514
0.64801866
0.6434938
0.64651036
0.64856714
0.65418893
0.6375977
0.6428082
0.64843
0.65364045
0.64500207
0.6552859
0.650761
0.65939945
0.64870423
0.6498012
0.64760727
0.64966404
0.6492527
0.64651036
0.64020294
0.643768
0.65501165
0.65405184
0.6404772
0.6528178
0.6408885
0.64801866
0.6552859
0.6493898
0.6467846
0.653092
0.6569313
0.6423968
0.6576169
0.6502125
0.64212257
0.64815575
0.6532291
0.6544632
0.6513095
0.66598105
0.65501165
0.650761
0.6492527
0.65103525
0.6459619
0.64966404
0.64760727
0.6632387
0.6606335
0.650761
0.6419855
0.6606335
0.6558344
0.65117234
0.6567942
0.66035926
0.65789115
0.6683121
0.6517208
0.65706843
0.65487456
0.65158373
0.6651584
0.6544632
0.65816534
0.667078
0.6637872
0.6474702
0.651858
0.651858
0.6543261
0.66940904
0.65364045
0.65898806
0.6562457
0.65117234
0.6598108
0.66790074
0.66886055
0.667078
0.6628274
0.65747976
0.6669409
0.66049635
0.6621418
0.6661182
0.66940904
0.6543261
0.65638286
0.6707802
0.66392434
0.6622789
0.65405184
0.6528178
0.6676265
0.6662553
0.67174
0.6584396
0.65706843
0.65706843
0.67338544
0.65802824
0.66090775
0.66392434
0.6552859
0.66940904
0.6543261
0.6607706
0.6572055
0.6585767
0.6699575
0.6732483
0.65254354
0.6655697
0.67187715
0.66639245
0.6621418
0.6707802
0.66735226
0.6607706
0.6685863
0.65364045
0.66241604
0.66584396
0.6669409
0.6744824
0.6626902
0.67132866
0.668175
0.6729741
0.6711916
0.6640614
0.6711916
0.6716029
0.6668038
0.67050594
0.66392434
0.667078
0.6651584
0.66748935
0.6737968
0.67036885
0.66940904
0.67132866
0.6716029
0.67091733
0.6576169
0.664747
0.6711916
0.67585355
0.6744824
0.6696833
0.6631016
0.66584396
0.66982037
0.6761278
0.67352253
0.6731112
0.6699575
0.6744824
0.6732483
0.66803783
0.6785959
0.6746195
0.6716029
0.6706431
0.67681336
0.65953654
0.6777732
0.674071
0.6744824
0.668175
0.674071
0.66940904
0.6747566
0.6710544
0.67571646
0.6739339
0.67736185
0.67530507
0.6770876
0.6746195
0.6724256
0.66940904
0.6762649
0.6739339
0.67736185
0.6702317
0.6687234
0.6677636
0.67269987
0.6725627
0.6770876
0.6750308
0.6744824
0.67174
0.6785959
0.6784588
0.6806527
0.6761278
0.6744824
0.67420816
0.67873305
0.6776361
0.675168
0.674071
0.6746195
0.6791444
0.68078977
0.6809269
0.67571646
0.68133825
0.66940904
0.6744824
0.6780474
0.6737968
0.6737968
0.67873305
0.6805156
0.6776361
0.6785959
0.67873305
0.6702317
0.6725627
0.6776361
0.67530507
0.67969286
0.67832166
0.68078977
0.6799671
0.6799671
0.6799671
0.6792815
0.6809269
0.67201424
0.6838064
0.6831208
0.6824352
0.6829837
0.6776361
0.68120116
0.6795557
0.6765391
0.67736185
0.68120116
0.6737968
0.68024135
0.6814754
0.6825723
0.68024135
0.6777732
0.6762649
0.6824352
0.6779103
0.6791444
0.6805156
0.6799671
0.6820239
0.68024135
0.68421775
0.6846291
0.6846291
0.6824352
0.6829837
0.6794186
0.682161
0.6780474
0.68120116
0.68284655
0.6799671
0.67818457
0.67722476
0.6829837
0.6765391
0.6794186
0.682161
0.6829837
0.6820239
0.68174964
0.6820239
0.68270946
0.6822981
0.682161
0.6805156
0.6809269
0.67640203
0.68476623
0.6820239
0.6860003
0.6814754
0.68421775
0.682161
0.6794186
0.68037844
0.6835322
0.6816125
0.6809269
0.68435484
0.67982996
0.6809269
0.6850405
0.6805156
0.68325794
0.6831208
0.6806527
0.6814754
0.6861374
0.6809269
0.6849033
0.6854518
0.68654877
0.68421775
0.684492
0.6853147
0.68174964
0.6855889
0.6850405
0.68476623
0.6840806
0.68476623
0.686823
0.6855889
0.68174964
0.68120116
0.68366927
0.6854518
0.68586314
0.6862745
0.6853147
0.6855889
0.68517756
0.686823
0.68270946
0.6840806
0.6838064
0.68476623
0.6864116
0.68476623
0.6849033
0.68572605
0.6853147
0.68654877
0.67982996
0.6860003
0.6862745
0.68654877
0.6862745
0.6869601
0.6849033
0.68270946
0.6862745
0.6854518
0.68668586
0.6850405
0.6855889
0.6854518
0.68572605
0.6854518
0.68517756
0.6869601
0.6876457
0.6877828
0.6883313
0.6854518
0.68586314
0.6870972
0.6877828
0.68586314
0.682161
0.6861374
0.6870972
0.6860003
0.68586314
0.68805707
0.6876457
0.6864116
0.6876457
0.6864116
0.6849033
0.68120116
0.6864116
0.68517756
0.6869601
0.6876457
0.68654877
0.6855889
0.6892911
0.68284655
0.68805707
0.6886055
0.6890169
0.686823
0.6883313
0.68517756
0.6870972
0.684492
0.6870972
0.68668586
0.6870972
0.6905252
0.68654877
0.6892911
0.68874264
0.6864116
0.68819416
0.6886055
0.68915397
0.68915397
0.6869601
0.6884684
0.6884684
0.68874264
0.68915397
0.6883313
0.6875086
0.68874264
0.6886055
0.6870972
0.6879199
0.6864116
0.6883313
0.6898396
0.68970245
0.68915397
0.6890169
0.6879199
0.68970245
0.686823
0.6864116
0.68874264
0.68654877
0.68915397
0.6899767
0.6901138
0.68874264
0.690388
0.68970245
0.6892911
0.6894282
0.68668586
0.6884684
0.6884684
0.6875086
0.6901138
0.6888797
0.68915397
0.6884684
0.6892911
0.6916221
0.68970245
0.6892911
0.68915397
0.6883313
0.6905252
0.68805707
0.6899767
0.6884684
0.6907994
0.69107366
0.6886055
0.6894282
0.68874264
0.6901138
0.6886055
0.6890169
0.68956536
0.6917592
0.6905252
0.69203347
0.6886055
0.69066226
0.6886055
0.6886055
0.68915397
0.686823
0.6917592
0.6917592
0.69066226
0.6898396
0.6898396
0.6894282
0.6884684
0.6886055
0.6894282
0.6901138
0.6894282
0.68805707
0.6901138
0.68970245
0.69121075
0.6892911
0.6901138
0.68915397
0.6899767
0.6890169
0.68970245
0.6901138
0.68970245
0.691485
0.68915397
0.6888797
0.6884684
0.6890169
0.6883313
0.69066226
0.6909365
0.691485
0.6917592
0.6901138
0.68956536
0.69203347
0.69107366
0.6909365
0.69121075
0.69066226
0.69107366
0.6913479
0.691485
0.6905252
0.6899767
0.68970245
0.6888797
0.6901138
0.691485
0.69107366
0.6901138
0.690388
0.6898396
0.69258195
0.6923077
0.6932675
0.69121075
0.6934046
0.69203347
0.69066226
0.6901138
0.6923077
0.691485
0.6909365
0.690388
0.6928562
0.69066226
0.6923077
0.69025093
0.68970245
0.6917592
0.6917592
0.6923077
0.6901138
0.69107366
0.6909365
0.68970245
0.6905252
0.6928562
0.69066226
0.69258195
0.69025093
0.69217056
0.6901138
0.6901138
0.69217056
0.6928562
0.6905252
0.6917592
0.69066226
0.6899767
0.6899767
0.6917592
0.69066226
0.6932675
0.6913479
0.69271904
0.69271904
0.6923077
0.69203347
0.691485
0.69203347
0.6923077
0.69422734
0.6929933
0.691485
0.69107366
0.69367886
0.6924448
0.6931304
0.6939531
0.69409025
0.6931304
0.69217056
0.6913479
0.6918963
0.69258195
0.691485
0.69258195
0.6918963
0.6939531
0.6918963
0.6943645
0.69271904
0.69203347
0.6929933
0.69463867
0.69354177
0.69409025
0.6928562
0.6960099
0.6934046
0.6945016
0.69463867
0.6939531
0.6928562
0.6947758
0.6924448
0.6931304
0.6934046
0.6945016
0.6949129
0.6928562
0.6917592
0.69258195
0.6928562
0.6918963
0.693816
0.6928562
0.69354177
0.6953243
0.6932675
0.69271904
0.6932675
0.693816
0.69367886
0.6943645
0.693816
0.69367886
0.6947758
0.6928562
0.6924448
0.69258195
0.6934046
0.691485
0.69258195
0.6929933
0.6923077
0.69518715
0.6947758
0.6929933
0.69614697
0.6929933
0.69367886
0.6928562
0.6929933
0.6947758
0.6945016
0.6932675
0.6931304
0.6939531
0.6947758
0.69518715
0.6949129
0.6953243
0.6960099
0.69518715
0.6968326
0.69505006
0.69258195
0.69669545
0.69573563
0.6953243
0.6931304
0.69463867
0.69354177
0.6960099
0.693816
0.69367886
0.69409025
0.69669545
0.69518715
0.69518715
0.6939531
0.6962841
0.69710684
0.69765526
0.69505006
0.6923077
0.6931304
0.6943645
0.69422734
0.69463867
0.69669545
0.6979295
0.6954614
0.69367886
0.6931304
0.693816
0.6968326
0.6949129
0.69573563
0.6958728
0.69463867
0.6977924
0.69518715
0.69614697
0.6928562
0.6972439
0.6973811
0.6977924
0.69559854
0.69505006
0.69505006
0.69655836
0.6960099
0.6958728
0.69518715
0.69614697
0.6972439
0.69655836
0.6954614
0.69559854
0.6960099
0.69669545
0.6973811
0.6945016
0.69861513
0.69820374
0.69655836
0.6954614
0.69806665
0.6969697
0.69463867
0.69765526
0.69573563
0.6958728
0.69751817
0.69765526
0.69820374
0.6973811
0.6962841
0.6960099
0.6964212
0.6964212
0.69765526
0.69669545
0.69806665
0.69820374
0.6968326
0.69765526
0.69820374
0.69367886
0.69559854
0.6947758
0.69409025
0.69655836
0.69559854
0.69505006
0.6973811
0.6960099
0.6969697
0.69655836
0.6969697
0.6964212
0.6960099
0.69710684
0.6960099
0.6972439
0.6964212
0.69573563
0.69669545
0.69655836
0.6968326
0.69710684
0.6968326
0.69573563
0.69614697
0.69518715
0.69655836
0.6973811
0.6969697
0.69518715
0.6968326
0.6972439
0.69765526
0.6964212
0.6958728
0.6962841
0.6969697
0.6977924
0.6973811
0.6968326
0.6972439
0.69655836
0.69765526
0.69751817
0.69806665
0.69861513
0.69751817
0.6969697
0.69751817
0.6973811
0.69765526
0.69820374
0.69669545
0.6979295
0.69765526
0.6987522
0.69806665
0.6962841
0.69655836
0.6979295
0.69710684
0.6972439
0.698478
0.69655836
0.69614697
0.69669545
0.6973811
0.6969697
0.6960099
0.6964212
0.6983409
0.69861513
0.69861513
0.6969697
0.69820374
0.69820374
0.6979295
0.6969697
0.698478
0.698478
0.69820374
0.69820374
0.69971204
0.6988894
0.698478
0.69902647
0.69765526
0.69806665
0.6972439
0.6977924
0.6977924
0.69710684
0.6973811
0.69751817
0.69710684
0.69710684
0.69669545
0.6968326
0.6962841
0.69710684
0.69710684
0.6983409
0.69820374
0.6988894
0.69765526
0.6987522
0.69573563
0.6969697
0.69820374
0.6994378
0.69916356
0.6979295
0.698478
0.69765526
0.69806665
0.69806665
0.6993007
0.6979295
0.6993007
0.698478
0.69765526
0.698478
0.69765526
0.69655836
0.6973811
0.69820374
0.6987522
0.698478
0.69765526
0.69765526
0.6988894
0.6988894
0.69957495
0.6988894
0.6988894
0.6983409
0.69765526
0.69765526
0.698478
0.6972439
0.69806665
0.6979295
0.69820374
0.69765526
0.69806665
0.69751817
0.69751817
0.6972439
0.69861513
0.6979295
0.69806665
0.6979295
0.69806665
0.69902647
0.6999863
0.6999863
0.69902647
0.69820374
0.6994378
0.698478
0.6993007
0.6998492
0.6993007
0.6987522
0.6994378
0.6994378
0.698478
0.69916356
0.6983409
0.70108324
0.7002605
0.6987522
0.69806665
0.6993007
0.6977924
0.69765526
0.69957495
0.7001234
0.6993007
0.6998492
0.6983409
0.6988894
0.70053476
0.7001234
0.698478
0.6987522
0.69971204
0.7001234
0.7002605
0.69916356
0.69957495
0.70067185
0.70067185
0.7001234
0.70067185
0.7003977
0.6998492
0.70122033
0.70067185
0.70053476
0.7014946
0.70053476
0.6993007
0.7016317
0.700809
0.6994378
0.69861513
0.70053476
0.7002605
0.70067185
0.7009461
0.69806665
0.69971204
0.6999863
0.7001234
0.70067185
0.70067185
0.70053476
0.6998492
0.7013575
0.698478
0.7002605
0.70067185
0.7009461
0.6998492
0.700809
0.7003977
0.69971204
0.6999863
0.6988894
0.70053476
0.70053476
0.69916356
0.7002605
0.6999863
0.6998492
0.6994378
0.69971204
0.6993007
0.69861513
0.7001234
0.6998492
0.69902647
0.7002605
0.7001234
0.7003977
0.69971204
0.6987522
0.6994378
0.7002605
0.698478
0.7001234
0.69916356
0.6998492
0.6987522
0.6983409
0.70067185
0.6999863
0.7001234
0.69902647
0.7003977
0.69971204
0.6977924
0.6998492
0.6988894
0.7001234
0.69902647
0.69902647
0.69916356
0.7002605
0.70122033
0.70108324
0.69916356
0.7002605
0.7009461
0.7002605
0.7001234
0.7001234
0.7003977
0.7001234
0.70067185
0.6998492
0.7001234
0.69957495
0.7001234
0.7001234
0.7002605
0.69957495
0.70259154
0.7009461
0.700809
0.6994378
0.7002605
0.7001234
0.69902647
0.7001234
0.70053476
0.6999863
0.7003977
0.7009461
0.7009461
0.69916356
0.7002605
0.7002605
0.70053476
0.7002605
0.7003977
0.7003977
0.7003977
0.70122033
0.7001234
0.7003977
0.70053476
0.7023173
0.7002605
0.6999863
0.70122033
0.7002605
0.6999863
0.7003977
0.70053476
0.700809
0.7002605
0.7002605
0.70067185
0.7001234
0.7002605
0.7002605
0.6994378
0.70053476
0.700809
0.70053476
0.70067185
0.7001234
0.7001234
0.7009461
0.7002605
0.69820374
0.7009461
0.7009461
0.70053476
0.7009461
0.7009461
0.70053476
0.7009461
0.7002605
0.70053476
0.70053476
0.70122033
0.700809
0.69971204
0.70067185
0.7024544
0.7003977
0.7002605
0.7001234
0.6998492
0.7009461
0.69971204
0.70053476
0.7002605
0.70053476
0.70067185
0.70053476
0.6999863
0.7013575
0.7014946
0.70053476
0.7003977
0.70067185
0.70067185
0.7003977
0.700809
0.7003977
0.7001234
0.7003977
0.70053476
0.70122033
0.7001234
0.6993007
0.7009461
0.70122033
0.7009461
0.7009461
0.70053476
0.70108324
0.70108324
0.69971204
0.7002605
0.70108324
0.7002605
0.69971204
0.7003977
0.70259154
0.70204306
0.7014946
0.7002605
0.70053476
0.70190597
0.70190597
0.7009461
0.70108324
0.7009461
0.70067185
0.70122033
0.70053476
0.7013575
0.70108324
0.7003977
0.7016317
0.7016317
0.7009461
0.70122033
0.7014946
0.70122033
0.7003977
0.7003977
0.70067185
0.70053476
0.700809
0.7009461
0.7013575
0.7013575
0.70122033
0.7001234
0.7016317
0.70108324
0.7017688
0.7016317
0.70204306
0.70122033
0.700809
0.7013575
0.700809
0.70122033
0.70108324
0.69971204
0.7013575
0.70204306
0.7003977
0.70122033
0.700809
0.7016317
0.7016317
0.7009461
0.7016317
0.70204306
0.7014946
0.7002605
0.70108324
0.7014946
0.7009461
0.7003977
0.70122033
0.7014946
0.700809
0.7013575
0.70190597
0.7027286
0.70190597
0.7003977
0.7016317
0.70314
0.7017688
0.70067185
0.70218015
0.70108324
0.70053476
0.7014946
0.7016317
0.70122033
0.7017688
0.70218015
0.7016317
0.7016317
0.70190597
0.7017688
0.7016317
0.7017688
0.7013575
0.7024544
0.70108324
0.70190597
0.7014946
0.7016317
0.70053476
0.7017688
0.7002605
0.7016317
0.7014946
0.70067185
0.70053476
0.7014946
0.700809
0.7002605
0.7024544
0.70204306
0.700809
0.7017688
0.7009461
0.70341426
0.70259154
0.70204306
0.7027286
0.7013575
0.7028658
0.7039627
0.70204306
0.7023173
0.7024544
0.70122033
0.7024544
0.70300287
0.70122033
0.700809
0.70108324
0.7024544
0.7023173
0.70122033
0.7017688
0.7014946
0.7017688
0.7024544
0.70314
0.7023173
0.70218015
0.7014946
0.7017688
0.70122033
0.7032771
0.70218015
0.7024544
0.70122033
0.7016317
0.69957495
0.70218015
0.70218015
0.7014946
0.7016317
0.70259154
0.70218015
0.70204306
0.7028658
0.7024544
0.7016317
0.70218015
0.70505965
0.7028658
0.70204306
0.70190597
0.7023173
0.7013575
0.70122033
0.7024544
0.7013575
0.70218015
0.7014946
0.70108324
0.70259154
0.7023173
0.7028658
0.7014946
0.70190597
0.70218015
0.7023173
0.70204306
0.70519674
0.70190597
0.7023173
0.70190597
0.70259154
0.7016317
0.7024544
0.7013575
0.70190597
0.70190597
0.70218015
0.7017688
0.70108324
0.7027286
0.70218015
0.70355135
0.7028658
0.70341426
0.70259154
0.70314
0.7027286
0.7023173
0.70204306
0.7023173
0.70122033
0.7024544
0.7023173
0.7032771
0.7027286
0.70204306
0.70204306
0.70218015
0.7023173
0.70314
0.70259154
0.7024544
0.70218015
0.7024544
0.70314
0.7024544
0.70451117
0.70355135
0.70519674
0.70355135
0.7038256
0.70314
0.70300287
0.7038256
0.7028658
0.7027286
0.7028658
0.7024544
0.70368844
0.7038256
0.7038256
0.70300287
0.7032771
0.70314
0.70409983
0.7027286
0.70314
0.70341426
0.70355135
0.70355135
0.70409983
0.7039627
0.7043741
0.7042369
0.7032771
0.70314
0.7032771
0.7024544
0.7032771
0.7023173
0.7024544
0.7024544
0.7027286
0.7038256
0.7023173
0.70204306
0.7032771
0.7032771
0.70368844
0.70368844
0.70355135
0.70341426
0.7023173
0.70355135
0.70300287
0.70218015
0.70259154
0.7032771
0.7038256
0.70300287
0.70218015
0.7032771
0.70314
0.7032771
0.7023173
0.70300287
0.7032771
0.70368844
0.70259154
0.70314
0.7028658
0.7027286
0.70368844
0.7039627
0.7027286
0.70314
0.70314
0.70355135
0.70259154
0.70314
0.7028658
0.7038256
0.70300287
0.7038256
0.70341426
0.705471
0.70492256
0.70300287
0.70314
0.70355135
0.70341426
0.7043741
0.70451117
0.70314
0.70300287
0.7032771
0.7039627
0.70341426
0.7046483
0.7039627
0.7032771
0.70314
0.70300287
0.7056081
0.70300287
0.7061566
0.70314
0.70409983
0.70259154
0.7024544
0.70300287
0.7038256
0.70355135
0.7023173
0.7042369
0.70190597
0.7032771
0.7038256
0.70314
0.70300287
0.70314
0.7023173
0.7038256
0.70300287
0.70368844
0.70259154
0.7027286
0.7038256
0.7027286
0.7028658
0.70218015
0.70218015
0.7027286
0.7028658
0.70492256
0.70355135
0.70451117
0.70314
0.70314
0.70300287
0.70368844
0.70368844
0.70300287
0.70355135
0.7042369
0.7043741
0.7028658
0.70300287
0.70409983
0.7027286
0.70492256
0.7047854
0.7046483
0.70355135
0.70300287
0.70300287
0.7032771
0.70341426
0.7024544
0.7028658
0.70451117
0.70451117
0.70409983
0.705471
0.70314
0.70409983
0.70519674
0.70368844
0.7038256
0.7032771
0.7042369
0.7042369
0.7032771
0.70368844
0.70355135
0.7062937
0.70451117
0.70341426
0.70300287
0.7032771
0.7032771
0.7032771
0.7046483
0.70355135
0.7038256
0.7046483
0.7039627
0.70409983
0.7043741
0.70601946
0.7053339
0.70355135
0.70519674
0.70341426
0.70368844
0.7043741
0.7038256
0.70409983
0.7024544
0.7043741
0.7038256
0.70409983
0.7043741
0.7032771
0.70341426
0.7042369
0.70492256
0.70368844
0.7042369
0.70355135
0.7046483
0.70409983
0.7042369
0.7061566
0.7047854
0.7042369
0.7046483
0.7039627
0.7039627
0.70341426
0.7046483
0.7038256
0.70355135
0.70451117
0.70505965
0.7043741
0.7069793
0.70368844
0.7038256
0.7047854
0.7039627
0.70409983
0.7043741
0.70355135
0.7039627
0.70451117
0.7047854
0.7042369
0.7042369
0.70368844
0.7047854
0.70368844
0.7039627
0.7042369
0.70492256
0.70355135
0.7043741
0.7043741
0.7038256
0.70519674
0.70314
0.7042369
0.7039627
0.7046483
0.70355135
0.70355135
0.7046483
0.7039627
0.70409983
0.7046483
0.7039627
0.7068422
0.7032771
0.7028658
0.7068422
0.7039627
0.70341426
0.70314
0.70355135
0.70355135
0.70409983
0.70341426
0.70492256
0.7057452
0.7039627
0.70409983
0.7042369
0.7032771
0.7072535
0.7039627
0.7028658
0.7046483
0.7046483
0.7032771
0.70368844
0.70314
0.70409983
0.705471
0.7042369
0.7042369
0.7032771
0.7042369
0.70451117
0.70492256
0.7043741
0.7046483
0.70341426
0.70341426
0.7038256
0.7062937
0.7042369
0.70314
0.7038256
0.70409983
0.7053339
0.7047854
0.70492256
0.7053339
0.70355135
0.7056081
0.7043741
0.7043741
0.705471
0.7042369
0.70505965
0.7047854
0.7069793
0.7047854
0.70355135
0.7043741
0.70409983
0.7042369
0.70519674
0.70300287
0.7038256
0.70368844
0.70793915
0.7039627
0.7046483
0.7032771
0.70601946
0.7057452
0.7061566
0.7043741
0.7047854
0.7043741
0.7042369
0.70519674
0.70505965
0.7047854
0.70752776
0.7047854
0.7057452
0.70451117
0.7053339
0.705471
0.70492256
0.7053339
0.70889896
0.70492256
0.7058824
0.7042369
0.7053339
0.7053339
0.70656794
0.7076649
0.70903605
0.7057452
0.7053339
0.7042369
0.7047854
0.70492256
0.70519674
0.70519674
0.7069793
0.70451117
0.70670503
0.7062937
0.70739067
0.70505965
0.70601946
0.70300287
0.7057452
0.7039627
0.70492256
0.7071164
0.7027286
0.7039627
0.70355135
0.7046483
0.7042369
0.7039627
0.70341426
0.7038256
0.7053339
0.7046483
0.70492256
0.7043741
0.70643085
0.70519674
0.70505965
0.7043741
0.70505965
0.70656794
0.7047854
0.70492256
0.70643085
0.70601946
0.70752776
0.7071164
0.70492256
0.7058824
0.7062937
0.7056081
0.7072535
0.70451117
0.70451117
0.70519674
0.70409983
0.7047854
0.7057452
0.70368844
0.7058824
0.7062937
0.7069793
0.7042369
0.70451117
0.70670503
0.7056081
0.70601946
0.7057452
0.70519674
0.7058824
0.705471
0.7093103
0.70670503
0.70368844
0.70643085
0.70492256
0.705471
0.70807624
0.70752776
0.7047854
0.70601946
0.70492256
0.70670503
0.705471
0.70903605
0.70643085
0.7083505
0.7083505
0.70451117
0.70656794
0.70519674
0.7062937
0.7046483
0.7057452
0.70601946
0.7046483
0.70492256
0.70505965
0.70505965
0.70752776
0.7062937
0.7098588
0.7057452
0.70368844
0.7058824
0.70409983
0.7084876
0.7057452
0.7061566
0.70643085
0.7076649
0.7042369
0.7047854
0.70643085
0.70601946
0.7042369
0.70409983
0.7102701
0.7057452
0.70643085
0.70492256
0.70519674
0.7046483
0.70355135
0.70492256
0.70601946
0.70492256
0.70505965
0.7061566
0.70519674
0.7076649
0.70643085
0.7043741
0.7071164
0.7062937
0.7043741
0.7057452
0.7069793
0.7068422
0.7072535
0.70505965
0.7038256
0.70643085
0.70451117
0.7069793
0.70807624
0.7039627
0.7102701
0.70889896
0.70643085
0.7038256
0.7068422
0.70355135
0.70752776
0.70903605
0.70643085
0.7053339
0.70889896
0.7057452
0.70739067
0.7086247
0.7053339
0.70670503
0.70368844
0.7056081
0.7057452
0.7046483
0.7076649
0.7053339
0.7046483
0.7053339
0.7084876
0.7047854
0.7042369
0.70601946
0.70793915
0.7038256
0.70643085
0.707802
0.7117784
0.70505965
0.7057452
0.7071164
0.7086247
0.7043741
0.70505965
0.7072535
0.70656794
0.7082133
0.70670503
0.70519674
0.7058824
0.7042369
0.70889896
0.7112299
0.70505965
0.70670503
0.705471
0.7057452
0.7047854
0.7058824
0.7057452
0.707802
0.7069793
0.7086247
0.70643085
0.70739067
0.70505965
0.7056081
0.7068422
0.7087618
0.7091732
0.70944744
0.7093103
0.7083505
0.70670503
0.7046483
0.70670503
0.7058824
0.7072535
0.7072535
0.7068422
0.7086247
0.7071164
0.7108186
0.7106815
0.7087618
0.70903605
0.70643085
0.70889896
0.70656794
0.7058824
0.70601946
0.70643085
0.7084876
0.7091732
0.7098588
0.7069793
0.70999587
0.7069793
0.7056081
0.70944744
0.7057452
0.707802
0.7091732
0.7072535
0.7123269
0.7058824
0.71246403
0.7084876
0.70739067
0.71095574
0.7046483
0.707802
0.7062937
0.7071164
0.70752776
0.710133
0.70670503
0.70519674
0.7071164
0.710133
0.70656794
0.70643085
0.7086247
0.7121898
0.7083505
0.70903605
0.70492256
0.70807624
0.7084876
0.71246403
0.70958453
0.7082133
0.7069793
0.7116413
0.70643085
0.70958453
0.70999587
0.70958453
0.7086247
0.707802
0.70656794
0.7062937
0.7062937
0.710133
0.7058824
0.7069793
0.70643085
0.7061566
0.70944744
0.7091732
0.7093103
0.7093103
0.71205264
0.70793915
0.7112299
0.7058824
0.7098588
0.7102701
0.707802
0.7082133
0.7071164
0.705471
0.710133
0.70793915
0.7098588
0.7076649
0.7126011
0.70903605
0.7057452
0.7071164
0.710133
0.70903605
0.7068422
0.7097216
0.70793915
0.7113671
0.7082133
0.70999587
0.710133
0.7112299
0.7083505
0.70793915
0.7053339
0.710133
0.70656794
0.70958453
0.70944744
0.7083505
0.7113671
0.7102701
0.70739067
0.707802
0.7086247
0.7110928
0.70601946
0.707802
0.70958453
0.70903605
0.7056081
0.70807624
0.7127382
0.710133
0.71287537
0.7112299
0.7123269
0.7097216
0.7126011
0.710133
0.70739067
0.70807624
0.7132867
0.7098588
0.70656794
0.70958453
0.7112299
0.7086247
0.7058824
0.70601946
0.7076649
0.7084876
0.71246403
0.7102701
0.70958453
0.70793915
0.7086247
0.71040726
0.71246403
0.7106815
0.7136981
0.71287537
0.7106815
0.70601946
0.70958453
0.71095574
0.70793915
0.7132867
0.70944744
0.71040726
0.7123269
0.71040726
0.7091732
0.71095574
0.71054435
0.7093103
0.7072535
0.70958453
0.7062937
0.71054435
0.7102701
0.707802
0.7098588
0.7091732
0.7084876
0.71205264
0.7098588
0.7117784
0.7126011
0.7093103
0.7057452
0.71246403
0.7116413
0.71301246
0.7076649
0.7068422
0.7068422
0.71040726
0.7069793
0.710133
0.70505965
0.7086247
0.71301246
0.7121898
0.7132867
0.71356094
0.70903605
0.70752776
0.7097216
0.7126011
0.7131496
0.7123269
0.7098588
0.7093103
0.7082133
0.7082133
0.7071164
0.7132867
0.710133
0.707802
0.7093103
0.7117784
0.71150416
0.7112299
0.71095574
0.71150416
0.7121898
0.70670503
0.7132867
0.7058824
0.71438366
0.7123269
0.7058824
0.7093103
0.70656794
0.7106815
0.710133
0.7087618
0.7093103
0.70519674
0.7132867
0.7043741
0.7138352
0.7083505
0.7082133
0.7136981
0.7127382
0.71150416
0.7132867
0.71438366
0.7072535
0.7084876
0.7116413
0.70944744
0.70752776
0.7086247
0.70999587
0.7068422
0.7117784
0.71191555
0.7082133
0.7106815
0.71191555
0.7091732
0.7152064
0.7086247
0.7106815
0.7127382
0.7091732
0.71287537
0.70793915
0.7142465
0.70807624
0.70903605
0.71287537
0.7141094
0.7121898
0.7136981
0.7093103
0.710133
0.71246403
0.71301246
0.7076649
0.7058824
0.7087618
0.7083505
0.70889896
0.7116413
0.7123269
0.7091732
0.7069793
0.7146579
0.71040726
0.7138352
0.7072535
0.7146579
0.7146579
0.7068422
0.7113671
0.71301246
0.7132867
0.714795
0.7106815
0.71397233
0.7113671
0.7138352
0.71493214
0.7132867
0.70903605
0.7083505
0.71191555
0.7146579
0.71150416
0.7106815
0.71438366
0.71342385
0.71438366
0.71342385
0.7091732
0.7071164
0.7157548
0.7076649
0.71287537
0.70944744
0.70889896
0.70999587
0.714795
0.71246403
0.7126011
0.71205264
0.71356094
0.7138352
0.7113671
0.71246403
0.7136981
0.71191555
0.71342385
0.7141094
0.7141094
0.71452075
0.7082133
0.70903605
0.71493214
0.7121898
0.7142465
0.7123269
0.70944744
0.7161662
0.71054435
0.71095574
0.71150416
0.71095574
0.70739067
0.7127382
0.7127382
0.7091732
0.71150416
0.70643085
0.7156177
0.7083505
0.70889896
0.7157548
0.710133
0.7097216
0.7126011
0.7157548
0.71301246
0.7167147
0.7136981
0.71452075
0.7116413
0.71493214
0.7097216
0.71301246
0.71191555
0.714795
0.71040726
0.7131496
0.70944744
0.7084876
0.71150416
0.71191555
0.7126011
0.7106815
0.70670503
0.71356094
0.71506923
0.7110928
0.7102701
0.70903605
0.7156177
0.7113671
0.710133
0.71438366
0.71246403
0.7072535
0.7153435
0.7153435
0.7084876
0.70958453
0.70739067
0.7091732
0.7072535
0.70889896
0.7097216
0.7116413
0.71452075
0.7097216
0.71040726
0.7097216
0.7083505
0.7098588
0.71506923
0.7136981
0.7113671
0.710133
0.7141094
0.71287537
0.7123269
0.7121898
0.71150416
0.7116413
0.710133
0.7156177
0.7093103
0.7127382
0.7117784
0.7154806
0.70670503
0.7153435
0.71493214
0.7146579
0.7131496
0.7087618
0.71246403
0.7154806
0.71506923
0.71040726
0.71205264
0.7146579
0.71506923
0.7110928
0.71506923
0.71150416
0.7062937
0.71506923
0.71040726
0.71342385
0.70601946
0.710133
0.71397233
0.7098588
0.71493214
0.71246403
0.7108186
0.71602905
0.7102701
0.7091732
0.7068422
0.7097216
0.71342385
0.71506923
0.7153435
0.7152064
0.7097216
0.71191555
0.7112299
0.7087618
0.7113671
0.71506923
0.7131496
0.71356094
0.71150416
0.71342385
0.7091732
0.71301246
0.7153435
0.70739067
0.7082133
0.7116413
0.7138352
0.714795
0.71205264
0.7127382
0.70889896
0.7141094
0.71040726
0.7132867
0.71191555
0.71438366
0.71040726
0.7098588
0.7102701
0.7131496
0.71205264
0.70999587
0.7113671
0.7152064
0.71438366
0.714795
0.7138352
0.7102701
0.7123269
0.71054435
0.7117784
0.7116413
0.7136981
0.71246403
0.71095574
0.7083505
0.7102701
0.7127382
0.7142465
0.7141094
0.7086247
0.70793915
0.7106815
0.7141094
0.71452075
0.710133
0.7123269
0.714795
0.7112299
0.7127382
0.71191555
0.7146579
0.71506923
0.7097216
0.71452075
0.7141094
0.7146579
0.7113671
0.71493214
0.70903605
0.7084876
0.7154806
0.7121898
0.7141094
0.71356094
0.7123269
0.710133
0.7097216
0.7131496
0.7154806
0.71095574
0.71301246
0.71246403
0.71452075
0.71301246
0.7152064
0.7112299
0.71205264
0.71246403
0.71246403
0.71301246
0.71191555
0.7146579
0.71342385
0.7068422
0.70807624
0.71191555
0.7112299
0.71205264
0.7106815
0.71493214
0.71205264
0.7141094
0.7097216
0.7126011
0.7087618
0.7127382
0.71506923
0.71191555
0.7076649
0.7131496
0.71356094
0.71397233
0.7108186
0.70999587
0.70944744
0.7146579
0.7136981
0.71301246
0.7108186
0.7112299
0.7117784
0.7123269
0.71506923
0.7131496
0.7152064
0.71301246
0.71438366
0.71287537
0.7157548
0.7157548
0.7156177
0.7136981
0.7076649
0.71589196
0.7157548
0.7116413
0.7152064
0.71493214
0.71205264
0.70903605
0.7152064
0.71397233
0.7138352
0.71397233
0.71095574
0.71493214
0.7154806
0.7117784
0.7154806
0.7153435
0.714795
0.71438366
0.7157548
0.71438366
0.7132867
0.71246403
0.71150416
0.7127382
0.707802
0.7157548
0.71150416
0.7153435
0.71150416
0.71287537
0.71342385
0.7153435
0.71356094
0.7141094
0.7091732
0.7157548
0.7157548
0.71438366
0.7152064
0.7138352
0.7098588
0.7123269
0.7156177
0.7156177
0.71602905
0.7154806
0.7156177
0.71246403
0.7127382
0.7146579
0.71205264
0.7153435
0.7123269
0.71191555
0.71246403
0.70903605
0.70999587
0.71493214
0.71493214
0.7136981
0.71602905
0.7108186
0.71602905
0.7154806
0.71246403
0.71191555
0.71287537
0.7121898
0.7126011
0.71657753
0.71493214
0.7156177
0.71191555
0.71040726
0.7116413
0.71205264
0.7136981
0.7146579
0.71356094
0.714795
0.7154806
0.7153435
0.71205264
0.71589196
0.71397233
0.71040726
0.7123269
0.71397233
0.71356094
0.7156177
0.7146579
0.7136981
0.7154806
0.71602905
0.7153435
0.7161662
0.71095574
0.71054435
0.70752776
0.71397233
0.7110928
0.7152064
0.7138352
0.714795
0.71589196
0.71246403
0.7131496
0.71506923
0.7121898
0.71301246
0.7091732
0.7131496
0.7123269
0.71493214
0.7110928
0.71493214
0.7146579
0.71438366
0.7152064
0.7108186
0.71506923
0.7154806
0.7152064
0.71301246
0.71191555
0.7153435
0.7141094
0.7126011
0.71287537
0.7142465
0.7131496
0.7117784
0.7146579
0.7146579
0.7156177
0.7102701
0.7146579
0.7152064
0.7152064
0.7132867
0.7113671
0.7138352
0.7116413
0.71493214
0.7141094
0.7131496
0.71150416
0.71205264
0.7142465
0.7152064
0.71452075
0.71506923
0.714795
0.71287537
0.7152064
0.71438366
0.7138352
0.71506923
0.714795
0.714795
0.7152064
0.71191555
0.7153435
0.7084876
0.7123269
0.71589196
0.71644044
0.7136981
0.7126011
0.71493214
0.71205264
0.7153435
0.7152064
0.71438366
0.7142465
0.71506923
0.714795
0.7153435
0.71493214
0.7152064
0.7152064
0.7156177
0.7117784
0.71301246
0.7157548
0.7136981
0.7152064
0.7136981
0.7112299
0.71246403
0.71493214
0.7153435
0.7156177
0.70944744
0.7153435
0.71506923
0.71246403
0.7112299
0.71493214
0.7136981
0.71589196
0.7123269
0.7157548
0.7157548
0.7153435
0.71301246
0.7117784
0.7126011
0.71493214
0.71095574
0.71506923
0.7136981
0.71397233
0.71452075
0.7141094
0.7127382
0.71301246
0.7112299
0.71040726
0.7146579
0.714795
0.7154806
0.7146579
0.7121898
0.714795
0.714795
0.71246403
0.7156177
0.71438366
0.7131496
0.71150416
0.71589196
0.71589196
0.7154806
0.7152064
0.7153435
0.7157548
0.71287537
0.7157548
0.71602905
0.7163033
0.71287537
0.7156177
0.71589196
0.7106815
0.7138352
0.7146579
0.7132867
0.7152064
0.71452075
0.71506923
0.71246403
0.71589196
0.7121898
0.71342385
0.7123269
0.7154806
0.7156177
0.71246403
0.7131496
0.7097216
0.7131496
0.71205264
0.7161662
0.7157548
0.71205264
0.7116413
0.71589196
0.7161662
0.71589196
0.71506923
0.7157548
0.7138352
0.7157548
0.7154806
0.71589196
0.7142465
0.71602905
0.71356094
0.71506923
0.7142465
0.7163033
0.71301246
0.7157548
0.71644044
0.717126
0.717126
0.71657753
0.71644044
0.7123269
0.71342385
0.7156177
0.714795
0.71506923
0.7161662
0.71644044
0.71589196
0.714795
0.7154806
0.7146579
0.7154806
0.7152064
0.71205264
0.7161662
0.7154806
0.7163033
0.7086247
0.71054435
0.7132867
0.71602905
0.7116413
0.7142465
0.71589196
0.7156177
0.7121898
0.71397233
0.714795
0.71205264
0.71602905
0.7146579
0.7121898
0.7156177
0.7141094
0.71438366
0.7136981
0.7138352
0.71397233
0.71356094
0.71205264
0.7168518
0.7152064
0.7167147
0.7121898
0.71602905
0.7136981
0.71191555
0.71301246
0.71356094
0.7163033
0.71493214
0.7146579
0.7156177
0.7157548
0.7136981
0.7154806
0.7157548
0.7161662
0.71602905
0.7141094
0.7141094
0.7156177
0.7141094
0.7163033
0.71589196
0.7153435
0.71301246
0.7156177
0.71602905
0.7153435
0.714795
0.7152064
0.71356094
0.7113671
0.71452075
0.71287537
0.71342385
0.714795
0.71246403
0.7153435
0.71602905
0.7154806
0.7126011
0.7156177
0.7113671
0.7121898
0.7163033
0.7157548
0.7157548
0.71589196
0.71493214
0.7157548
0.7153435
0.7152064
0.7156177
0.71040726
0.7153435
0.714795
0.71397233
0.7154806
0.7161662
0.71657753
0.71438366
0.7138352
0.7154806
0.71602905
0.71644044
0.71602905
0.71150416
0.7146579
0.7161662
0.71506923
0.71452075
0.71589196
0.71452075
0.71589196
0.71506923
0.7161662
0.71657753
0.71602905
0.7161662
0.7153435
0.71452075
0.7097216
0.7157548
0.71602905
0.71205264
0.71301246
0.7121898
0.7153435
0.71493214
0.7138352
0.7156177
0.7132867
0.7161662
0.7146579
0.7126011
0.71589196
0.7138352
0.71493214
0.7167147
0.7161662
0.7163033
0.71602905
0.7127382
0.7146579
0.7163033
0.71452075
0.7153435
0.7152064
0.71205264
0.71602905
0.7141094
0.7154806
0.71589196
0.71493214
0.71287537
0.7163033
0.71657753
0.7163033
0.71602905
0.7132867
0.71438366
0.71438366
0.7152064
0.71397233
0.71493214
0.7110928
0.710133
0.71342385
0.71452075
0.71506923
0.7152064
0.7141094
0.7116413
0.7154806
0.7152064
0.71205264
0.7112299
0.71452075
0.71506923
0.7156177
0.7154806
0.7156177
0.7157548
0.71205264
0.7153435
0.7157548
0.7154806
0.7157548
0.7141094
0.71301246
0.71589196
0.71397233
0.7157548
0.7121898
0.7161662
0.7154806
0.7152064
0.7157548
0.7156177
0.7141094
0.71589196
0.71589196
0.7117784
0.7163033
0.71150416
0.7157548
0.7167147
0.7161662
0.71506923
0.7157548
0.7156177
0.7117784
0.7152064
0.7121898
0.7141094
0.71452075
0.71397233
0.7136981
0.714795
0.71644044
0.7157548
0.71356094
0.71246403
0.7153435
0.71589196
0.7153435
0.7153435
0.71506923
0.7154806
0.71287537
0.7136981
0.7156177
0.71493214
0.7154806
0.714795
0.7121898
0.71438366
0.71246403
0.71287537
0.71342385
0.7157548
0.7154806
0.71301246
0.7136981
0.71452075
0.7138352
0.7138352
0.7157548
0.71246403
0.71506923
0.714795
0.7126011
0.71301246
0.7161662
0.7116413
0.71589196
0.7136981
0.7161662
0.71589196
0.714795
0.7163033
0.71095574
0.71506923
0.7152064
0.7141094
0.7154806
0.7153435
0.71506923
0.71602905
0.71246403
0.7163033
0.714795
0.71452075
0.7136981
0.71589196
0.7156177
0.7116413
0.71602905
0.7146579
0.7163033
0.71589196
0.71657753
0.71438366
0.7161662
0.71246403
0.71644044
0.7154806
0.7121898
0.71589196
0.71150416
0.7154806
0.71657753
0.7161662
0.71602905
0.7132867
0.71589196
0.71589196
0.71506923
0.7156177
0.7154806
0.7136981
0.7154806
0.71589196
0.71287537
0.7146579
0.71493214
0.7146579
0.7146579
0.7152064
0.7138352
0.71589196
0.7138352
0.71602905
0.7163033
0.71602905
0.7157548
0.7154806
0.7141094
0.7157548
0.7153435
0.71589196
0.7161662
0.7156177
0.71493214
0.7154806
0.7156177
0.7163033
0.71657753
0.7168518
0.71602905
0.71644044
0.71644044
0.7167147
0.7154806
0.7156177
0.71506923
0.7161662
0.71602905
0.7156177
0.7127382
0.71589196
0.7146579
0.7156177
0.7138352
0.71589196
0.71287537
0.7157548
0.71602905
0.7153435
0.71589196
0.7154806
0.71589196
0.7154806
0.71506923
0.7157548
0.71452075
0.7152064
0.71589196
0.7163033
0.71602905
0.71246403
0.7121898
0.7152064
0.7161662
0.7161662
0.71602905
0.71589196
0.71301246
0.7131496
0.7132867
0.71301246
0.7131496
0.7153435
0.7156177
0.7161662
0.7132867
0.71602905
0.7156177
0.7157548
0.71602905
0.7142465
0.7153435
0.714795
0.71506923
0.714795
0.7157548
0.7157548
0.7157548
0.71506923
0.71506923
0.7116413
0.7161662
0.7131496
0.7146579
0.71602905
0.714795
0.7131496
0.71602905
0.7126011
0.7154806
0.7161662
0.71644044
0.7154806
0.714795
0.7154806
0.7156177
0.7154806
0.71493214
0.7146579
0.7132867
0.7113671
0.71493214
0.7152064
0.7136981
0.714795
0.71287537
0.71342385
0.7152064
0.7153435
0.7152064
0.7153435
0.7153435
0.71493214
0.7157548
0.71452075
0.7152064
0.71506923
0.7156177
0.7156177
0.7123269
0.71438366
0.71438366
0.71438366
0.71602905
0.71644044
0.71191555
0.71452075
0.714795
0.71452075
0.7157548
0.7131496
0.71589196
0.7161662
0.714795
0.71452075
0.7127382
0.7132867
0.7146579
0.7126011
0.71506923
0.71493214
0.7132867
0.7142465
0.71602905
0.71452075
0.7152064
0.7152064
0.7152064
0.7152064
0.7127382
0.7136981
0.7142465
0.7132867
0.71342385
0.7108186
0.71438366
0.7152064
0.7136981
0.7142465
0.7141094
0.714795
0.71287537
0.71438366
0.71397233
0.71644044
0.7157548
0.7157548
0.7161662
0.71589196
0.71644044
0.7163033
0.7157548
0.7156177
0.7154806
0.7138352
0.71452075
0.71452075
0.71342385
0.7152064
0.7146579
0.7131496
0.71493214
0.7146579
0.7154806
0.714795
0.714795
0.7146579
0.71397233
0.71506923
0.71493214
0.71438366
0.71493214
0.7146579
0.7154806
0.7121898
0.7146579
0.71438366
0.7153435
0.7146579
0.7142465
0.7136981
0.71452075
0.71452075
0.71493214
0.714795
0.7152064
0.7146579
0.7157548
0.7153435
0.7157548
0.714795
0.7153435
0.7138352
0.71452075
0.7153435
0.71602905
0.7154806
0.7138352
0.7156177
0.7154806
0.71589196
0.7156177
0.7153435
0.7156177
0.714795
0.7152064
0.7152064
0.7153435
0.7116413
0.71589196
0.7146579
0.7136981
0.714795
0.7154806
0.7157548
0.7153435
0.7163033
0.71452075
0.71644044
0.71493214
0.7131496
0.7157548
0.71602905
0.7161662
0.7152064
0.7167147
0.7163033
0.71644044
0.71602905
0.7152064
0.71644044
0.7136981
0.71301246
0.7161662
0.7163033
0.71506923
0.71342385
0.7157548
0.7157548
0.7156177
0.71506923
0.71644044
0.71506923
0.71602905
0.71438366
0.7154806
0.7156177
0.7157548
0.7163033
0.7157548
0.71602905
0.71644044
0.71602905
0.7156177
0.7161662
0.7161662
0.7167147
0.7163033
0.7168518
0.71657753
0.7156177
0.7163033
0.7161662
0.7167147
0.71602905
0.7168518
0.717126
0.7163033
0.7154806
0.71506923
0.7163033
0.71602905
0.71589196
0.7157548
0.7157548
0.7132867
0.7154806
0.71602905
0.71301246
0.71644044
0.71589196
0.71602905
0.7161662
0.71397233
0.71342385
0.7163033
0.71589196
0.7156177
0.7154806
0.71493214
0.71506923
0.7123269
0.71589196
0.71589196
0.7154806
0.7157548
0.7156177
0.7153435
0.7152064
0.7152064
0.7152064
0.7138352
0.71397233
0.714795
0.7157548
0.71506923
0.71589196
0.7154806
0.7131496
0.71602905
0.7154806
0.7156177
0.7136981
0.7157548
0.7154806
0.7163033
0.71246403
0.7156177
0.7146579
0.7157548
0.71602905
0.7154806
0.7156177
0.7156177
0.71397233
0.7154806
0.71342385
0.7157548
0.7153435
0.7163033
0.71589196
0.71589196
0.7154806
0.71452075
0.71589196
0.7153435
0.71452075
0.7146579
0.7153435
0.7157548
0.7161662
0.7157548
0.7153435
0.71493214
0.7152064
0.7156177
0.7156177
0.71506923
0.7153435
0.7141094
0.7153435
0.71493214
0.7153435
0.7161662
0.7161662
0.7168518
0.71438366
0.7156177
0.7146579
0.71644044
0.7156177
0.71493214
0.7156177
0.71506923
0.7156177
0.7154806
0.7156177
0.71493214
0.7156177
0.7154806
0.71506923
0.71246403
0.7154806
0.71602905
0.71589196
0.7146579
0.71506923
0.714795
0.7153435
0.71506923
0.7154806
0.714795
0.7153435
0.7157548
0.7161662
0.7153435
0.7154806
0.71589196
0.7156177
0.7131496
0.7152064
0.7157548
0.7153435
0.714795
0.71438366
0.71356094
0.714795
0.71438366
0.7153435
0.71506923
0.714795
0.71452075
0.7157548
0.71644044
0.7157548
0.71452075
0.7142465
0.71438366
0.7123269
0.7153435
0.7154806
0.7142465
0.7156177
0.71493214
0.71493214
0.7152064
0.71493214
0.7157548
0.7123269
0.7156177
0.7146579
0.7156177
0.7152064
0.71493214
0.71493214
0.71506923
0.71589196
0.71589196
0.7156177
0.7156177
0.71506923
0.7156177
0.71602905
0.7157548
0.71602905
0.71589196
0.7154806
0.7154806
0.7161662
0.71602905
0.714795
0.7154806
0.7152064
0.714795
0.7154806
0.7141094
0.7153435
0.7156177
0.7153435
0.71506923
0.7156177
0.7156177
0.71589196
0.7163033
0.7153435
0.7156177
0.7154806
0.7161662
0.7161662
0.71602905
0.7154806
0.7127382
0.71452075
0.71438366
0.7146579
0.714795
0.71493214
0.7123269
0.714795
0.7153435
0.7157548
0.71589196
0.7157548
0.7161662
0.71397233
0.7156177
0.7163033
0.71342385
0.7154806
0.7146579
0.7157548
0.7156177
0.71602905
0.71589196
0.7154806
0.7168518
0.7138352
0.7163033
0.7142465
0.71589196
0.7157548
0.7152064
0.71493214
0.7157548
0.71438366
0.7156177
0.7153435
0.71589196
0.71589196
0.71506923
0.7154806
0.7163033
0.71589196
0.7163033
0.71589196
0.7168518
0.71602905
0.7157548
0.7154806
0.7153435
0.7156177
0.7152064
0.71493214
0.71602905
0.71493214
0.7152064
0.71452075
0.7153435
0.7163033
0.7154806
0.71589196
0.71589196
0.7152064
0.7152064
0.7156177
0.7152064
0.7154806
0.7153435
0.71452075
0.71397233
0.71506923
0.7163033
0.7146579
0.71589196
0.7154806
0.7123269
0.7117784
0.71452075
0.71589196
0.7153435
0.7157548
0.71657753
0.71602905
0.7163033
0.7163033
0.71602905
0.7168518
0.7163033
0.71602905
0.71493214
0.71657753
0.7142465
0.7157548
0.7157548
0.7156177
0.71589196
0.7154806
0.7156177
0.7154806
0.714795
0.714795
0.7141094
0.71506923
0.71589196
0.7154806
0.71506923
0.71506923
0.7153435
0.71452075
0.7154806
0.7156177
0.7156177
0.7157548
0.7154806
0.7152064
0.7156177
0.7154806
0.71493214
0.71589196
0.7161662
0.71644044
0.71589196
0.7156177
0.7156177
0.71589196
0.7153435
0.7153435
0.7156177
0.71657753
0.71657753
0.7163033
0.7163033
0.71644044
0.7154806
0.7163033
0.71657753
0.7136981
0.7153435
0.7157548
0.7141094
0.7163033
0.71589196
0.7161662
0.71589196
0.71589196
0.71506923
0.7157548
0.7153435
0.71589196
0.7163033
0.71589196
0.71602905
0.7161662
0.7156177
0.71602905
0.7157548
0.71602905
0.71602905
0.7152064
0.7156177
0.71602905
0.7153435
0.7168518
0.71657753
0.71644044
0.71644044
0.71589196
0.7152064
0.71589196
0.7163033
0.7161662
0.71493214
0.7154806
0.714795
0.7152064
0.7153435
0.7154806
0.7153435
0.7152064
0.71438366
0.7152064
0.7153435
0.7154806
0.71506923
0.71602905
0.71493214
0.7131496
0.71602905
0.7152064
0.7163033
0.7152064
0.7161662
0.7161662
0.7169889
0.71493214
0.7156177
0.7157548
0.71506923
0.71438366
0.71657753
0.7161662
0.71589196
0.7157548
0.71589196
0.71493214
0.71493214
0.71506923
0.71452075
0.7152064
0.71506923
0.7154806
0.714795
0.7157548
0.7153435
0.7152064
0.7152064
0.714795
0.71506923
0.7152064
0.71589196
0.7157548
0.7163033
0.7161662
0.7153435
0.71452075
0.7154806
0.7152064
0.71589196
0.7154806
0.71589196
0.71602905
0.71589196
0.71438366
0.7153435
0.71602905
0.7163033
0.7156177
0.71493214
0.71506923
0.7156177
0.71602905
0.7152064
0.71506923
0.7167147
0.714795
0.7154806
0.71506923
0.71506923
0.714795
0.71452075
0.71506923
0.71438366
0.7146579
0.71493214
0.7152064
0.7156177
0.71602905
0.7156177
0.71506923
0.71493214
0.7142465
0.7152064
0.71506923
0.71493214
0.7152064
0.71493214
0.71493214
0.71506923
0.71438366
0.71493214
0.7153435
0.7156177
0.71589196
0.71452075
0.71589196
0.71506923
0.7156177
0.71493214
0.71438366
0.7153435
0.7156177
0.714795
0.7156177
0.7152064
0.7152064
0.7154806
0.7156177
0.7156177
0.7154806
0.714795
0.7157548
0.71506923
0.7154806
0.71506923
0.714795
0.7152064
0.7136981
0.7146579
0.71506923
0.71602905
0.7157548
0.7153435
0.7157548
0.7153435
0.7152064
0.7152064
0.7141094
0.71493214
0.714795
0.7153435
0.7157548
0.7154806
0.7157548
0.7154806
0.7161662
0.7163033
0.71589196
0.7154806
0.7157548
0.71602905
0.7156177
0.7157548
0.7157548
0.7156177
0.7156177
0.7156177
0.7154806
0.7153435
0.71493214
0.71493214
0.714795
0.7152064
0.71452075
0.7156177
0.7153435
0.7154806
0.7146579
0.714795
0.71438366
0.71493214
0.7142465
0.71506923
0.71506923
0.7156177
0.71506923
0.7156177
0.7161662
0.7157548
0.7168518
0.7161662
0.7152064
0.7161662
0.7157548
0.71602905
0.7154806
0.7154806
0.71506923
0.71506923
0.7153435
0.71506923
0.71602905
0.7156177
0.7161662
0.7156177
0.7152064
0.7153435
0.71602905
0.7157548
0.7156177
0.7156177
0.71589196
0.71589196
0.7157548
0.71589196
0.7157548
0.7156177
0.7156177
0.7156177
0.7152064
0.7157548
0.7154806
0.7161662
0.71602905
0.71644044
0.71602905
0.7161662
0.7157548
0.71602905
0.71602905
0.71589196
0.7156177
0.71452075
0.71602905
0.7161662
0.7153435
0.7154806
0.7154806
0.71342385
0.71589196
0.7156177
0.7157548
0.7156177
0.7154806
0.71589196
0.7152064
0.7157548
0.7153435
0.7154806
0.7157548
0.7156177
0.7152064
0.7154806
0.7153435
0.7156177
0.7154806
0.7153435
0.7152064
0.7157548
0.71589196
0.71602905
0.7154806
0.7153435
0.7157548
0.7157548
0.71602905
0.71657753
0.7161662
0.7161662
0.7153435
0.7152064
0.71602905
0.7156177
0.7161662
0.7157548
0.71602905
0.71602905
0.7153435
0.7157548
0.71644044
0.71493214
0.7163033
0.7153435
0.71506923
0.714795
0.7153435
0.7156177
0.7153435
0.71589196
0.71602905
0.71506923
0.7157548
0.7163033
0.7156177
0.71589196
0.7156177
0.7156177
0.71493214
0.7157548
0.7154806
0.7154806
0.7136981
0.71493214
0.7141094
0.71506923
0.71506923
0.7152064
0.7156177
0.7146579
0.7161662
0.71740025
0.7152064
0.7156177
0.7154806
0.7146579
0.71493214
0.7156177
0.7154806
0.7157548
0.714795
0.7157548
0.71493214
0.7153435
0.7156177
0.7146579
0.7163033
0.7156177
0.7153435
0.71438366
0.71452075
0.714795
0.71452075
0.7152064
0.7152064
0.7154806
0.7146579
0.71452075
0.71452075
0.71602905
0.71452075
0.71493214
0.7168518
0.71589196
0.7157548
0.7154806
0.71452075
0.71589196
0.7163033
0.7156177
0.7153435
0.71356094
0.7154806
0.7153435
0.7154806
0.7157548
0.71506923
0.7153435
0.7157548
0.7152064
0.71493214
0.7146579
0.7152064
0.7152064
0.71493214
0.7152064
0.71506923
0.7156177
0.7156177
0.71602905
0.7142465
0.7146579
0.71438366
0.7153435
0.71493214
0.71493214
0.71452075
0.7152064
0.7146579
0.71493214
0.7136981
0.7146579
0.71438366
0.71657753
0.7141094
0.7154806
0.7146579
0.71493214
0.714795
0.7141094
0.71452075
0.7142465
0.71452075
0.71397233
0.71438366
0.714795
0.7156177
0.71506923
0.714795
0.7152064
0.7141094
0.71438366
0.71657753
0.7142465
0.714795
0.7146579
0.7156177
0.7157548
0.71452075
0.7152064
0.71493214
0.7156177
0.7136981
0.71438366
0.7154806
0.71506923
0.7146579
0.7146579
0.7146579
0.71493214
0.7154806
0.7146579
0.714795
0.7142465
0.7153435
0.71493214
0.7153435
0.7153435
0.7154806
0.7152064
0.71493214
0.71589196
0.7154806
0.7154806
0.7154806
0.7154806
0.7156177
0.7152064
0.714795
0.71493214
0.7153435
0.71506923
0.7146579
0.71493214
0.714795
0.7152064
0.7163033
0.7154806
0.7146579
0.7153435
0.71602905
0.7152064
0.71506923
0.7152064
0.7154806
0.71589196
0.7152064
0.71506923
0.7154806
0.71438366
0.71506923
0.7154806
0.7157548
0.7154806
0.7154806
0.7154806
0.71506923
0.71506923
0.71589196
0.71438366
0.7157548
0.7161662
0.71589196
0.7154806
0.7152064
0.7156177
0.7153435
0.71506923
0.71589196
0.7156177
0.71493214
0.714795
0.7152064
0.7152064
0.7154806
0.71589196
0.71753734
0.7153435
0.7153435
0.7161662
0.71644044
0.71753734
0.7157548
0.7157548
0.71438366
0.71602905
0.7161662
0.7154806
0.71644044
0.71644044
0.7156177
0.7146579
0.71452075
0.7152064
0.71506923
0.7157548
0.71506923
0.7157548
0.7156177
0.7152064
0.7156177
0.7152064
0.7154806
0.7168518
0.71506923
0.7154806
0.7156177
0.71506923
0.71602905
0.7153435
0.714795
0.7154806
0.7152064
0.7152064
0.71657753
0.7157548
0.7156177
0.71506923
0.7153435
0.7157548
0.7153435
0.7153435
0.7156177
0.71644044
0.7152064
0.7152064
0.7146579
0.71657753
0.71602905
0.7152064
0.7157548
0.7154806
0.7153435
0.7152064
0.7141094
0.71493214
0.71452075
0.71644044
0.7152064
0.71506923
0.71589196
0.7153435
0.7152064
0.7152064
0.7152064
0.7152064
0.7154806
0.7156177
0.7153435
0.7152064
0.7157548
0.71589196
0.71589196
0.7146579
0.7161662
0.7154806
0.7157548
0.7156177
0.7153435
0.7152064
0.7152064
0.71452075
0.71506923
0.714795
0.7154806
0.7154806
0.714795
0.71493214
0.71657753
0.7153435
0.7163033
0.714795
0.7167147
0.7161662
0.7146579
0.7142465
0.714795
0.71493214
0.7153435
0.7154806
0.7152064
0.71506923
0.7154806
0.7157548
0.7157548
0.7153435
0.7156177
0.71438366
0.71506923
0.714795
0.71493214
0.71493214
0.714795
0.7152064
0.7146579
0.7156177
0.71506923
0.7157548
0.71794873
0.7153435
0.7157548
0.71506923
0.7154806
0.71644044
0.7152064
0.71452075
0.7153435
0.7157548
0.71602905
0.7153435
0.7152064
0.71493214
0.71452075
0.714795
0.71657753
0.71452075
0.714795
0.7146579
0.71506923
0.71438366
0.71493214
0.71506923
0.7146579
0.714795
0.71657753
0.7156177
0.714795
0.7172631
0.714795
0.71493214
0.7163033
0.7152064
0.71506923
0.7152064
0.71589196
0.71506923
0.7152064
0.71493214
0.7161662
0.7152064
0.7167147
0.7172631
0.717126
0.7157548
0.7163033
0.7156177
0.71657753
0.7153435
0.7154806
0.71602905
0.71589196
0.7154806
0.7153435
0.7152064
0.71657753
0.71644044
0.7153435
0.7167147
0.7161662
0.7172631
0.71644044
0.71602905
0.7153435
0.7154806
0.7153435
0.71589196
0.7157548
0.714795
0.7167147
0.7163033
0.7168518
0.7153435
0.7163033
0.71506923
0.7146579
0.7153435
0.7142465
0.71438366
0.7146579
0.7146579
0.71452075
0.7163033
0.71506923
0.7163033
0.71506923
0.71506923
0.71493214
0.7146579
0.71506923
0.71506923
0.71657753
0.71657753
0.71589196
0.71506923
0.7153435
0.71506923
0.7153435
0.71740025
0.71493214
0.7153435
0.7172631
0.71602905
0.714795
0.71493214
0.7169889
0.71506923
0.7152064
0.714795
0.7146579
0.71506923
0.71452075
0.7153435
0.71644044
0.71493214
0.7146579
0.7146579
0.71493214
0.7142465
0.7146579
0.714795
0.7146579
0.71438366
0.71493214
0.71452075
0.7154806
0.714795
0.71452075
0.714795
0.7153435
0.7153435
0.71644044
0.714795
0.7154806
0.714795
0.7154806
0.7161662
0.71644044
0.7153435
0.7153435
0.714795
0.7163033
0.7152064
0.7156177
0.71493214
0.71493214
0.71644044
0.7141094
0.7153435
0.7154806
0.7163033
0.7157548
0.7186343
0.7152064
0.7154806
0.71506923
0.7152064
0.71438366
0.7146579
0.7142465
0.7146579
0.714795
0.71740025
0.7168518
0.7146579
0.7146579
0.71644044
0.71506923
0.7154806
0.7168518
0.7152064
0.71493214
0.7157548
0.71644044
0.7156177
0.71753734
0.7172631
0.7161662
0.71657753
0.7153435
0.7153435
0.71657753
0.717126
0.7172631
0.7156177
0.7154806
0.7156177
0.71506923
0.7146579
0.7152064
0.7156177
0.71493214
0.7146579
0.71493214
0.7141094
0.7154806
0.71506923
0.71657753
0.7152064
0.7157548
0.71740025
0.7146579
0.71493214
0.71438366
0.7161662
0.71506923
0.71657753
0.7152064
0.71493214
0.71644044
0.7152064
0.7153435
0.7154806
0.714795
0.71493214
0.71506923
0.71506923
0.71506923
0.71506923
0.7156177
0.7161662
0.71493214
0.7141094
0.717126
0.714795
0.7163033
0.7157548
0.7152064
0.71452075
0.71438366
0.71602905
0.7146579
0.71657753
0.71794873
0.71438366
0.7142465
0.71397233
0.71493214
0.7146579
0.71452075
0.7163033
0.7163033
