0.2905526
0.2905526
0.2905526
0.2905526
0.2905526
0.2905526
0.2905526
0.2905526
0.2905526
0.2905526
0.2905526
0.2905526
0.2905526
0.2905526
0.2905526
0.2905526
0.2905526
0.2905526
0.2905526
0.2905526
0.2905526
0.2905526
0.2905526
0.2905526
0.2905526
0.2905526
0.2905526
0.2905526
0.2905526
0.2905526
0.2905526
0.2905526
0.2905526
0.2905526
0.2905526
0.2905526
0.2905526
0.2905526
0.2905526
0.292198
0.29164952
0.30563554
0.29329494
0.30563554
0.30563554
0.30563554
0.30563554
0.3008364
0.30261895
0.30357876
0.30659536
0.30659536
0.30659536
0.30659536
0.30193335
0.30316743
0.30357876
0.3022076
0.30152202
0.3008364
0.3006993
0.3045386
0.30673248
0.30700672
0.31112024
0.3115316
0.30947483
0.30947483
0.30961195
0.30961195
0.30974907
0.30961195
0.3098862
0.30892637
0.3090635
0.3090635
0.30810365
0.31413683
0.3145482
0.31591937
0.3160565
0.3177019
0.31797615
0.31797615
0.31879884
0.31797615
0.31783903
0.31811327
0.3200329
0.31811327
0.3200329
0.3223639
0.32496914
0.32606608
0.32565475
0.32702592
0.31948444
0.33182505
0.33333334
0.33031675
0.32825997
0.3338818
0.33744687
0.32606608
0.3253805
0.33319622
0.32880846
0.3315508
0.3345674
0.34334293
0.34060058
0.33799535
0.34046346
0.3453997
0.34348005
0.34800494
0.35623202
0.34745646
0.34635952
0.35883725
0.34677088
0.35033593
0.36349925
0.35431236
0.36445907
0.36418483
0.37104073
0.36843547
0.37131497
0.37364596
0.3784451
0.37803373
0.38228437
0.3840669
0.37954202
0.37926778
0.38036475
0.38269573
0.38379267
0.38488963
0.38694638
0.38818043
0.39256823
0.39448786
0.40038392
0.40573153
0.40751407
0.40847388
0.41286165
0.41299877
0.41670096
0.42054024
0.42204854
0.42355683
0.42520225
0.42369395
0.4254765
0.4254765
0.42780748
0.4234197
0.424928
0.4234197
0.42972714
0.42300835
0.42671055
0.42684767
0.43438914
0.4234197
0.42355683
0.43672013
0.4387769
0.4332922
0.4411079
0.43027562
0.44069657
0.43685725
0.43973672
0.43836555
0.44522145
0.4387769
0.4472782
0.44810092
0.4487865
0.4494721
0.44906074
0.44919786
0.44892362
0.44988346
0.4487865
0.45070615
0.44960922
0.4494721
0.4519402
0.45550528
0.45701358
0.4587961
0.458659
0.45838475
0.46194983
0.46222404
0.4626354
0.46455505
0.46537775
0.4697655
0.4678459
0.46866858
0.47141093
0.47045112
0.4727821
0.4727821
0.47456464
0.4764843
0.47442752
0.47607294
0.47689566
0.4771699
0.47470176
0.47730702
0.47538736
0.47703278
0.47675854
0.4755245
0.47017688
0.4756616
0.47017688
0.47017688
0.47017688
0.4725079
0.4725079
0.47086248
0.47291923
0.4678459
0.46674892
0.46524063
0.46537775
0.46606335
0.4642808
0.4642808
0.46674892
0.46441793
0.4718223
0.4725079
0.47017688
0.46592623
0.47113672
0.4672974
0.47072536
0.46757165
0.46688604
0.46345812
0.4664747
0.46386945
0.46866858
0.46318388
0.46537775
0.46537775
0.46537775
0.46510354
0.46620047
0.46510354
0.46702316
0.46688604
0.46661183
0.46688604
0.46757165
0.46757165
0.46839434
0.46894282
0.46812013
0.46894282
0.46907994
0.46757165
0.46592623
0.46702316
0.46620047
0.46469218
0.46592623
0.4657891
0.46537775
0.46537775
0.46524063
0.46524063
0.46620047
0.46661183
0.46592623
0.4657891
0.46469218
0.46716028
0.46592623
0.46674892
0.4672974
0.46688604
0.46716028
0.46716028
0.46812013
0.46620047
0.46757165
0.46757165
0.46510354
0.46716028
0.46524063
0.4672974
0.4678459
0.46825722
0.46716028
0.467983
0.46907994
0.467983
0.467983
0.46894282
0.46812013
0.46921706
0.4678459
0.467983
0.4672974
0.46770877
0.46825722
0.46839434
0.46757165
0.46743453
0.46757165
0.46702316
0.47003976
0.46770877
0.46716028
0.4678459
0.46962842
0.4678459
0.4688057
0.46839434
0.4688057
0.46921706
0.46935418
0.46866858
0.4688057
0.4694913
0.47113672
0.46907994
0.46935418
0.4712738
0.47017688
0.4694913
0.470314
0.470314
0.47113672
0.47113672
0.47058824
0.47003976
0.4712738
0.46990263
0.4712738
0.4712738
0.47003976
0.4725079
0.4709996
0.47072536
0.470314
0.47045112
0.46825722
0.46853146
0.46907994
0.46812013
0.46825722
0.47223365
0.46853146
0.46757165
0.47017688
0.4688057
0.4697655
0.46990263
0.4725079
0.47072536
0.4694913
0.470314
0.47072536
0.4688057
0.47209653
0.4718223
0.47017688
0.46853146
0.4694913
0.4697655
0.46853146
0.4694913
0.470314
0.4694913
0.4694913
0.470314
0.47003976
0.4719594
0.47058824
0.47154805
0.4709996
0.47113672
0.4719594
0.470314
0.47003976
0.4725079
0.472645
0.47237077
0.470314
0.47360483
0.47291923
0.47045112
0.47141093
0.47113672
0.4740162
0.4741533
0.472645
0.4734677
0.47511312
0.47387907
0.47593582
0.47456464
0.47593582
0.4757987
0.4757987
0.474976
0.47634718
0.4756616
0.47525024
0.4757987
0.47621006
0.4757987
0.4764843
0.47593582
0.4764843
0.47675854
0.47703278
0.4774441
0.4779926
0.47703278
0.4764843
0.47662142
0.47785547
0.47881532
0.47634718
0.47826684
0.47922665
0.47771835
0.479638
0.47977513
0.4779926
0.4774441
0.48142055
0.48059782
0.47730702
0.4779926
0.4774441
0.4781297
0.4771699
0.47689566
0.4779926
0.47703278
0.47840396
0.47936377
0.47840396
0.48087206
0.47785547
0.47840396
0.48073494
0.479638
0.4803236
0.47908953
0.47991225
0.47703278
0.4811463
0.47689566
0.4779926
0.4771699
0.4789524
0.48306596
0.47977513
0.47511312
0.47703278
0.48292884
0.48004937
0.47593582
0.4786782
0.4789524
0.48320308
0.48320308
0.48430002
0.48251748
0.47854108
0.4764843
0.4774441
0.4789524
0.4818319
0.47936377
0.48059782
0.48471138
0.48224324
0.48608255
0.48375154
0.48224324
0.47785547
0.4833402
0.48251748
0.48539695
0.4856712
0.48306596
0.48155767
0.48320308
0.48621967
0.48443714
0.4863568
0.48621967
0.48608255
0.48320308
0.4851227
0.4863568
0.48621967
0.48676813
0.47977513
0.4856712
0.48621967
0.48443714
0.48525983
0.48621967
0.486631
0.4864939
0.486631
0.48621967
0.48690525
0.48430002
0.4864939
0.48594543
0.48594543
0.4848485
0.4848485
0.48471138
0.4848485
0.4863568
0.48621967
0.4864939
0.4858083
0.4863568
0.48690525
0.48690525
0.4864939
0.48594543
0.48690525
0.48621967
0.486631
0.48745373
0.486631
0.48594543
0.48621967
0.486631
0.48553407
0.48320308
0.486631
0.48676813
0.4864939
0.4864939
0.4856712
0.4856712
0.48594543
0.48621967
0.48608255
0.4858083
0.4858083
0.486631
0.4856712
0.48443714
0.48621967
0.48539695
0.4863568
0.48621967
0.48676813
0.486631
0.4864939
0.48676813
0.48621967
0.48471138
0.48553407
0.48608255
0.4863568
0.48608255
0.4856712
0.4856712
0.48608255
0.4851227
0.486631
0.48608255
0.4849856
0.4858083
0.4858083
0.4858083
0.48608255
0.48608255
0.486631
0.4858083
0.4864939
0.4856712
0.4863568
0.48594543
0.4851227
0.48676813
0.48594543
0.4863568
0.48594543
0.486631
0.48676813
0.4864939
0.4871795
0.486631
0.48608255
0.48676813
0.4864939
0.48676813
0.48621967
0.48539695
0.48539695
0.48594543
0.48539695
0.48471138
0.48608255
0.4856712
0.48553407
0.486631
0.4856712
0.48594543
0.4851227
0.48608255
0.48608255
0.4849856
0.48375154
0.48388866
0.4851227
0.48443714
0.4833402
0.48457426
0.48443714
0.48443714
0.48402578
0.48279172
0.4841629
0.48375154
0.48388866
0.48251748
0.48443714
0.48402578
0.48457426
0.4841629
0.48402578
0.48457426
0.4849856
0.4858083
0.4848485
0.48471138
0.4858083
0.48457426
0.48443714
0.48539695
0.4851227
0.48525983
0.4848485
0.4848485
0.48388866
0.48621967
0.48525983
0.48594543
0.48375154
0.4851227
0.48676813
0.4863568
0.4851227
0.48539695
0.486631
0.48457426
0.4863568
0.4873166
0.48676813
0.4851227
0.4864939
0.48553407
0.4856712
0.48608255
0.48457426
0.48471138
0.4863568
0.4863568
0.4851227
0.48553407
0.48471138
0.4873166
0.4871795
0.48759085
0.48704237
0.48594543
0.48621967
0.48608255
0.4871795
0.48827642
0.4873166
0.48704237
0.48841354
0.4881393
0.48827642
0.4896476
0.48951048
0.48978472
0.48855066
0.4911559
0.4878651
0.48978472
0.48951048
0.48923627
0.49005896
0.4903332
0.49005896
0.4888249
0.48923627
0.4903332
0.48855066
0.48923627
0.4896476
0.48909914
0.49060744
0.4893734
0.49225286
0.48923627
0.48951048
0.491293
0.49060744
0.49156725
0.49101877
0.49211574
0.49170437
0.49225286
0.49088168
0.49156725
0.49088168
0.49005896
0.49101877
0.49170437
0.49170437
0.491293
0.49088168
0.49143013
0.49238998
0.49238998
0.4926642
0.49307555
0.49170437
0.49197862
0.4926642
0.49252707
0.49307555
0.49238998
0.49417248
0.49403536
0.49252707
0.49238998
0.49307555
0.49389827
0.49389827
0.49293843
0.49403536
0.49238998
0.49211574
0.49225286
0.4928013
0.49156725
0.49156725
0.49307555
0.49252707
0.49307555
0.49389827
0.49403536
0.4933498
0.49458385
0.49170437
0.49197862
0.49225286
0.49444672
0.4926642
0.4933498
0.49307555
0.49389827
0.49293843
0.49417248
0.49472097
0.49307555
0.4928013
0.49362403
0.4928013
0.4933498
0.49307555
0.49376115
0.49417248
0.49472097
0.49321267
0.4934869
0.49389827
0.49307555
0.49376115
0.4934869
0.49472097
0.4933498
0.49362403
0.49362403
0.49403536
0.49664062
0.4958179
0.49513233
0.49444672
0.4943096
0.49513233
0.49417248
0.4943096
0.4933498
0.49362403
0.49444672
0.49444672
0.4949952
0.49458385
0.49376115
0.4949952
0.49595502
0.4958179
0.49554366
0.49389827
0.49540657
0.49376115
0.49526945
0.49526945
0.49622926
0.49622926
0.49444672
0.49526945
0.49472097
0.49526945
0.4958179
0.4949952
0.49568078
0.49773756
0.49526945
0.4949952
0.49526945
0.4988345
0.49773756
0.49609214
0.49609214
0.49540657
0.49814892
0.49787468
0.49540657
0.49622926
0.49938297
0.49718907
0.49856025
0.49568078
0.49540657
0.49705195
0.49513233
0.49677774
0.4958179
0.49472097
0.4965035
0.49828604
0.49814892
0.49636638
0.49787468
0.49677774
0.49910873
0.49705195
0.4980118
0.4973262
0.49869737
0.49924585
0.49773756
0.49760044
0.49924585
0.49718907
0.49691486
0.49773756
0.49787468
0.49938297
0.4973262
0.49938297
0.49924585
0.49677774
0.49828604
0.49828604
0.49856025
0.49842316
0.5002057
0.49787468
0.5011655
0.4989716
0.49842316
0.4980118
0.49842316
0.4980118
0.49842316
0.49910873
0.4980118
0.50143975
0.4988345
0.50047994
0.5002057
0.49924585
0.49993145
0.4995201
0.49979433
0.4995201
0.49910873
0.49910873
0.49993145
0.50006855
0.5007542
0.4995201
0.50006855
0.49924585
0.50006855
0.50047994
0.50089127
0.5026738
0.50102836
0.4996572
0.5003428
0.50006855
0.49993145
0.49993145
0.5013026
0.50143975
0.5003428
0.500617
0.5018511
0.50157684
0.5018511
0.50308514
0.50089127
0.50198823
0.5022625
0.5021253
0.5011655
0.50198823
0.50308514
0.5021253
0.5028109
0.5013026
0.50294805
0.5036336
0.5062389
0.5018511
0.50198823
0.5034965
0.5061017
0.5018511
0.5050048
0.50239956
0.5051419
0.50445634
0.5073358
0.5058275
0.5047306
0.5051419
0.50678736
0.5061017
0.5047306
0.5036336
0.5036336
0.5048677
0.50527906
0.5050048
0.50637597
0.50596464
0.5056904
0.5065131
0.50761
0.5073358
0.50706154
0.5065131
0.51076376
0.50706154
0.50980395
0.5088441
0.5077472
0.5115864
0.51076376
0.5088441
0.50925547
0.5104895
0.51007813
0.5091183
0.51090086
0.5096668
0.5095297
0.5106266
0.5102153
0.5117236
0.5102153
0.5106266
0.5117236
0.5117236
0.5141917
0.5126834
0.51378036
0.5161113
0.51186067
0.5126834
0.5140546
0.51295763
0.51336896
0.5155629
0.514603
0.51624846
0.5144659
0.51474017
0.5136432
0.514603
0.51638556
0.51542574
0.51638556
0.51624846
0.5155629
0.5170712
0.51624846
0.51624846
0.5157
0.51775676
0.5185795
0.5155629
0.5174825
0.5161113
0.5187166
0.51789385
0.5199506
0.51624846
0.51693404
0.5204991
0.5195393
0.5188537
0.518031
0.5211847
0.52077335
0.5215961
0.5215961
0.5220074
0.51775676
0.5220074
0.5176196
0.51775676
0.5188537
0.5244755
0.5228301
0.522693
0.5195393
0.52241874
0.51844233
0.5240642
0.52132183
0.5228301
0.5244755
0.52310437
0.522693
0.52324146
0.52324146
0.52461267
0.5214589
0.52392703
0.5235157
0.5244755
0.5244755
0.5248869
0.5244755
0.5243384
0.52461267
0.5251611
0.52529824
0.52324146
0.52392703
0.52570957
0.52612096
0.5259838
0.52625805
0.5254353
0.52625805
0.5242013
0.5254353
0.5258467
0.5263952
0.52570957
0.52570957
0.52612096
0.5255725
0.5258467
0.5259838
0.52612096
0.5263952
0.5258467
0.5266694
0.52625805
0.5255725
0.5265323
0.5265323
0.5266694
0.5274921
0.5265323
0.52762926
0.527355
0.52721786
0.5263952
0.52762926
0.5283148
0.52776635
0.5283148
0.5281777
0.5284519
0.5274921
0.5283148
0.5259838
0.52612096
