0.26024956
0.26024956
0.26024956
0.26024956
0.26024956
0.26024956
0.26024956
0.26024956
0.26079804
0.26120937
0.26230633
0.26340327
0.26422596
0.2675168
0.26847664
0.271219
0.2731386
0.2731386
0.2731386
0.27354997
0.27423558
0.2746469
0.27505827
0.27546963
0.2761552
0.27656657
0.27423558
0.27259016
0.27231592
0.27272728
0.27341285
0.27341285
0.27341285
0.27450982
0.27505827
0.2753325
0.2760181
0.27697793
0.27629232
0.2760181
0.2753325
0.2746469
0.27450982
0.27409846
0.27382421
0.2736871
0.27354997
0.27341285
0.27327573
0.27327573
0.27327573
0.27300152
0.27300152
0.2728644
0.2728644
0.2728644
0.27272728
0.27272728
0.27204168
0.2713561
0.27094474
0.27080762
0.27053338
0.27039626
0.27012202
0.26998493
0.2697107
0.26943645
0.2691622
0.26888797
0.26957357
0.2713561
0.27204168
0.27176744
0.27149323
0.271219
0.271219
0.27094474
0.27080762
0.27053338
0.27025914
0.26957357
0.26875085
0.26847664
0.2683395
0.2682024
0.2682024
0.2682024
0.26806527
0.26792815
0.26792815
0.26779103
0.2675168
0.26737967
0.26710543
0.26683122
0.26806527
0.27176744
0.27204168
0.27204168
0.27204168
0.27204168
0.27204168
0.27204168
0.27204168
0.27204168
0.27204168
0.27204168
0.27190456
0.26655698
0.26655698
0.2660085
0.26162073
0.26093516
0.26066092
0.25970107
0.26038668
0.26107225
0.26244345
0.26491156
0.2675168
0.26929933
0.26929933
0.26929933
0.26929933
0.26929933
0.26929933
0.26929933
0.26929933
0.26929933
0.26929933
0.26929933
0.26929933
0.26929933
0.26929933
0.26929933
0.26929933
0.26929933
0.26929933
0.26929933
0.26929933
0.26929933
0.26929933
0.26929933
0.26929933
0.26929933
0.26929933
0.26929933
0.26929933
0.26929933
0.26929933
0.26929933
0.26929933
0.26929933
0.26929933
0.26929933
0.26929933
0.26929933
0.26929933
0.26929933
0.26929933
0.26929933
0.26929933
0.26929933
0.26929933
0.26929933
0.26957357
0.26998493
0.27039626
0.27053338
0.2706705
0.27094474
0.27108186
0.271219
0.27108186
0.27094474
0.27080762
0.2706705
0.27053338
0.27012202
0.2698478
0.2698478
0.2698478
0.26957357
0.2697107
0.26943645
0.26957357
0.26847664
0.26806527
0.26806527
0.2682024
0.2683395
0.2683395
0.2691622
0.26998493
0.27108186
0.27190456
0.27245304
0.2728644
0.27300152
0.27300152
0.27300152
0.2731386
0.2731386
0.27327573
0.27396134
0.27546963
0.27848622
0.28040588
0.2813657
0.2821884
0.2830111
0.28410804
0.28616482
0.2883587
0.29123816
0.29260936
0.29123816
0.29274645
0.2905526
0.2946661
0.29809406
0.30001372
0.30261895
0.30275607
0.30275607
0.30700672
0.30700672
0.30481285
0.3060469
0.31413683
0.32099274
0.32332373
0.32880846
0.33045387
0.32963115
0.3277115
0.32825997
0.32880846
0.32853422
0.32825997
0.32757437
0.32606608
0.32812285
0.33031675
0.33196217
0.33209926
0.33072808
0.32894558
0.33031675
0.33045387
0.33100232
0.33100232
0.33100232
0.33100232
0.32949403
0.32880846
0.32963115
0.33031675
0.32976827
0.33017963
0.33100232
0.3315508
0.33182505
0.3330591
0.33374467
0.33374467
0.33374467
0.33374467
0.33374467
0.33374467
0.33374467
0.33374467
0.33374467
0.33374467
0.33347046
0.33319622
0.3330591
0.33319622
0.33415604
0.33566433
0.33676127
0.33785823
0.33744687
0.33868092
0.33868092
0.33799535
0.337584
0.33580145
0.33484164
0.33443028
0.33470452
0.33443028
0.3338818
0.33401892
0.33401892
0.3338818
0.33374467
0.33429316
0.33429316
0.3353901
0.33826956
0.33881804
0.34032634
0.33868092
0.3370355
0.3362128
0.3362128
0.3355272
0.33593857
0.33566433
0.33593857
0.33511585
0.33264774
0.3299054
0.32579187
0.3237351
0.3215412
0.32126698
0.32112986
0.32030714
0.31975868
0.31715342
0.3152338
0.3145482
0.31427395
0.3137255
0.31331414
0.31345126
0.31495956
0.3161936
0.3168792
0.31742766
0.31797615
0.3185246
0.31907308
0.3192102
0.31975868
0.32030714
0.3192102
0.31893596
0.3185246
0.31948444
0.3198958
0.3215412
0.3215412
0.32112986
0.32058138
0.3214041
0.32359797
0.3237351
0.3238722
0.3238722
0.32359797
0.3229124
0.3222268
0.32099274
0.31907308
0.31797615
0.31509668
0.31249142
0.31084603
0.3105718
0.30824077
0.30810365
0.30810365
0.30878925
0.3090635
0.3100233
0.31194296
0.31290278
0.31413683
0.3161936
0.3192102
0.32126698
0.3262032
0.32757437
0.3278486
0.32798573
0.32716304
0.32730016
0.3268888
0.32647744
0.32524338
0.32483202
0.3238722
0.32359797
0.32483202
0.32634032
0.32743728
0.32757437
0.32798573
0.3277115
0.32757437
0.3278486
0.3277115
0.3277115
0.3277115
0.32743728
0.32743728
0.32606608
0.32510626
0.32400933
0.32195255
0.31948444
0.31783903
0.31441107
0.3139997
0.31262854
0.30961195
0.30824077
0.30796653
0.30796653
0.30782944
0.30769232
0.30741808
0.3068696
0.30645823
0.30632114
0.30632114
0.3060469
0.3060469
0.3060469
0.30618402
0.30700672
0.30728096
0.30728096
0.3075552
0.30714384
0.3068696
0.30673248
0.3053613
0.303853
0.30344164
0.30330455
0.303853
0.30412725
0.30481285
0.30494994
0.30508706
0.3053613
0.30549842
0.30577266
0.3060469
0.30645823
0.30782944
0.3075552
0.31016043
0.3098862
0.3090635
0.30878925
0.30865213
0.30865213
0.30865213
0.308515
0.3083779
0.308515
0.3083779
0.3083779
0.3083779
0.30824077
0.30824077
0.30810365
0.30824077
0.30824077
0.30810365
0.30810365
0.30810365
0.30810365
0.30796653
0.30810365
0.30796653
0.30796653
0.30796653
0.30796653
0.30796653
0.30796653
0.30796653
0.30796653
0.30810365
0.30824077
0.30824077
0.30878925
0.30865213
0.308515
0.308515
0.308515
0.308515
0.308515
0.308515
0.308515
0.308515
0.308515
0.308515
0.308515
0.308515
0.308515
0.308515
0.308515
0.308515
0.308515
0.308515
0.308515
0.308515
0.308515
0.308515
0.308515
0.308515
0.308515
0.308515
0.308515
0.308515
0.308515
0.308515
0.308515
0.308515
0.308515
0.308515
0.308515
0.308515
0.308515
0.308515
0.308515
0.308515
0.308515
0.308515
0.308515
0.308515
0.308515
0.308515
0.308515
0.308515
0.308515
0.308515
0.308515
0.308515
0.308515
0.308515
0.308515
0.308515
0.308515
0.308515
0.308515
0.308515
0.308515
0.308515
0.308515
0.308515
0.308515
0.308515
0.308515
0.308515
0.308515
0.308515
0.308515
0.308515
0.308515
0.308515
0.308515
0.308515
0.308515
0.308515
0.308515
0.308515
0.308515
0.308515
0.308515
0.30878925
0.30933774
0.30974907
0.3098862
0.3098862
0.3098862
0.3100233
0.31043467
0.31098312
0.31098312
0.31125736
0.31139448
0.31139448
0.31166872
0.31180584
0.3122172
0.3122172
0.3122172
0.3122172
0.3122172
0.3122172
0.3122172
0.3122172
0.3122172
0.3122172
0.3122172
0.3122172
0.3122172
0.3122172
0.3122172
0.3122172
0.3122172
0.3122172
0.3122172
0.3122172
0.3122172
0.3122172
0.3122172
0.3122172
0.3122172
0.3122172
0.3122172
0.3122172
0.3122172
0.3122172
0.3122172
0.3122172
0.3122172
0.3122172
0.3122172
0.3122172
0.3122172
0.3122172
0.3122172
0.3122172
0.3122172
0.3122172
0.3122172
0.3122172
0.3122172
0.3122172
0.3122172
0.3122172
0.3122172
0.3122172
0.3122172
0.3122172
0.3122172
0.3122172
0.3122172
0.3122172
0.3122172
0.3122172
0.3122172
0.3122172
0.3122172
0.3122172
0.3122172
0.3122172
0.3122172
0.3122172
0.3122172
0.3122172
0.3122172
0.3122172
0.3122172
0.3122172
0.3122172
0.3122172
0.3122172
0.3122172
0.3122172
0.3122172
0.31180584
0.31125736
0.31098312
0.3105718
0.31029755
0.3098862
0.30961195
0.30961195
0.30961195
0.30947483
0.30947483
0.30947483
0.30947483
0.30947483
0.30933774
0.30933774
0.30933774
0.30933774
0.3092006
0.3092006
0.3092006
0.3092006
0.3090635
0.3090635
0.3090635
0.30892637
0.30892637
0.30892637
0.30878925
0.30878925
0.30878925
0.30865213
0.30865213
0.30865213
0.308515
0.308515
0.308515
0.308515
0.308515
0.3083779
0.3083779
0.3083779
0.3083779
0.30824077
0.30824077
0.30824077
0.30810365
0.30810365
0.30810365
0.30796653
0.30796653
0.30796653
0.30782944
0.30782944
0.30769232
0.30769232
0.3075552
0.30741808
0.30741808
0.30700672
0.30700672
0.30700672
0.30700672
0.30700672
0.30700672
0.30700672
0.30700672
0.30700672
0.30700672
0.30700672
0.30700672
0.30700672
0.30700672
0.30700672
0.30714384
0.30741808
0.30769232
0.30824077
0.3083779
0.3083779
0.3083779
0.308515
0.308515
0.30865213
0.30878925
0.30878925
0.3090635
0.3092006
0.3092006
0.30933774
0.30961195
0.30974907
0.30974907
0.30974907
0.30974907
0.3098862
0.3098862
0.3098862
0.3100233
0.3100233
0.3100233
0.3100233
0.3100233
0.31016043
0.31016043
0.31016043
0.31016043
0.31029755
0.31029755
0.31029755
0.31029755
0.31029755
0.31043467
0.31043467
0.31043467
0.31043467
0.31043467
0.3105718
0.3105718
0.3105718
0.3105718
0.3105718
0.3107089
0.3107089
0.3105718
0.31043467
0.31043467
0.3100233
0.30933774
0.3092006
0.3090635
0.30892637
0.3083779
0.308515
0.3083779
0.3083779
0.308515
0.3083779
0.308515
0.30865213
0.30865213
0.30878925
0.30892637
0.3092006
0.3092006
0.3092006
0.3092006
0.3090635
0.3090635
0.3090635
0.30892637
0.30892637
0.30892637
0.30878925
0.30878925
0.30878925
0.30878925
0.30878925
0.30865213
0.30865213
0.30865213
0.30865213
0.30865213
0.30865213
0.308515
0.308515
0.30824077
0.30824077
0.30810365
0.30796653
0.30782944
0.30782944
0.30782944
0.30782944
0.30782944
0.30782944
0.30782944
0.30782944
0.30782944
0.30782944
0.30782944
0.30782944
0.30782944
0.30782944
0.30782944
0.30782944
0.30782944
0.30782944
0.30782944
0.30782944
0.30782944
0.30782944
0.30782944
0.30782944
0.30782944
0.30782944
0.30782944
0.30782944
0.30782944
0.30782944
0.30782944
0.30782944
0.30782944
0.30782944
0.30782944
0.30782944
0.30782944
0.30782944
0.30782944
0.30782944
0.30782944
0.30782944
0.30782944
0.30782944
0.30782944
0.30782944
0.30782944
0.30782944
0.30782944
0.30782944
0.30782944
0.30782944
0.30782944
0.30782944
0.30782944
0.30782944
0.30782944
0.30782944
0.30782944
0.30782944
0.30782944
0.30782944
0.30782944
0.30782944
0.30782944
0.30782944
0.30782944
0.30782944
0.30782944
0.30782944
0.30782944
0.30782944
0.30782944
0.30782944
0.30782944
0.30782944
0.30782944
0.30782944
0.30782944
0.30782944
0.30782944
0.30782944
0.30782944
0.30782944
0.30782944
0.30782944
0.30782944
0.30782944
0.30782944
0.30782944
0.30782944
0.30782944
0.30782944
0.30782944
0.30782944
0.30782944
0.30782944
0.30782944
0.30782944
0.30782944
0.30782944
0.30782944
0.30782944
0.30782944
0.30782944
0.30782944
0.30782944
0.30782944
0.30782944
0.30782944
0.30782944
0.30782944
0.30782944
0.30782944
0.30782944
0.30782944
0.30782944
0.30782944
0.30782944
0.30782944
0.30782944
0.30782944
0.30782944
0.30782944
0.30782944
0.30782944
0.30782944
0.30782944
0.30782944
0.30782944
0.30782944
0.30782944
0.30782944
0.30782944
0.30782944
0.30782944
0.30782944
0.30782944
0.30782944
0.30782944
0.30782944
0.30782944
0.30782944
0.30782944
0.30782944
0.30782944
0.30782944
0.30782944
0.30782944
0.30782944
0.30782944
0.30782944
0.30782944
0.30782944
0.30782944
0.30782944
0.30782944
0.30782944
0.30782944
0.30782944
0.30782944
0.30782944
0.30782944
0.30782944
0.30782944
0.30782944
0.30782944
0.30782944
0.30782944
0.30782944
0.30782944
0.30782944
0.30782944
0.30782944
0.30782944
0.30782944
0.30782944
0.30782944
0.30782944
0.30782944
0.30782944
0.30782944
0.30782944
0.30782944
0.30782944
0.30782944
0.30782944
0.30782944
0.30782944
0.30782944
0.30782944
0.30782944
0.30782944
0.30782944
0.30782944
0.30782944
0.30782944
0.30782944
0.30782944
0.30782944
0.30782944
0.30782944
0.30782944
0.30782944
0.30782944
0.30782944
0.30782944
0.30782944
0.30782944
0.30782944
0.30782944
0.30782944
0.30782944
0.30782944
0.30782944
0.30782944
0.30782944
0.30782944
0.30782944
0.30782944
0.30782944
0.30782944
0.30782944
0.30782944
0.30782944
0.30782944
0.30782944
0.30782944
0.30782944
0.30782944
0.30782944
0.30782944
0.30782944
0.30782944
0.30782944
0.30782944
0.30782944
0.30782944
0.30782944
0.30782944
0.30782944
0.30782944
0.30782944
0.30782944
0.30782944
0.30782944
0.30782944
0.30782944
0.30782944
0.30782944
0.30782944
0.30782944
0.30782944
0.30782944
0.30782944
0.30782944
0.30782944
0.30782944
0.30782944
0.30782944
0.30782944
0.30782944
0.30782944
0.30782944
0.30782944
0.30782944
0.30782944
0.30782944
0.30782944
0.30782944
0.30782944
0.30782944
0.30782944
0.30782944
0.30782944
0.30782944
0.30782944
0.30782944
0.30782944
0.30782944
0.30782944
0.30782944
0.30782944
0.30782944
0.30782944
0.30782944
0.30782944
0.30782944
0.30782944
0.30782944
0.30782944
0.30782944
0.30782944
0.30782944
0.30782944
0.30782944
0.30782944
0.30782944
0.30782944
0.30782944
0.30782944
0.30782944
0.30782944
0.30782944
0.30782944
0.30782944
0.30782944
0.30782944
0.30782944
0.30782944
0.30782944
0.30782944
0.30782944
0.30782944
0.30782944
0.30782944
0.30782944
0.30782944
0.30782944
0.30782944
0.30782944
0.30782944
0.30782944
0.30782944
0.30782944
0.30782944
0.30782944
0.30782944
0.30782944
0.30782944
0.30782944
0.30782944
0.30782944
0.30782944
0.30782944
0.30782944
0.30782944
0.30782944
0.30782944
0.30782944
0.30782944
0.30782944
0.30782944
0.30782944
0.30782944
0.30782944
0.30782944
0.30782944
0.30782944
0.30782944
0.30782944
0.30782944
0.30782944
0.30782944
0.30782944
0.30782944
0.30782944
0.30782944
0.30782944
0.30782944
0.30782944
0.30782944
0.30782944
0.30782944
0.30782944
0.30782944
0.30782944
0.30782944
0.30782944
0.30782944
0.30782944
0.30782944
0.30782944
0.30782944
0.30782944
0.30782944
0.30782944
0.30782944
0.30782944
0.30782944
0.30782944
0.30782944
0.30782944
0.30782944
0.30782944
0.30782944
0.30782944
0.30782944
0.30782944
0.30782944
0.30782944
0.30782944
0.30782944
0.30782944
0.30782944
0.30782944
0.30782944
0.30782944
0.30782944
0.30782944
0.30782944
0.30782944
0.30782944
0.30782944
0.30782944
0.30782944
0.30782944
0.30782944
0.30782944
0.30782944
0.30782944
0.30782944
0.30782944
0.30782944
0.30782944
0.30782944
0.30782944
0.30782944
0.30782944
0.30782944
0.30782944
0.30782944
0.30782944
0.30782944
0.30782944
0.30782944
0.30782944
0.30782944
0.30782944
0.30782944
0.30782944
0.30782944
0.30782944
0.30782944
0.30782944
0.30782944
0.30782944
0.30782944
0.30782944
0.30782944
0.30782944
0.30782944
0.30782944
0.30782944
0.30782944
0.30782944
0.30782944
0.30782944
0.30782944
0.30782944
0.30782944
0.30782944
0.30782944
0.30782944
0.30782944
0.30782944
0.30782944
0.30782944
0.30782944
0.30782944
0.30782944
0.30782944
0.30782944
0.30782944
0.30782944
0.30782944
0.30782944
0.30782944
0.30782944
0.30782944
0.30782944
0.30782944
0.30782944
0.30782944
0.30782944
0.30782944
0.30782944
0.30782944
0.30782944
0.30782944
0.30782944
0.30782944
0.30782944
0.30782944
0.30782944
0.30782944
0.30782944
0.30782944
0.30782944
0.30782944
0.30782944
0.30782944
0.30782944
0.30782944
0.30782944
0.30782944
0.30782944
0.30782944
0.30782944
0.30782944
0.30782944
0.30782944
0.30782944
0.30782944
0.30782944
0.30782944
0.30782944
0.30782944
0.30782944
0.30782944
0.30782944
0.30782944
0.30782944
0.30782944
0.30782944
0.30782944
0.30782944
0.30782944
0.30782944
0.30782944
0.30782944
0.30782944
0.30782944
0.30782944
0.30782944
0.30782944
0.30782944
0.30782944
0.30782944
0.30782944
0.30782944
0.30782944
0.30782944
0.30782944
0.30782944
0.30782944
0.30782944
0.30782944
0.30782944
0.30782944
0.30782944
0.30782944
0.30782944
0.30782944
0.30782944
0.30782944
0.30782944
0.30782944
0.30782944
0.30782944
0.30782944
0.30782944
0.30782944
0.30782944
0.30782944
0.30782944
0.30782944
0.30782944
0.30782944
0.30782944
0.30782944
0.30782944
0.30782944
0.30782944
0.30782944
0.30782944
0.30782944
0.30782944
0.30782944
0.30782944
0.30782944
0.30782944
0.30782944
0.30782944
0.30782944
0.30782944
0.30782944
0.30782944
0.30782944
0.30782944
0.30782944
0.30782944
0.30782944
0.30782944
0.30782944
0.30782944
0.30782944
0.30782944
0.30782944
0.30782944
0.30782944
0.30782944
0.30782944
0.30782944
0.30782944
0.30782944
0.30782944
0.30782944
0.30782944
0.30782944
0.30782944
0.30782944
0.30782944
0.30782944
0.30782944
0.30782944
0.30782944
0.30782944
0.30782944
0.30782944
0.30782944
0.30782944
0.30782944
0.30782944
0.30782944
0.30782944
0.30782944
0.30782944
0.30782944
0.30782944
0.30782944
0.30782944
0.30782944
0.30782944
0.30782944
0.30782944
0.30782944
0.30782944
0.30782944
0.30782944
0.30782944
0.30782944
0.30782944
0.30782944
0.30782944
0.30782944
0.30782944
0.30782944
0.30782944
0.30782944
0.30782944
0.30782944
0.30782944
0.30782944
0.30782944
0.30782944
0.30782944
0.30782944
0.30782944
0.30782944
0.30782944
0.30782944
0.30782944
0.30782944
0.30782944
0.30782944
0.30782944
0.30782944
0.30782944
0.30782944
0.30782944
0.30769232
0.30769232
0.30769232
0.30769232
0.30769232
0.30769232
0.30769232
0.30769232
0.30769232
0.30769232
0.30769232
0.30769232
0.30769232
0.30769232
0.30769232
0.30769232
0.30769232
0.3075552
0.3075552
0.3075552
0.3075552
0.3075552
0.3075552
0.3075552
0.3075552
0.3075552
0.3075552
0.3075552
0.3075552
0.3075552
0.3075552
0.3075552
0.3075552
0.3075552
0.3075552
0.3075552
0.3075552
0.3075552
0.3075552
0.3075552
0.3075552
0.3075552
0.3075552
0.3075552
0.3075552
0.3075552
0.3075552
0.3075552
0.3075552
0.3075552
0.3075552
0.3075552
0.3075552
0.3075552
0.3075552
0.3075552
0.3075552
0.3075552
0.3075552
0.3075552
0.3075552
0.3075552
0.3075552
0.3075552
0.3075552
0.3075552
0.3075552
0.3075552
0.3075552
0.3075552
0.3075552
0.3075552
0.3075552
0.3075552
0.3075552
0.3075552
0.3075552
0.3075552
0.3075552
0.3075552
0.3075552
0.3075552
0.3075552
0.3075552
0.3075552
0.3075552
0.3075552
0.3075552
0.3075552
0.3075552
0.3075552
0.3075552
0.3075552
0.3075552
0.3075552
0.3075552
0.3075552
0.3075552
0.3075552
0.3075552
0.3075552
0.3075552
0.3075552
0.3075552
0.3075552
0.3075552
0.3075552
0.3075552
0.3075552
0.3075552
0.3075552
0.3075552
0.3075552
0.3075552
0.3075552
0.3075552
0.3075552
0.3075552
0.3075552
0.3075552
0.3075552
0.3075552
0.3075552
0.3075552
0.3075552
0.3075552
0.3075552
0.3075552
0.3075552
0.3075552
0.3075552
0.3075552
0.3075552
0.3075552
0.3075552
0.3075552
0.3075552
0.30769232
0.30769232
0.30769232
0.30769232
0.30769232
0.30769232
0.30769232
0.30769232
0.30769232
0.30769232
0.30769232
0.30769232
0.30769232
0.30769232
0.30769232
0.30782944
0.30782944
0.30782944
0.30782944
0.30782944
0.30782944
0.30782944
0.30782944
0.30782944
0.30782944
0.30782944
0.30782944
0.30782944
0.30782944
0.30782944
0.30782944
0.30782944
0.30782944
0.30782944
0.30782944
0.30782944
0.30782944
0.30782944
0.30782944
0.30782944
0.30782944
0.30782944
0.30782944
0.30782944
0.30782944
0.30782944
0.30782944
0.30782944
0.30782944
0.30782944
0.30782944
0.30782944
0.30782944
0.30782944
0.30782944
0.30782944
0.30782944
0.30782944
0.30782944
0.30782944
0.30782944
0.30782944
0.30782944
0.30782944
0.30782944
0.30782944
0.30782944
0.30782944
0.30782944
0.30782944
0.30782944
0.30782944
0.30782944
0.30782944
0.30782944
0.30782944
0.30782944
0.30782944
0.30782944
0.30782944
0.30782944
0.30782944
0.30782944
0.30782944
0.30782944
0.30782944
0.30782944
0.30782944
0.30782944
0.30782944
0.30782944
0.30782944
0.30782944
0.30782944
0.30782944
0.30782944
0.30782944
0.30782944
0.30782944
0.30782944
0.30782944
0.30782944
0.30782944
0.30782944
0.30782944
0.30782944
0.30782944
0.30782944
0.30782944
0.30782944
0.30782944
0.30782944
0.30782944
0.30782944
0.30782944
0.30782944
0.30782944
0.30782944
0.30782944
0.30782944
0.30782944
0.30782944
0.30782944
0.30782944
0.30782944
0.30782944
0.30782944
0.30782944
0.30782944
0.30782944
0.30782944
0.30782944
0.30782944
0.30782944
0.30782944
0.30782944
0.30782944
0.30782944
0.30782944
0.30782944
0.30782944
0.30782944
0.30782944
0.30782944
0.30782944
0.30782944
0.30782944
0.30782944
0.30782944
0.30782944
0.30782944
0.30782944
0.30782944
0.30782944
0.30782944
0.30782944
0.30782944
0.30782944
0.30782944
0.30782944
0.30782944
0.30782944
0.30782944
0.30782944
0.30782944
0.30782944
0.30782944
0.30782944
0.30782944
0.30782944
0.30782944
0.30782944
0.30782944
0.30782944
0.30782944
0.30782944
0.30782944
0.30782944
0.30782944
0.30782944
0.30782944
0.30782944
0.30782944
0.30782944
0.30782944
0.30782944
0.30782944
0.30782944
0.30782944
0.30782944
0.30782944
0.30782944
0.30782944
0.30782944
0.30782944
0.30782944
0.30782944
0.30782944
0.30782944
0.30782944
0.30782944
0.30782944
0.30782944
0.30782944
0.30782944
0.30782944
0.30782944
0.30782944
0.30782944
0.30782944
0.30782944
0.30782944
0.30782944
0.30782944
0.30782944
0.30782944
0.30782944
0.30782944
0.30782944
0.30782944
0.30782944
0.30782944
0.30782944
0.30782944
0.30782944
0.30782944
0.30782944
0.30782944
0.30782944
0.30782944
0.30782944
0.30782944
0.30782944
0.30782944
0.30782944
0.30782944
0.30782944
0.30782944
0.30782944
0.30782944
0.30782944
0.30782944
0.30782944
0.30782944
0.30782944
0.30782944
0.30782944
0.30782944
0.30782944
0.30782944
0.30782944
0.30782944
0.30782944
0.30782944
0.30782944
0.30782944
0.30782944
0.30782944
0.30782944
0.30782944
0.30782944
0.30782944
0.30782944
0.30782944
0.30782944
0.30782944
0.30782944
0.30782944
0.30782944
0.30782944
0.30782944
0.30782944
0.30782944
0.30782944
0.30782944
0.30782944
0.30782944
0.30782944
0.30782944
0.30782944
0.30782944
0.30782944
0.30782944
0.30782944
0.30782944
0.30782944
0.30782944
0.30782944
0.30782944
0.30782944
0.30782944
0.30782944
0.30782944
0.30782944
0.30782944
0.30782944
0.30782944
0.30782944
0.30782944
0.30782944
0.30782944
0.30782944
0.30782944
0.30782944
0.30782944
0.30782944
0.30782944
0.30782944
0.30782944
0.30782944
0.30782944
0.30782944
0.30782944
0.30782944
0.30782944
0.30782944
0.30782944
0.30782944
0.30782944
0.30782944
0.30782944
0.30782944
0.30782944
0.30782944
0.30782944
0.30782944
0.30782944
0.30782944
0.30782944
0.30782944
0.30782944
0.30782944
0.30782944
0.30782944
0.30782944
0.30782944
0.30782944
0.30782944
0.30782944
0.30782944
0.30782944
0.30782944
0.30782944
0.30782944
0.30782944
0.30782944
0.30782944
0.30782944
0.30782944
0.30782944
0.30782944
0.30782944
0.30782944
0.30782944
0.30782944
0.30782944
0.30782944
0.30782944
0.30782944
0.30782944
0.30782944
0.30782944
0.30782944
0.30782944
0.30782944
0.30782944
0.30782944
0.30782944
0.30782944
0.30782944
0.30782944
0.30782944
0.30782944
0.30782944
0.30782944
0.30782944
0.30782944
0.30782944
0.30782944
0.30782944
0.30782944
0.30782944
0.30782944
0.30782944
0.30782944
0.30782944
0.30782944
0.30782944
0.30782944
0.30782944
0.30782944
0.30782944
0.30782944
0.30782944
0.30782944
0.30782944
0.30782944
0.30782944
0.30782944
0.30782944
0.30782944
0.30782944
0.30782944
0.30782944
0.30782944
0.30782944
0.30782944
0.30782944
0.30782944
0.30782944
0.30782944
0.30782944
0.30782944
0.30782944
0.30782944
0.30782944
0.30782944
0.30782944
0.30782944
0.30782944
0.30782944
0.30782944
0.30782944
0.30782944
0.30782944
0.30782944
0.30782944
0.30782944
0.30782944
0.30782944
0.30782944
0.30782944
0.30782944
0.30782944
0.30782944
0.30782944
0.30782944
0.30782944
0.30782944
0.30782944
0.30782944
0.30782944
0.30782944
0.30782944
0.30782944
0.30782944
0.30782944
0.30782944
0.30782944
0.30782944
0.30782944
0.30782944
0.30782944
0.30782944
0.30782944
0.30782944
0.30782944
0.30782944
0.30782944
0.30782944
0.30782944
0.30782944
0.30782944
0.30782944
0.30782944
0.30782944
0.30782944
0.30782944
0.30782944
0.30782944
0.30782944
0.30782944
0.30782944
0.30782944
0.30782944
0.30782944
0.30782944
0.30782944
0.30782944
0.30782944
0.30782944
0.30782944
0.30782944
0.30782944
0.30782944
0.30782944
0.30782944
0.30782944
0.30782944
0.30782944
0.30782944
0.30782944
0.30782944
0.30782944
0.30782944
0.30782944
0.30782944
0.30782944
0.30782944
0.30782944
0.30782944
0.30782944
0.30782944
0.30782944
0.30782944
0.30782944
0.30782944
0.30782944
0.30782944
0.30782944
0.30782944
0.30782944
0.30782944
0.30782944
0.30782944
0.30782944
0.30782944
0.30782944
0.30782944
0.30782944
0.30782944
0.30782944
0.30782944
0.30782944
0.30782944
0.30782944
0.30782944
0.30782944
0.30782944
0.30782944
0.30782944
0.30782944
0.30782944
0.30782944
0.30782944
0.30782944
0.30782944
0.30782944
0.30782944
0.30782944
0.30782944
0.30782944
0.30782944
0.30782944
0.30782944
0.30782944
0.30782944
0.30782944
0.30782944
0.30782944
0.30782944
0.30782944
0.30782944
0.30782944
0.30782944
0.30782944
0.30782944
0.30782944
0.30782944
0.30782944
0.30782944
0.30782944
0.30782944
0.30782944
0.30782944
0.30782944
0.30782944
0.30782944
0.30782944
0.30782944
0.30782944
0.30782944
0.30782944
0.30782944
0.30782944
0.30782944
0.30782944
0.30782944
0.30782944
0.30782944
0.30782944
0.30782944
0.30782944
0.30782944
0.30782944
0.30782944
0.30782944
0.30782944
0.30782944
0.30782944
0.30782944
0.30782944
0.30782944
0.30782944
0.30782944
0.30782944
0.30782944
0.30782944
0.30782944
0.30782944
0.30782944
0.30782944
0.30782944
0.30782944
0.30782944
0.30782944
0.30782944
0.30782944
0.30782944
0.30782944
0.30782944
0.30782944
0.30782944
0.30782944
0.30782944
0.30782944
0.30782944
0.30782944
0.30782944
0.30782944
0.30782944
0.30782944
0.30782944
0.30782944
0.30782944
0.30782944
0.30782944
0.30782944
0.30782944
0.30782944
0.30782944
0.30782944
0.30782944
0.30782944
0.30782944
0.30782944
0.30782944
0.30782944
0.30782944
0.30782944
0.30782944
0.30782944
0.30782944
0.30782944
0.30782944
0.30782944
0.30782944
0.30782944
0.30782944
0.30782944
0.30782944
0.30782944
0.30782944
0.30782944
0.30782944
0.30782944
0.30782944
0.30782944
0.30782944
0.30782944
0.30782944
0.30782944
0.30782944
0.30782944
0.30782944
0.30782944
0.30782944
0.30782944
0.30782944
0.30782944
0.30782944
0.30782944
0.30782944
0.30782944
0.30782944
0.30782944
0.30782944
0.30782944
0.30782944
0.30782944
0.30782944
0.30782944
0.30782944
0.30782944
0.30782944
0.30782944
0.30782944
0.30782944
0.30782944
0.30782944
0.30782944
0.30782944
0.30782944
0.30782944
0.30782944
0.30782944
0.30782944
0.30782944
0.30782944
0.30782944
0.30782944
0.30782944
0.30782944
0.30782944
0.30782944
0.30782944
0.30782944
0.30782944
0.30782944
0.30782944
0.30782944
0.30782944
0.30782944
0.30782944
0.30782944
0.30782944
0.30782944
0.30782944
0.30782944
0.30782944
0.30782944
0.30782944
0.30782944
0.30782944
0.30782944
0.30782944
0.30782944
0.30782944
0.30782944
0.30782944
0.30782944
0.30782944
0.30782944
0.30782944
0.30782944
0.30782944
0.30782944
0.30782944
0.30782944
0.30782944
0.30782944
0.30782944
0.30782944
0.30782944
0.30782944
0.30782944
0.30782944
0.30782944
0.30782944
0.30782944
0.30782944
0.30782944
0.30782944
0.30782944
0.30782944
0.30782944
0.30782944
0.30782944
0.30782944
0.30782944
0.30782944
0.30782944
0.30782944
0.30782944
0.30782944
0.30782944
0.30782944
0.30782944
0.30782944
0.30782944
0.30782944
0.30782944
0.30782944
0.30782944
0.30782944
0.30782944
0.30782944
0.30782944
0.30782944
0.30782944
0.30782944
0.30782944
0.30782944
0.30782944
0.30782944
0.30782944
0.30782944
0.30782944
0.30782944
0.30782944
0.30782944
0.30782944
0.30782944
0.30782944
0.30782944
0.30782944
0.30782944
0.30782944
0.30782944
0.30782944
0.30782944
0.30782944
0.30782944
0.30782944
0.30782944
0.30782944
0.30782944
0.30782944
0.30782944
0.30782944
0.30782944
0.30782944
0.30782944
0.30782944
0.30782944
0.30782944
0.30782944
0.30782944
0.30782944
0.30782944
0.30782944
0.30782944
0.30782944
0.30782944
0.30782944
0.30782944
0.30782944
0.30782944
0.30782944
0.30782944
0.30782944
0.30782944
0.30782944
0.30782944
0.30782944
0.30782944
0.30782944
0.30782944
0.30782944
0.30782944
0.30782944
0.30782944
0.30782944
0.30782944
0.30782944
0.30782944
0.30782944
0.30782944
0.30782944
0.30782944
0.30782944
0.30782944
0.30782944
0.30782944
0.30782944
0.30782944
0.30782944
0.30782944
0.30782944
0.30782944
0.30782944
0.30782944
0.30782944
0.30782944
0.30782944
0.30782944
0.30782944
0.30782944
0.30782944
0.30782944
0.30782944
0.30782944
0.30782944
0.30782944
0.30782944
0.30782944
0.30782944
0.30782944
0.30782944
0.30782944
0.30782944
0.30782944
0.30782944
0.30782944
0.30782944
0.30782944
0.30782944
0.30782944
0.30782944
0.30782944
0.30782944
0.30782944
0.30782944
0.30782944
0.30782944
0.30782944
0.30782944
0.30782944
0.30782944
0.30782944
0.30782944
0.30782944
0.30782944
0.30782944
0.30782944
0.30782944
0.30782944
0.30782944
0.30782944
0.30782944
0.30782944
0.30782944
0.30782944
0.30782944
0.30782944
0.30782944
0.30782944
0.30782944
0.30782944
0.30782944
0.30782944
0.30782944
0.30782944
0.30782944
0.30782944
0.30782944
0.30782944
0.30782944
0.30782944
0.30782944
0.30782944
0.30782944
0.30782944
0.30782944
0.30782944
0.30782944
0.30782944
0.30782944
0.30782944
0.30782944
0.30782944
0.30782944
0.30782944
0.30782944
0.30782944
0.30782944
0.30782944
0.30782944
0.30782944
0.30782944
0.30782944
0.30769232
0.30769232
0.30769232
0.3075552
0.3075552
0.3075552
0.3075552
0.3075552
0.3075552
0.3075552
0.3075552
0.3075552
0.3075552
0.3075552
0.3075552
0.3075552
0.3075552
0.30741808
0.30741808
0.30741808
0.30741808
0.30741808
0.30741808
0.30741808
0.30741808
0.30741808
0.30741808
0.30741808
0.30741808
0.30741808
0.30741808
0.30741808
0.30728096
0.30728096
0.30728096
0.30728096
0.30700672
0.30700672
0.30700672
0.30700672
0.30700672
0.30700672
0.30700672
0.30700672
0.30673248
0.30673248
0.30659536
0.30659536
0.30659536
0.30659536
0.30659536
0.30645823
0.30645823
0.30645823
0.30645823
0.30645823
0.30645823
0.30645823
0.30645823
0.30645823
0.30645823
0.30632114
0.30632114
0.30632114
0.30632114
0.30618402
0.30618402
0.30618402
0.3060469
0.3060469
0.3060469
0.3060469
0.3060469
0.30590978
0.30590978
0.30590978
0.30563554
0.30563554
0.30549842
0.30549842
0.30549842
0.30549842
0.30549842
0.30549842
0.30549842
0.3053613
0.3053613
0.3053613
0.3053613
0.3053613
0.3053613
0.3053613
0.3053613
0.3053613
0.3053613
0.3053613
0.3053613
0.3053613
0.3053613
0.3053613
0.3053613
0.3053613
0.3053613
0.3053613
0.3053613
0.3053613
0.3053613
0.3053613
0.3053613
0.3053613
0.3053613
0.3053613
0.3053613
0.3053613
0.30522418
0.30522418
0.30522418
0.30522418
0.30522418
0.30522418
0.30522418
0.30522418
0.30522418
0.30522418
0.30522418
0.30522418
0.30522418
0.30522418
0.30522418
0.30522418
0.30522418
0.30522418
0.30522418
0.30522418
0.30522418
0.30522418
0.30522418
0.30522418
0.30522418
0.30522418
0.30522418
0.30522418
0.30522418
0.30522418
0.30522418
0.30522418
0.30522418
0.30522418
0.30522418
0.30522418
0.30522418
0.30522418
0.30522418
0.30522418
0.30522418
0.30522418
0.30522418
0.30522418
0.30522418
0.30522418
0.30522418
0.30522418
0.30522418
0.30522418
0.30522418
0.30522418
0.30522418
0.30522418
0.30522418
0.30522418
0.30522418
0.30522418
0.30522418
0.30522418
0.30508706
0.30508706
0.30508706
0.30508706
0.30508706
0.30508706
0.30508706
0.30508706
0.30508706
0.30508706
0.30508706
0.30508706
0.30508706
0.30508706
0.30494994
0.30494994
0.30494994
0.30494994
0.30494994
0.30494994
0.30494994
0.30494994
0.30494994
0.30494994
0.30494994
0.30494994
0.30494994
0.30494994
0.30494994
0.30494994
0.30494994
0.30494994
0.30494994
0.30494994
0.30494994
0.30494994
0.30494994
0.30494994
0.30494994
0.30494994
0.30494994
0.30494994
0.30494994
0.30494994
0.30494994
0.30494994
0.30494994
0.30494994
0.30494994
0.30494994
0.30494994
0.30481285
0.30481285
0.30481285
0.30481285
0.30481285
0.30481285
0.30481285
0.30481285
0.30481285
0.30481285
0.30481285
0.30481285
0.30481285
0.30481285
0.30481285
0.30481285
0.30481285
0.30481285
0.30481285
0.30481285
0.30481285
0.30481285
0.30481285
0.30481285
0.30481285
0.30481285
0.30481285
0.30481285
0.30481285
0.30481285
0.30481285
0.30481285
0.30481285
0.30481285
0.30481285
0.30481285
0.30481285
0.30481285
0.30481285
0.30481285
0.30481285
0.30481285
0.30481285
0.30481285
0.30481285
0.30481285
0.30481285
0.30481285
0.30481285
0.30481285
0.30481285
0.30481285
0.30481285
0.30481285
0.30481285
0.30481285
0.30481285
0.30481285
0.30481285
0.30481285
0.30481285
0.30481285
0.30494994
0.30494994
0.30494994
0.30494994
0.30494994
0.30494994
0.30494994
0.30494994
0.30494994
0.30494994
0.30494994
0.30494994
0.30494994
0.30494994
0.30494994
0.30494994
0.30494994
0.30494994
0.30494994
0.30494994
0.30494994
0.30494994
0.30494994
0.30494994
0.30494994
0.30494994
0.30494994
0.30494994
0.30494994
0.30494994
0.30494994
0.30494994
0.30494994
0.30494994
0.30494994
0.30494994
0.30494994
0.30494994
0.30508706
0.30508706
0.30508706
0.30508706
0.30508706
0.30508706
0.30508706
0.30508706
0.30508706
0.30508706
0.30508706
0.30508706
0.30508706
0.30508706
0.30508706
0.30508706
0.30508706
0.30508706
0.30508706
0.30508706
0.30508706
0.30508706
0.30508706
0.30508706
0.30508706
0.30508706
0.30508706
0.30508706
0.30508706
0.30508706
0.30508706
0.30508706
0.30508706
0.30508706
0.30508706
0.30508706
0.30508706
0.30522418
0.30522418
0.30522418
0.30522418
0.30522418
0.30522418
0.30522418
0.30522418
0.30522418
0.30522418
0.30522418
0.30522418
0.30522418
0.30522418
0.30522418
0.30522418
0.30522418
0.30522418
0.30522418
0.30522418
0.30522418
0.30522418
0.30522418
0.30522418
0.30522418
0.30522418
0.30522418
0.30522418
0.30522418
0.30522418
0.30522418
0.30522418
0.30522418
0.30522418
0.30522418
0.30522418
0.30522418
0.30522418
0.3053613
0.3053613
0.3053613
0.3053613
0.3053613
0.3053613
0.3053613
0.3053613
0.3053613
0.3053613
0.3053613
0.3053613
0.3053613
0.3053613
0.3053613
0.3053613
0.3053613
0.3053613
0.3053613
0.3053613
0.3053613
0.3053613
0.3053613
0.3053613
0.3053613
0.3053613
0.3053613
0.3053613
0.3053613
0.3053613
0.3053613
0.3053613
0.3053613
0.3053613
0.3053613
0.3053613
0.30549842
0.30549842
0.30549842
0.30549842
0.30549842
0.30549842
0.30549842
0.30549842
0.30549842
0.30549842
0.30549842
0.30549842
0.30549842
0.30549842
0.30549842
0.30549842
0.30549842
0.30549842
0.30549842
0.30549842
0.30549842
0.30549842
0.30549842
0.30549842
0.30549842
0.30549842
0.30549842
0.30549842
0.30549842
0.30549842
0.30549842
0.30549842
0.30549842
0.30549842
0.30549842
0.30549842
0.30549842
0.30549842
0.30549842
0.30549842
0.30549842
0.30549842
0.30549842
0.30549842
0.30549842
0.30549842
0.30549842
0.30549842
0.30549842
0.30549842
0.30549842
0.30549842
0.30549842
0.30549842
0.30549842
0.30549842
0.30549842
0.3053613
0.3053613
0.30549842
0.30577266
0.30577266
0.30590978
0.30590978
0.30590978
0.30590978
0.3060469
0.3060469
0.3060469
0.3060469
0.30618402
0.30618402
0.30618402
0.30618402
0.30618402
0.3060469
0.3060469
0.3060469
0.30618402
0.30618402
0.30632114
0.30632114
0.30632114
0.30632114
0.30632114
0.30632114
0.30632114
0.30632114
0.30632114
0.30632114
0.30632114
0.30632114
0.30632114
0.30632114
0.30632114
0.30632114
0.30632114
0.30632114
0.30618402
0.30618402
0.30618402
0.30618402
0.30618402
0.30618402
0.30632114
0.30632114
0.30632114
0.30632114
0.30632114
0.30632114
0.30632114
0.30645823
0.30645823
0.30645823
0.30645823
0.30645823
0.30645823
0.30659536
0.30659536
0.30659536
0.30659536
0.30659536
0.30659536
0.30659536
0.30659536
0.30659536
0.30659536
0.30659536
0.30659536
0.30659536
0.30659536
0.30659536
0.30659536
0.30659536
0.30659536
0.30659536
0.30659536
0.30659536
0.30659536
0.30659536
0.30659536
0.30659536
0.30659536
0.30659536
0.30659536
0.30659536
0.30659536
0.30673248
0.30673248
0.30673248
0.3068696
0.3068696
0.3068696
0.3068696
0.3068696
0.3068696
0.3068696
0.3068696
0.3068696
0.3068696
0.3068696
0.30700672
0.30700672
0.3068696
0.30700672
0.30714384
0.30714384
0.30714384
0.30714384
0.30714384
0.30714384
0.30714384
0.30714384
0.30700672
0.30700672
0.30728096
0.30728096
0.30728096
0.30728096
0.30728096
0.30728096
0.30741808
0.30741808
0.30741808
0.30741808
0.30741808
0.30741808
0.3075552
0.3075552
0.3075552
0.30741808
0.30741808
0.30741808
0.30741808
0.3075552
0.3075552
0.3075552
0.3075552
0.3075552
0.3075552
0.30769232
0.30769232
0.30769232
0.30769232
0.30769232
0.30769232
0.30782944
0.30782944
0.30769232
0.30782944
0.30782944
0.30796653
0.30796653
0.30796653
0.30796653
0.30796653
0.30796653
0.30796653
0.30796653
0.30796653
0.30796653
0.30796653
0.30796653
0.30810365
0.30810365
0.30810365
0.30810365
0.30810365
0.30810365
0.30824077
0.30824077
0.3083779
0.3083779
0.3083779
0.3083779
0.3083779
0.3083779
0.308515
0.308515
0.308515
0.308515
0.308515
0.30865213
0.30865213
0.30865213
0.30878925
0.3090635
0.3090635
0.3090635
0.3090635
0.3090635
0.3090635
0.3090635
0.3090635
0.3090635
0.3090635
0.3090635
0.3090635
0.3090635
0.3090635
0.3090635
0.3090635
0.3090635
0.3090635
0.3092006
0.3092006
0.3092006
0.3092006
0.3092006
0.3092006
0.3092006
0.3092006
0.30933774
0.30933774
0.30933774
0.30933774
0.30933774
0.30933774
0.30933774
0.30933774
0.30933774
0.30947483
0.30961195
0.30961195
0.30961195
0.30961195
0.30961195
0.30961195
0.30961195
0.30947483
0.30947483
0.30961195
0.30947483
0.30947483
0.30947483
0.30947483
0.30947483
0.30947483
0.30947483
0.30947483
0.30947483
0.30947483
0.30961195
0.30961195
0.30961195
0.30961195
0.30961195
0.30974907
0.30974907
0.30974907
0.30974907
0.30974907
0.30974907
0.30974907
0.30974907
0.30974907
0.30974907
0.30974907
0.3098862
0.3098862
0.3098862
0.3098862
0.3098862
0.3100233
0.3100233
0.3100233
0.3100233
0.3100233
0.3100233
0.3098862
0.3098862
0.3098862
0.3098862
0.3098862
0.3098862
0.3098862
0.3098862
0.3098862
0.3098862
0.3098862
0.3098862
0.3098862
0.3098862
0.3098862
0.3098862
0.3098862
0.3098862
0.3098862
0.3098862
0.3098862
0.3098862
0.3098862
0.3098862
0.3098862
0.3098862
0.3098862
0.30974907
0.30974907
0.30974907
0.30974907
0.30974907
0.30974907
0.30974907
0.30974907
0.30974907
0.30974907
0.30974907
0.30974907
0.30974907
0.30961195
0.30961195
0.30961195
0.30961195
0.30961195
0.30961195
0.30947483
0.30933774
0.30933774
0.30933774
0.30933774
0.30933774
0.30933774
0.30933774
0.30933774
0.30933774
0.3092006
0.3092006
0.3090635
0.3090635
0.3090635
0.3090635
0.3090635
0.30892637
0.30892637
0.30892637
0.30892637
0.30892637
0.30878925
0.30878925
0.30878925
0.30878925
0.30878925
0.30865213
0.30865213
0.30865213
0.308515
0.308515
0.308515
0.308515
0.308515
0.308515
0.308515
0.308515
0.308515
0.308515
0.308515
0.308515
0.30824077
0.30824077
0.30810365
0.30810365
0.30796653
0.30796653
0.30782944
0.30782944
0.30782944
0.30782944
0.30782944
0.30782944
0.30782944
0.30782944
0.30782944
0.30782944
0.30782944
0.30782944
0.30782944
0.30782944
0.30782944
0.30796653
0.30810365
0.30824077
0.30824077
0.3083779
0.308515
0.308515
0.30865213
0.30878925
0.30892637
0.30892637
0.3090635
0.3090635
0.3090635
0.3092006
0.3092006
0.30933774
0.30933774
0.30947483
0.30961195
0.30961195
0.30974907
0.30974907
0.30974907
0.3100233
0.3100233
0.3100233
0.3100233
0.31016043
0.31016043
0.31043467
0.31043467
0.31043467
0.31043467
0.31043467
0.31043467
0.31043467
0.31043467
0.31043467
0.31043467
0.31043467
0.3105718
0.3105718
0.3105718
0.3105718
0.3105718
0.3105718
0.3105718
0.3105718
0.3105718
0.3105718
0.3105718
0.3105718
0.3105718
0.3105718
0.3105718
0.3105718
0.3105718
0.3105718
0.3105718
0.3105718
0.3105718
0.3105718
0.3105718
0.3105718
0.3105718
0.3105718
0.3105718
0.3105718
0.3105718
0.3105718
0.3105718
0.3105718
0.3105718
0.3105718
0.3105718
0.3105718
0.3105718
0.3105718
0.3105718
0.3105718
0.3105718
0.3105718
0.3105718
0.3105718
0.3105718
0.3105718
0.3105718
0.3105718
0.3105718
0.3107089
0.3107089
0.3107089
0.3107089
0.3107089
0.3107089
0.3107089
0.3107089
0.3107089
0.3107089
0.3107089
0.3107089
0.3107089
0.3107089
0.3107089
0.3107089
0.3107089
0.3107089
0.3107089
0.3107089
0.3107089
0.3107089
0.3107089
0.3107089
0.3107089
0.3107089
0.3107089
0.3107089
0.3107089
0.3107089
0.3107089
0.3107089
0.3107089
0.3107089
0.3107089
0.3107089
0.3107089
0.3107089
0.3107089
0.3107089
0.3107089
0.3107089
0.3107089
0.3107089
0.3107089
0.3107089
0.3107089
0.3107089
0.3107089
0.3107089
0.3107089
0.3107089
0.3107089
0.3107089
0.3107089
0.3107089
0.3107089
0.3107089
0.3107089
0.3107089
0.3107089
0.3107089
0.3107089
0.3107089
0.3107089
0.3107089
0.3107089
0.3107089
0.31084603
0.31084603
0.31084603
0.31084603
0.31084603
0.31084603
0.31084603
0.31084603
0.31084603
0.31084603
0.31084603
0.31084603
0.31084603
0.31084603
0.31084603
0.31084603
0.31084603
0.31084603
0.31084603
0.31084603
0.31084603
0.31084603
0.31084603
0.31084603
0.31084603
0.31084603
0.31084603
0.31084603
0.31098312
0.31098312
0.31098312
0.31098312
0.31098312
0.31098312
0.31098312
0.31098312
0.31098312
0.31098312
0.31098312
0.31098312
0.31098312
0.31098312
0.31098312
0.31098312
0.31098312
0.31098312
0.31098312
0.31098312
0.31098312
0.31098312
0.31098312
0.31098312
0.31098312
0.31098312
0.31098312
0.31098312
0.31098312
0.31098312
0.31098312
0.31098312
0.31098312
0.31098312
0.31098312
0.31098312
0.31098312
0.31098312
0.31098312
0.31098312
0.31098312
0.31098312
0.31098312
0.31098312
0.31098312
0.31098312
0.31098312
0.31098312
0.31098312
0.31098312
0.31098312
0.31098312
0.31098312
0.31098312
0.31098312
0.31098312
0.31098312
0.31098312
0.31098312
0.31098312
0.31098312
0.31098312
0.31098312
0.31098312
0.31098312
0.31098312
0.31098312
0.31098312
0.31098312
0.31098312
0.31098312
0.31098312
0.31098312
0.31098312
0.31098312
0.31098312
0.31098312
0.31098312
0.31098312
0.31098312
0.31098312
0.31098312
0.31098312
0.31112024
0.31112024
0.31112024
0.31112024
0.31112024
0.31112024
0.31112024
0.31112024
0.31112024
0.31112024
0.31112024
0.31125736
0.31112024
0.31112024
0.31098312
0.31084603
0.3107089
0.3107089
0.3107089
0.3107089
0.3107089
0.3107089
0.3107089
0.3107089
0.31084603
0.31084603
0.31084603
0.31084603
0.31084603
0.31084603
0.31084603
0.31084603
0.31084603
0.31084603
0.31084603
0.31084603
0.31084603
0.3107089
0.3107089
0.31084603
0.3107089
0.3107089
0.3105718
0.3105718
0.3105718
0.3105718
0.3105718
0.3105718
0.3105718
0.3105718
0.3105718
0.3105718
0.3105718
0.31043467
0.31043467
0.31043467
0.3105718
0.3105718
0.3105718
0.31043467
0.31043467
0.31043467
0.31043467
0.31043467
0.31043467
0.31043467
0.31043467
0.31029755
0.31029755
0.31029755
0.31029755
0.31029755
0.31029755
0.31029755
0.31016043
0.31016043
0.31016043
0.31016043
0.31016043
0.31016043
0.31016043
0.31029755
0.31029755
0.31029755
0.31029755
0.31029755
0.31029755
0.31029755
0.31029755
0.31029755
0.31016043
0.31016043
0.31016043
0.31016043
0.31016043
0.31016043
0.31016043
0.31016043
0.31016043
0.31016043
0.31016043
0.3100233
0.31016043
0.31016043
0.31016043
0.31016043
0.31016043
0.31016043
0.31016043
0.31016043
0.31016043
0.3100233
0.3100233
0.3100233
0.3100233
0.3100233
0.3100233
0.3100233
0.3100233
0.30974907
0.30961195
0.30947483
0.30947483
0.3092006
0.3092006
0.3092006
0.3090635
0.3090635
0.30892637
0.30892637
0.30892637
0.30892637
0.30892637
0.30892637
0.30892637
0.30878925
0.308515
0.308515
0.30824077
0.30796653
0.30796653
0.30796653
0.30796653
0.30796653
0.30796653
0.30796653
0.30796653
0.30796653
0.30796653
0.30796653
0.30796653
0.30796653
0.30796653
0.30796653
0.30796653
0.30796653
0.30796653
0.30796653
0.30796653
0.30796653
0.30796653
0.30796653
0.30810365
0.30810365
0.30824077
0.30824077
0.30824077
0.30824077
0.30824077
0.30824077
0.30824077
0.30824077
0.30824077
0.30824077
0.30824077
0.30824077
0.30824077
0.30824077
0.30824077
0.30824077
0.30824077
0.30824077
0.3083779
0.3083779
0.3083779
0.3083779
0.3083779
0.3083779
0.3083779
0.3083779
0.3083779
0.3083779
0.3083779
0.3083779
0.3083779
0.3083779
0.3083779
0.3083779
0.3083779
0.308515
0.308515
0.308515
0.308515
0.308515
0.308515
0.308515
0.308515
0.30865213
0.30865213
0.30865213
0.30865213
0.30865213
0.30865213
0.30865213
0.30865213
0.30865213
0.30865213
0.30878925
0.30878925
0.30878925
0.30878925
0.30878925
0.30878925
0.30878925
0.30878925
0.30878925
0.30878925
0.30892637
0.30892637
0.30892637
0.3090635
0.3090635
0.3090635
0.3092006
0.3092006
0.30933774
0.30933774
0.30933774
0.30933774
0.30933774
0.30947483
0.30974907
0.30974907
0.3098862
0.3098862
0.3098862
0.3098862
0.3098862
0.3098862
0.3098862
0.3098862
0.3098862
0.3100233
0.3100233
0.31016043
0.31016043
0.31016043
0.31016043
0.31029755
0.31043467
0.31043467
0.31043467
0.31043467
0.31043467
0.31043467
0.31043467
0.31043467
0.31043467
0.31043467
0.31043467
0.3105718
0.3105718
0.3105718
0.3105718
0.3105718
0.3105718
0.3105718
0.3105718
0.3105718
0.3105718
0.3107089
0.3107089
0.3107089
0.3107089
0.3107089
0.3107089
0.3107089
0.3107089
0.3107089
0.3107089
0.3107089
0.3107089
0.3107089
0.3107089
0.3107089
0.3107089
0.3107089
0.31084603
0.31084603
0.31084603
0.31098312
0.31112024
0.31112024
0.31112024
0.31112024
0.31112024
0.31112024
0.31112024
0.31112024
0.31125736
0.31125736
0.31125736
0.31125736
0.31125736
0.31125736
0.31125736
0.31125736
0.31125736
0.31125736
0.31125736
0.31139448
0.31139448
0.31139448
0.31139448
0.31139448
0.31139448
0.31139448
0.31139448
0.3115316
0.3115316
0.3115316
0.3115316
0.3115316
0.3115316
0.3115316
0.3115316
0.3115316
0.3115316
0.3115316
0.3115316
0.3115316
0.3115316
0.3115316
0.31166872
0.31166872
0.31166872
0.31166872
0.31166872
0.31180584
0.31180584
0.31180584
0.31194296
0.31194296
0.31194296
0.31194296
0.31194296
0.31194296
0.31194296
0.31194296
0.31194296
0.31194296
0.31194296
0.31194296
0.31194296
0.31194296
0.3120801
0.3120801
0.3120801
0.3120801
0.3120801
0.3120801
0.3120801
0.3120801
0.3120801
0.3120801
0.3120801
0.3120801
0.3122172
0.31235433
0.31235433
0.31235433
0.31235433
0.31235433
0.31235433
0.31235433
0.31235433
0.31235433
0.31235433
0.31235433
0.31235433
0.31235433
0.31249142
0.31249142
0.31249142
0.31262854
0.31262854
0.31262854
0.31262854
0.31262854
0.31262854
0.31262854
0.31262854
0.31262854
0.31262854
0.31262854
0.31262854
0.31262854
0.31262854
0.31262854
0.31262854
0.31262854
0.31262854
0.31262854
0.31262854
0.31262854
0.31262854
0.31262854
0.31262854
0.31262854
0.31262854
0.31290278
0.31290278
0.31290278
0.31290278
0.31290278
0.31290278
0.31290278
0.31290278
0.31290278
0.31290278
0.31290278
0.31290278
0.31290278
0.31290278
0.31290278
0.31290278
0.3130399
0.3130399
0.3130399
0.3130399
0.31317702
0.31317702
0.31331414
0.31331414
0.31331414
0.31331414
0.31331414
0.31331414
0.31331414
0.31331414
0.31331414
0.31331414
0.31331414
0.31331414
0.31331414
0.31331414
0.31331414
0.31345126
0.31345126
0.31345126
0.31345126
0.31345126
0.31345126
0.31345126
0.31345126
0.31345126
0.31345126
0.31345126
0.31345126
0.31345126
0.31345126
0.31358838
0.31358838
0.31358838
0.3137255
0.3137255
0.3137255
0.3137255
0.3137255
0.3137255
0.31386262
0.31386262
0.31413683
0.31413683
0.31413683
0.31413683
0.31413683
0.31441107
0.31441107
0.3145482
0.3146853
0.3146853
0.3146853
0.3146853
0.3146853
0.31482244
0.31482244
0.31495956
0.31495956
0.31495956
0.31509668
0.31509668
0.3152338
0.3152338
0.31537092
0.31537092
0.31537092
0.31564513
0.31564513
0.31564513
0.31564513
0.31564513
0.31578225
0.31578225
0.31578225
0.31591937
0.3160565
0.31633073
0.31633073
0.31633073
0.31646785
0.31646785
0.31646785
0.31660497
0.31660497
0.31660497
0.31660497
0.31660497
0.3167421
0.3168792
0.3170163
0.3170163
0.3170163
0.3170163
0.3170163
0.3170163
0.31715342
0.31715342
0.31715342
0.31715342
0.31715342
0.31715342
0.31715342
0.31715342
0.31715342
0.31715342
0.3170163
0.3170163
0.3170163
0.3170163
0.3170163
0.3170163
0.3170163
0.3170163
0.3170163
0.3170163
0.3170163
0.3170163
0.3170163
0.3170163
0.3170163
0.3170163
0.3170163
0.3170163
0.3170163
0.3170163
0.3170163
0.3170163
0.3170163
0.3170163
0.3170163
0.3170163
0.3170163
0.3170163
0.3170163
0.3170163
0.3170163
0.3170163
0.3170163
0.3170163
0.3170163
0.3170163
0.3170163
0.3170163
0.3170163
0.3170163
0.3170163
0.3170163
0.3170163
0.3170163
0.3170163
0.3170163
0.3170163
0.3170163
0.3170163
0.3170163
0.3170163
0.3170163
0.3170163
0.3170163
0.3170163
0.3170163
0.3170163
0.3170163
0.3170163
0.3170163
0.3170163
0.3170163
0.3170163
0.3170163
0.3170163
0.3170163
0.3170163
0.3170163
0.3170163
0.3170163
0.3170163
0.3170163
0.3170163
0.3170163
0.3170163
0.3170163
0.3170163
0.3170163
0.3170163
0.3170163
0.3170163
0.3170163
0.3170163
0.3170163
0.3170163
0.3170163
0.3170163
0.31715342
0.31715342
0.31715342
0.31715342
0.31715342
0.31715342
0.31715342
0.31715342
0.31715342
0.31715342
0.31715342
0.31715342
0.31715342
0.31715342
0.31715342
0.31715342
0.31729054
0.31729054
0.31729054
0.31729054
0.31742766
0.31742766
0.31742766
0.3175648
0.3175648
0.3175648
0.3175648
0.3175648
0.3175648
0.3175648
0.3175648
0.3175648
0.3177019
0.31783903
0.31783903
0.31797615
0.31797615
0.31797615
0.31811327
0.3182504
0.3182504
0.3182504
0.3182504
0.3182504
0.3182504
0.3182504
0.3182504
0.3182504
0.3182504
0.3182504
0.3182504
0.3182504
0.3182504
0.3182504
0.3182504
0.3182504
0.3182504
0.3182504
0.3182504
0.3182504
0.3182504
0.3182504
0.3182504
0.3182504
0.3182504
0.3182504
0.3182504
0.3182504
0.3182504
0.3182504
0.3182504
0.3182504
0.3182504
0.3182504
0.3182504
0.3182504
0.3182504
0.3182504
0.3182504
0.3182504
0.3182504
0.3182504
0.3182504
0.3182504
0.3182504
0.3182504
0.3182504
0.3182504
0.3182504
0.3182504
0.3182504
0.3182504
0.3182504
0.3182504
0.3182504
0.3182504
0.3182504
0.3182504
0.3182504
0.3182504
0.3182504
0.3182504
0.3182504
0.3182504
0.3182504
0.3182504
0.3182504
0.3182504
0.3182504
0.3182504
0.3182504
0.3182504
0.3182504
0.3182504
0.3182504
0.3182504
0.3182504
0.3182504
0.3183875
0.3183875
0.3183875
0.3183875
0.3183875
0.3183875
0.3183875
0.3183875
0.3183875
0.3183875
0.3183875
0.3183875
0.3183875
0.3183875
0.3183875
0.3183875
0.3183875
0.3183875
0.3183875
0.3183875
0.3183875
0.3183875
0.3183875
0.3183875
0.3183875
0.3183875
0.3183875
0.3183875
0.3183875
0.3183875
0.3183875
0.3183875
0.3185246
0.3185246
0.3185246
0.3185246
0.31866172
0.31879884
0.31879884
0.31879884
0.31893596
0.31893596
0.31893596
0.31907308
0.3192102
0.3192102
0.3192102
0.3192102
0.3192102
0.3192102
0.3192102
0.31934732
0.31934732
0.31934732
0.31934732
0.31934732
0.31934732
0.31934732
0.31934732
0.31934732
0.31934732
0.31934732
0.31934732
0.31934732
0.31934732
0.31934732
0.31934732
0.31934732
0.31934732
0.31934732
0.31934732
0.31934732
0.31934732
0.31934732
0.31934732
0.31948444
0.31948444
0.31948444
0.31948444
0.31948444
0.31948444
0.31948444
0.31948444
0.31948444
0.31948444
0.31948444
0.31948444
0.31948444
0.31948444
0.31948444
0.31948444
0.31948444
0.31948444
0.31948444
0.31948444
0.31948444
0.31948444
0.31948444
0.31948444
0.31948444
0.31962156
0.31962156
0.31962156
0.31962156
0.31962156
0.31962156
0.31962156
0.31962156
0.31962156
0.31962156
0.31962156
0.31962156
0.31962156
0.31962156
0.31962156
0.31962156
0.31962156
0.31962156
0.31962156
0.31975868
0.31975868
0.31975868
0.31975868
0.31962156
0.31962156
0.31948444
0.31948444
0.31948444
0.31948444
0.31934732
0.31934732
0.31934732
0.31934732
0.31934732
0.3192102
0.3192102
0.31893596
0.31893596
0.31893596
0.31893596
0.31893596
0.31893596
0.31893596
0.31893596
0.31893596
0.31893596
0.31893596
0.31907308
0.31907308
0.31907308
0.31907308
0.31907308
0.31893596
0.31893596
0.31893596
0.31893596
0.31893596
0.31893596
0.31879884
0.31879884
0.31866172
0.31866172
0.3183875
0.3183875
0.3182504
0.3182504
0.3182504
0.3182504
0.3182504
0.3182504
0.3182504
0.3182504
0.3182504
0.3182504
0.3182504
0.3182504
0.3182504
0.3182504
0.3182504
0.31811327
0.31811327
0.31811327
0.31811327
0.31811327
0.31811327
0.31811327
0.31811327
0.31811327
0.31811327
0.3182504
0.3182504
0.31811327
0.31811327
0.31811327
0.31811327
0.31811327
0.31811327
0.31811327
0.31811327
0.31811327
0.3182504
0.3182504
0.3182504
0.3182504
0.3182504
0.31811327
0.31811327
0.31811327
0.31811327
0.31811327
0.31811327
0.31811327
0.31811327
0.31811327
0.31811327
0.31811327
0.31797615
0.31797615
0.31797615
0.31797615
0.31797615
0.31797615
0.31797615
0.31797615
0.31797615
0.31797615
0.31811327
0.31811327
0.31811327
0.31797615
0.31797615
0.31797615
0.31797615
0.31797615
0.31797615
0.31797615
0.31797615
0.31797615
0.31797615
0.31797615
0.31797615
0.31783903
0.31783903
0.31797615
0.31797615
0.31797615
0.31797615
0.31797615
0.31797615
0.31797615
0.31783903
0.31797615
0.31797615
0.31797615
0.31783903
0.31783903
0.31783903
0.31783903
0.31783903
0.31783903
0.31797615
0.31811327
0.3182504
0.3182504
0.31811327
0.31811327
0.3182504
0.3182504
0.3182504
0.3185246
0.3185246
0.3183875
0.3183875
0.3183875
0.3183875
0.3183875
0.3183875
0.3183875
0.3183875
0.31811327
0.31797615
0.31783903
0.31797615
0.31742766
0.31729054
0.31715342
0.3170163
0.3170163
0.3167421
0.31660497
0.31660497
0.31646785
0.31646785
0.31646785
0.31646785
0.31646785
0.31633073
0.31633073
0.31633073
0.31646785
0.31646785
0.31646785
0.31646785
0.31646785
0.31646785
0.31646785
0.31646785
0.31646785
0.31646785
0.31646785
0.31646785
0.31646785
0.31646785
0.31646785
0.31646785
0.31646785
0.31646785
0.31646785
0.31646785
0.31646785
0.31646785
0.31660497
0.3167421
0.3167421
0.3167421
0.3167421
0.3167421
0.3167421
0.3167421
0.3167421
0.3167421
0.3167421
0.3167421
0.3167421
0.3167421
0.3167421
0.3167421
0.3167421
0.3167421
0.3167421
0.3167421
0.3167421
0.3167421
0.3167421
0.3168792
0.3168792
0.3168792
0.3168792
0.3170163
0.3170163
0.3170163
0.3170163
0.3170163
0.3170163
0.3170163
0.3170163
0.3170163
0.31715342
0.31715342
0.31729054
0.31729054
0.31729054
0.31729054
0.31729054
0.31729054
0.31742766
0.31742766
0.31742766
0.31742766
0.31742766
0.31742766
0.31742766
0.31742766
0.31742766
0.31742766
0.31742766
0.31742766
0.31742766
0.31742766
0.31742766
0.31742766
0.31742766
0.3175648
0.3175648
0.3175648
0.3175648
0.3175648
0.3175648
0.3175648
0.3175648
0.3175648
0.3175648
0.3175648
0.3175648
0.3175648
0.3175648
0.3177019
0.3177019
0.3177019
0.3177019
0.3177019
0.3177019
0.3177019
0.3177019
0.3177019
0.31783903
0.31783903
0.31783903
0.31783903
0.31783903
0.31783903
0.31783903
0.31783903
0.31783903
0.31783903
0.31797615
0.31797615
0.31797615
0.31797615
0.31797615
0.31797615
0.3182504
0.3182504
0.3182504
0.3182504
0.3183875
0.3185246
0.3185246
0.3185246
0.3185246
0.3185246
0.3185246
0.31866172
0.31866172
0.31866172
0.31866172
0.31893596
0.31893596
0.31907308
0.31907308
0.31907308
0.31907308
0.31907308
0.3192102
0.3192102
0.3192102
0.31948444
0.31962156
0.31962156
0.31962156
0.31962156
0.31962156
0.31962156
0.31962156
0.31962156
0.31962156
0.31975868
0.31975868
0.31975868
0.31975868
0.31975868
0.31975868
0.31975868
0.31975868
0.31975868
0.3198958
0.3198958
0.3200329
0.3200329
0.3200329
0.3200329
0.3200329
0.3200329
0.3200329
0.32017002
0.32017002
0.32017002
0.32017002
0.32017002
0.32017002
0.32017002
0.32017002
0.32017002
0.32017002
0.32030714
0.32030714
0.32030714
0.32030714
0.32030714
0.32030714
0.32030714
0.32044426
0.32044426
0.32058138
0.32058138
0.32058138
0.32058138
0.32058138
0.32058138
0.32058138
0.32058138
0.32058138
0.3207185
0.3207185
0.3207185
0.3207185
0.3207185
0.3207185
0.3207185
0.3207185
0.32099274
0.32099274
0.32099274
0.32112986
0.32112986
0.32126698
0.3214041
0.3215412
0.3215412
0.3216783
0.32181543
0.32195255
0.32208967
0.32208967
0.32208967
0.3222268
0.3223639
