0.2905526
0.2905526
0.2905526
0.2905526
0.2905526
0.2905526
0.2905526
0.2905526
0.2905526
0.2905526
0.2905526
0.2905526
0.2905526
0.2905526
0.2905526
0.2905526
0.2905526
0.2905526
0.2905526
0.2905526
0.2905526
0.2905526
0.2915124
0.29343206
0.2930207
0.29288357
0.2930207
0.29781982
0.29644865
0.29631153
0.29754558
0.29960236
0.30193335
0.30467573
0.30508706
0.30577266
0.30618402
0.30632114
0.30659536
0.3068696
0.3060469
0.30645823
0.30673248
0.3068696
0.30549842
0.30563554
0.30549842
0.30508706
0.30467573
0.30399013
0.30344164
0.3023447
0.30371588
0.30494994
0.30577266
0.30632114
0.3068696
0.30741808
0.30878925
0.30947483
0.3098862
0.31029755
0.3105718
0.31098312
0.31125736
0.31166872
0.3120801
0.3122172
0.31413683
0.31413683
0.31413683
0.31413683
0.31413683
0.31413683
0.31413683
0.31413683
0.31345126
0.31249142
0.3115316
0.3107089
0.3092006
0.30865213
0.30810365
0.30974907
0.3098862
0.31029755
0.31166872
0.3122172
0.31262854
0.31262854
0.31262854
0.31262854
0.31249142
0.31235433
0.31249142
0.31112024
0.30947483
0.30933774
0.30824077
0.30892637
0.30961195
0.3098862
0.3100233
0.31016043
0.31098312
0.31194296
0.31290278
0.3146853
0.31537092
0.315508
0.31578225
0.32044426
0.3229124
0.3231866
0.32400933
0.32702592
0.33196217
0.33196217
0.33196217
0.33401892
0.33319622
0.33730975
0.3415604
0.34649664
0.35129577
0.35198134
0.35527217
0.3578774
0.3600713
0.360894
0.36144248
0.3622652
0.3630879
0.36692718
0.37145206
0.37337172
0.37515426
0.3762512
0.37666255
0.37597695
0.37679967
0.3778966
0.3785822
0.3784451
0.37748525
0.38146168
0.38214725
0.38283285
0.38338134
0.3840669
0.38434115
0.38488963
0.3855752
0.38598657
0.38379267
0.38365555
0.38365555
0.38543808
0.38818043
0.38900316
0.38763198
0.38749486
0.38818043
0.38722062
0.38653505
0.38584945
0.3855752
0.3855752
0.3862608
0.38955164
0.39284244
0.39462498
0.39366516
0.3939394
0.3947621
0.39736733
0.39901274
0.40065816
0.40134376
0.40216646
0.40134376
0.40148088
0.40216646
0.40271494
0.403949
0.40436035
0.4046346
0.4055944
0.40532017
0.4054573
0.40573153
0.40573153
0.4061429
0.40504593
0.40422323
0.4034005
0.4032634
0.40504593
0.4054573
0.40600577
0.40723982
0.40751407
0.4079254
0.40929657
0.41053066
0.41149047
0.41450706
0.41491842
0.41519266
0.415604
0.415604
