0.2905526
0.2905526
0.2905526
0.2905526
0.34882763
0.29850543
0.3763883
0.35225558
0.34704512
0.30549842
0.36720142
0.37364596
0.41053066
0.3529412
0.4076512
0.42369395
0.39654464
0.3972302
0.46167558
0.38351843
0.32730016
0.3355272
0.39448786
0.45125464
0.42588782
0.40532017
0.49417248
0.43534896
0.46126422
0.40929657
0.49869737
0.45989305
0.36514467
0.33443028
0.3554093
0.42012888
0.4618127
0.26957357
0.46003017
0.4269848
0.472645
0.48923627
0.3870835
0.42849308
0.4734677
0.5274921
0.47854108
0.41656384
0.4046346
0.5185795
0.42054024
0.5106266
0.3529412
0.56492525
0.4943096
0.52378994
0.5121349
0.39215687
0.33840668
0.4849856
0.49568078
0.47593582
0.44220486
0.56794184
0.42931578
0.52612096
0.50555325
0.36692718
0.46373233
0.3824215
0.5854929
0.6245715
0.4117647
0.4209516
0.44316468
0.49910873
0.4279446
0.40915948
0.44371316
0.52392703
0.5170712
0.59659946
0.4116276
0.40436035
0.54956806
0.44768956
0.45152888
0.21568628
0.35650623
0.4786782
0.28191417
0.52858907
0.47991225
0.29946524
0.520362
0.55642396
0.32743728
0.26024956
0.40778828
0.5188537
0.38063896
0.54298645
0.57342654
0.5233786
0.5211847
0.5534074
0.55299604
0.40120664
0.32030714
0.5800082
0.38063896
0.4549568
0.53023446
0.5281777
0.5191279
0.59605104
0.33634993
0.56698203
0.5050048
0.5527218
0.38968873
0.57040995
0.42602494
0.40038392
0.45687646
0.5403812
0.31084603
0.4140957
0.4733306
0.47223365
0.4995201
0.41656384
0.47908953
0.53366244
0.4888249
0.46770877
0.41519266
0.4247909
0.52378994
0.43233237
0.4858083
0.3330591
0.45481968
0.5562869
0.4269848
0.4269848
0.44919786
0.45152888
0.63183874
0.59947896
0.47237077
0.44316468
0.4487865
0.53325105
0.29206088
0.3862608
0.5344851
0.5011655
0.49513233
0.3529412
0.37803373
0.49005896
0.37666255
0.4549568
0.42959002
0.48868778
0.44810092
0.44741532
0.35061017
0.42821884
0.32017002
0.30001372
0.26340327
0.41272452
0.29905388
0.38886604
0.37515426
0.3763883
0.41683805
0.40106952
0.37049225
0.43534896
0.4973262
0.5451803
0.45920745
0.46921706
0.47634718
0.4309612
0.47017688
0.5233786
0.28986698
0.38420403
0.52762926
0.38667214
0.41642672
0.2905526
0.37104073
0.30563554
0.2905526
0.4564651
0.2905526
0.2905526
0.2905526
0.2905526
0.2905526
0.2905526
0.2905526
0.4433018
0.26024956
0.2905526
0.26024956
0.2905526
0.2905526
0.3578774
0.3732346
0.23351158
0.2905526
0.26655698
0.292198
0.2905526
0.2905526
0.2905526
0.2905526
0.49746332
0.33223638
0.37926778
0.40367475
0.35815164
0.41135335
0.2905526
0.2905526
0.2905526
0.2905526
0.31194296
0.2905526
0.2905526
0.2905526
0.2905526
0.2905526
0.26024956
0.2905526
0.2905526
0.36061978
0.2905526
0.47305635
0.42671055
0.3400521
0.2905526
0.2905526
0.2905526
0.2905526
0.38132456
0.2905526
0.2905526
0.2905526
0.2905526
0.2905526
0.2905526
0.2905526
0.2905526
0.2905526
0.2905526
0.2905526
0.2905526
0.2905526
0.2905526
0.2905526
0.2905526
0.2905526
0.2905526
0.42273414
0.2905526
0.2905526
0.2905526
0.2905526
0.2905526
0.2905526
0.2905526
0.2905526
0.2905526
0.2905526
0.2905526
0.2905526
0.2905526
0.40038392
0.32414645
0.2905526
0.2905526
0.2905526
0.2905526
0.2905526
0.2905526
0.447004
0.4324695
0.5144659
0.3167421
0.4194433
0.31166872
0.2905526
0.2868504
0.2905526
0.2905526
0.2905526
0.2905526
0.2905526
0.2905526
0.2868504
0.2905526
0.30494994
0.26696834
0.44467297
0.3987385
0.36583024
0.396956
0.37145206
0.3323735
0.2905526
0.2905526
0.2905526
0.2905526
0.2905526
0.31180584
0.31633073
0.2905526
0.2905526
0.2905526
0.2905526
0.2905526
0.30728096
0.44782668
0.2905526
0.408611
0.2905526
0.2905526
0.2905526
0.2905526
0.2905526
0.2905526
0.2905526
0.2905526
0.2905526
0.2905526
0.2905526
0.2905526
0.2905526
0.2905526
0.2905526
0.2905526
0.2905526
0.2905526
0.2905526
0.2905526
0.2905526
0.2905526
0.2905526
0.2905526
0.2905526
0.2905526
0.2905526
0.2905526
0.2905526
0.2905526
0.2905526
0.2905526
0.28465652
0.2905526
0.303853
0.3972302
0.37364596
0.33031675
0.33566433
0.4117647
0.25572467
0.28945565
0.31139448
0.2905526
0.30165914
0.2905526
0.31591937
0.31194296
0.3462224
0.33662415
0.2905526
0.43123543
0.2905526
0.44782668
0.48320308
0.33100232
0.33443028
0.46812013
0.2905526
0.2905526
0.2905526
0.26162073
0.2905526
0.2905526
0.3229124
0.33415604
0.34869054
0.410942
0.30316743
0.39256823
0.4502948
0.27889758
0.2905526
0.2905526
0.2905526
0.37734815
0.3216783
0.26024956
0.45481968
0.2905526
0.46551487
0.26024956
0.36651585
0.32099274
0.29110107
0.31358838
0.2905526
0.2905526
0.2905526
0.3415604
0.36898395
0.2905526
0.2905526
0.43795422
0.46126422
0.32634032
0.38804334
0.23351158
0.4279446
0.2905526
0.2905526
0.3999726
0.46853146
0.35513505
0.26024956
0.3392294
0.49238998
0.41587824
0.2905526
0.3994241
0.4171123
0.30193335
0.46003017
0.2905526
0.40696558
0.2905526
0.2905526
0.29960236
0.2905526
0.2905526
0.2905526
0.2905526
0.46249828
0.29192376
0.4387769
0.2905526
0.2905526
0.2905526
0.2905526
0.2905526
0.2905526
0.2905526
0.2905526
0.2905526
0.2905526
0.2905526
0.2905526
0.2905526
0.4326066
0.43534896
0.29192376
0.44741532
0.2905526
0.4247909
0.36692718
0.30207047
0.3430687
0.4448101
0.35252982
0.2905526
0.2905526
0.2905526
0.2905526
0.2905526
0.2905526
0.2905526
0.2905526
0.2905526
0.2905526
0.3170163
0.2905526
0.2905526
0.2905526
0.2905526
0.2905526
0.2905526
0.2905526
0.2905526
0.2905526
0.2905526
0.2905526
0.2905526
0.2905526
0.2905526
0.2905526
0.2905526
0.2905526
0.2905526
0.2905526
0.2905526
0.3800905
0.38749486
0.392294
0.4079254
0.31879884
0.30248183
0.34087482
0.3824215
0.4371315
0.2905526
0.26024956
0.32551762
0.26024956
0.30165914
0.2905526
0.31235433
0.35568354
0.26024956
0.2905526
0.36048266
0.2905526
0.2474976
0.3763883
0.2868504
0.2868504
0.32428357
0.25503907
0.36020842
0.2905526
0.34567395
0.2905526
0.2905526
0.2905526
0.2905526
0.2905526
0.2905526
0.2905526
0.2905526
0.2905526
0.3362128
0.32894558
0.2905526
0.37158918
0.3068696
0.33785823
0.44906074
0.417935
0.2905526
0.39668176
0.23351158
0.2905526
0.38941452
0.3591115
0.33497876
0.3707665
0.2905526
0.2905526
0.2905526
0.2905526
0.2905526
0.2905526
0.34827918
0.33840668
0.2905526
0.2905526
0.2905526
0.2905526
0.2905526
0.2905526
0.2905526
0.2905526
0.2905526
0.2905526
0.2905526
0.2905526
0.2905526
0.2905526
0.2905526
0.2905526
0.2905526
0.2905526
0.2905526
0.2905526
0.2905526
0.2905526
0.2905526
0.2905526
0.2905526
0.2905526
0.2905526
0.2905526
0.31564513
0.3862608
0.2905526
0.2905526
0.2905526
0.42067736
0.2905526
0.2905526
0.2905526
0.2905526
0.2905526
0.2905526
0.26024956
0.2905526
0.2905526
0.2905526
0.4324695
0.2905526
0.2905526
0.2905526
0.35568354
0.34197176
0.33168793
0.3090635
0.23255177
0.2905526
0.2905526
0.2905526
0.2905526
0.2905526
0.2905526
0.2905526
0.23351158
0.2905526
0.23351158
0.2905526
0.2905526
0.2905526
0.2905526
0.2905526
0.2905526
0.2905526
0.2905526
0.2905526
0.2905526
0.2905526
0.2905526
0.2905526
0.2905526
0.34800494
0.2905526
0.3885918
0.29164952
0.2905526
0.23351158
0.2905526
0.2905526
0.2905526
0.2905526
0.2905526
0.2905526
0.2905526
0.39462498
0.2853421
0.3006993
0.30577266
0.33059096
0.40833676
0.31084603
0.3083779
0.48402578
0.2905526
0.2905526
0.2905526
0.2905526
0.2905526
0.35979706
0.2905526
0.2905526
0.315508
0.36761278
0.2905526
0.2905526
0.2905526
0.2905526
0.2905526
0.2905526
0.2905526
0.2905526
0.2905526
0.2905526
0.2905526
0.2905526
0.2905526
0.2905526
0.2905526
0.2905526
0.43534896
0.2905526
0.35033593
0.37378308
0.3739202
0.40367475
0.2905526
0.2905526
0.2905526
0.2905526
0.2905526
0.2905526
0.2905526
0.2905526
0.2905526
0.2905526
0.2905526
0.2905526
0.2905526
0.2905526
0.2905526
0.2905526
0.2905526
0.2905526
0.2905526
0.2905526
0.2905526
0.2905526
0.2905526
0.2905526
0.2905526
0.2905526
0.2905526
0.2905526
0.2905526
0.2905526
0.2905526
0.2905526
0.2905526
0.26024956
0.2905526
0.2905526
0.2905526
0.2905526
0.2905526
0.2905526
0.2905526
0.2905526
0.2905526
0.2905526
0.2905526
0.2905526
0.2905526
0.2905526
0.2905526
0.2905526
0.2905526
0.2905526
0.2905526
0.2905526
0.2905526
0.2905526
0.2905526
0.2905526
0.2905526
0.2905526
0.2905526
0.2905526
0.33662415
0.3115316
0.2905526
0.26024956
0.2905526
0.36898395
0.31742766
0.40298918
0.23351158
0.3362128
0.32058138
0.47991225
0.2905526
0.2905526
0.26024956
0.2905526
0.2905526
0.2905526
0.26189497
0.2905526
0.2905526
0.34978747
0.2905526
0.2905526
0.26024956
0.2905526
0.21993692
0.2905526
0.2905526
0.2905526
0.415604
0.33031675
0.3569176
0.2905526
0.2905526
0.2905526
0.2905526
0.2905526
0.2905526
0.2905526
0.2905526
0.2905526
0.3415604
0.37035513
0.37200055
0.30193335
0.2905526
0.2905526
0.2905526
0.2905526
0.2905526
0.2905526
0.2905526
0.2905526
0.2905526
0.2905526
0.26024956
0.2905526
0.2905526
0.2905526
0.40202934
0.28438228
0.3529412
0.26024956
0.29932812
0.2845194
0.43233237
0.36212808
0.30330455
0.4289044
0.26683122
0.3330591
0.30344164
0.26024956
0.2905526
0.2976827
0.2905526
0.2905526
0.2905526
0.2905526
0.3345674
0.30508706
0.36720142
0.2905526
0.2905526
0.2905526
0.2905526
0.2905526
0.3377211
0.2960373
0.48471138
0.4271219
0.41190183
0.2905526
0.3645962
0.3987385
0.28438228
0.3107089
0.3861237
0.32332373
0.36418483
0.30207047
0.3662416
0.2905526
0.36212808
0.38146168
0.2905526
0.2905526
0.2905526
0.2905526
0.33895516
0.2905526
0.26024956
0.2905526
0.3244207
0.2905526
0.2905526
0.2905526
0.2905526
0.2905526
0.2905526
0.35198134
0.3964075
0.38269573
0.4289044
0.2905526
0.2905526
0.38763198
0.2905526
0.2905526
0.2905526
0.2905526
0.2905526
0.2905526
0.2905526
0.2905526
0.2905526
0.2905526
0.2905526
0.2905526
0.2905526
0.2905526
0.2905526
0.2905526
0.2905526
0.2905526
0.2905526
0.2905526
0.2905526
0.2905526
0.2905526
0.2905526
0.2905526
0.3724119
0.31975868
0.2905526
0.35815164
0.2905526
0.2905526
0.37433156
0.2905526
0.2905526
0.2905526
0.2905526
0.2905526
0.2905526
0.2905526
0.2905526
0.2905526
0.2905526
0.2905526
0.2905526
0.2905526
0.2905526
0.2905526
0.2905526
0.2905526
0.2905526
0.2905526
0.2905526
0.2905526
0.42437953
0.4271219
0.2905526
0.37213767
0.2905526
0.2905526
0.2905526
0.2905526
0.33333334
0.2905526
0.32277527
0.42040312
0.35184422
0.43288085
0.3462224
0.40778828
0.2905526
0.2905526
0.2905526
0.2905526
0.2905526
0.2905526
0.2905526
0.2905526
0.2905526
0.2905526
0.2905526
0.2905526
0.2905526
0.2905526
0.2905526
0.2905526
0.2905526
0.2905526
0.2905526
0.2905526
0.2905526
0.2905526
0.2905526
0.2905526
0.2905526
0.2905526
0.2905526
0.26024956
0.2905526
0.2905526
0.2905526
0.2905526
0.2905526
0.2905526
0.2905526
0.2905526
0.2905526
0.2905526
0.2905526
0.2905526
0.2905526
0.2905526
0.2905526
0.2905526
0.2905526
0.2905526
0.2905526
0.2905526
0.2905526
0.2905526
0.2905526
0.2905526
0.2905526
0.2905526
0.2905526
0.2905526
0.2905526
0.2905526
0.2905526
0.2905526
0.36349925
0.2905526
0.2905526
0.2905526
0.2905526
0.2905526
0.2905526
0.2905526
0.2905526
0.2905526
0.2905526
0.2905526
0.2905526
0.2905526
0.2905526
0.2905526
0.2905526
0.2905526
0.2905526
0.2905526
0.2905526
0.2905526
0.2905526
0.2905526
0.2905526
0.2905526
0.2905526
0.37131497
0.29864255
0.3299054
0.34896475
0.3308652
0.29795694
0.2905526
0.34869054
0.2905526
0.2905526
0.2905526
0.2905526
0.2905526
0.2905526
0.2905526
0.2905526
0.2905526
0.2905526
0.2905526
0.2905526
0.2905526
0.2905526
0.2905526
0.2905526
0.2905526
0.2905526
0.2905526
0.2905526
0.36994377
0.38694638
0.2905526
0.3453997
0.2905526
0.2905526
0.2905526
0.2905526
0.2905526
0.29014122
0.2790347
0.2905526
0.38324422
0.2905526
0.2905526
0.2905526
0.2905526
0.2905526
0.2905526
0.26024956
0.2905526
0.2905526
0.2905526
0.2905526
0.2905526
0.2905526
0.2905526
0.2905526
0.2905526
0.2905526
0.2905526
0.2905526
0.2905526
0.2905526
0.2905526
0.2905526
0.2905526
0.2905526
0.2905526
0.2905526
0.2905526
0.2905526
0.2905526
0.2905526
0.2905526
0.2905526
0.2905526
0.2905526
0.2905526
0.2905526
0.2905526
0.2905526
0.2905526
0.2905526
0.2905526
0.2905526
0.2905526
0.2905526
0.2905526
0.2905526
0.31962156
0.2905526
0.3377211
0.30673248
0.2905526
0.2905526
0.2905526
0.2905526
0.2905526
0.2905526
0.2905526
0.2905526
0.2905526
0.2905526
0.2905526
0.2905526
0.2905526
0.2905526
0.4803236
0.2905526
0.2905526
0.2905526
0.2905526
0.2905526
0.2905526
0.2905526
0.41464418
0.36994377
0.30892637
0.4504319
0.2905526
0.2905526
0.2905526
0.2905526
0.2905526
0.2905526
0.2905526
0.2905526
0.2905526
0.2905526
0.2905526
0.2905526
0.2905526
0.2905526
0.2905526
0.2905526
0.2905526
0.2905526
0.2905526
0.2905526
0.2905526
0.2905526
0.2905526
0.2905526
0.40038392
0.3238722
0.3563691
0.2905526
0.2905526
0.2905526
0.42040312
0.39969835
0.43233237
0.2905526
0.2905526
0.41464418
0.2905526
0.2905526
0.3500617
0.33580145
0.2905526
0.37364596
0.2905526
0.2905526
0.2905526
0.2905526
0.2905526
0.2905526
