0.44988346
0.6083916
0.7320719
0.7762238
0.8287399
0.8450569
0.8934595
0.90552586
0.8996298
0.93939394
0.94268477
0.9439188
0.9554367
0.938297
0.9267791
0.9573564
0.9698341
0.9579048
0.9620184
0.9668175
0.9666804
0.9574935
0.9539284
0.96421224
0.96791446
0.9559852
0.97490746
0.9675031
0.9717537
0.9702454
0.97339916
0.97394764
0.97093105
0.95406556
0.96421224
0.97093105
0.97257644
0.96805155
0.9658577
0.9669546
0.9599616
0.96805155
0.9681887
0.97202796
0.963938
0.9777869
0.95968735
0.9742219
0.97847253
0.9768271
0.95859045
0.97669
0.9691485
0.97189087
0.9698341
0.97751266
0.9707939
0.9659948
0.9751817
0.96421224
0.9731249
0.9638009
0.9742219
0.967366
0.9698341
0.97737557
0.97490746
0.96503496
0.97449607
0.9787468
0.9786096
0.9746332
0.98203754
0.97093105
0.9659948
0.9797066
0.9628411
0.9698341
0.98176336
0.97888386
0.96311533
0.97751266
0.9786096
0.97449607
0.97202796
0.9771013
0.98176336
0.9723022
0.97888386
0.9812149
0.9823118
0.98107773
0.97956944
0.98203754
0.9758673
0.9746332
0.9768271
0.9777869
0.9742219
0.97751266
0.9731249
0.9792952
0.9812149
0.9797066
0.9758673
0.9791581
0.9829974
0.97696424
0.97353625
0.981352
0.97737557
0.98354584
0.97669
0.9629782
0.97956944
0.97353625
0.9742219
0.98286027
0.94885504
0.97449607
0.9827232
0.9798437
0.9798437
0.9698341
0.96023583
0.9762786
0.9806664
0.98039216
0.9771013
0.9831345
0.97408473
0.9731249
0.97655284
0.9747703
0.97655284
0.98176336
0.97545594
0.97737557
0.9838201
0.98025507
0.95667076
0.969697
0.98505414
0.97737557
0.98203754
0.9703826
0.9801179
0.9723022
0.9491293
0.9381599
0.9806664
0.97106814
0.9808035
0.974359
0.96805155
0.9783354
0.98354584
0.9808035
0.97751266
0.9698341
0.97106814
0.9669546
0.97943234
0.9777869
0.97888386
0.97696424
0.97806114
0.9738105
0.9814891
0.9742219
0.98039216
0.9797066
0.9792952
0.9814891
0.9703826
0.97956944
0.9757302
0.9851913
0.9758673
0.9579048
0.9658577
0.9797066
0.983683
0.9846428
0.9827232
0.9799808
0.9772385
0.9851913
0.98203754
0.9751817
0.9771013
0.98738515
0.9840943
0.9845057
0.97751266
0.98094064
0.97545594
0.98505414
0.9772385
0.98094064
0.9758673
0.9751817
0.98477995
0.9707939
0.98203754
0.9797066
0.9781983
0.986014
0.98190045
0.9840943
0.973262
0.9797066
0.98354584
0.98107773
0.9776498
0.9827232
0.9786096
0.97806114
0.97189087
0.98286027
0.9827232
0.96462363
0.97408473
0.98724806
0.98436856
0.9599616
0.9729878
0.96311533
0.9758673
0.97353625
0.9659948
0.98107773
0.9727136
0.98052925
0.9537913
0.9668175
0.9698341
0.9757302
0.982586
0.9814891
0.96407515
0.9792952
0.9797066
0.98436856
0.98436856
0.97792405
0.9562594
0.97902095
0.983683
0.9801179
0.94282186
0.98738515
0.9699712
0.97394764
0.9829974
0.98094064
0.98340875
0.9753188
0.9821747
0.98052925
0.97353625
0.98573977
0.9703826
0.9751817
0.9699712
0.9845057
0.98340875
0.9831345
0.98573977
0.98395723
0.97888386
0.98327166
0.97394764
0.98477995
0.9792952
0.98190045
0.9707939
0.9798437
0.98477995
0.9659948
0.98327166
0.9783354
0.9851913
0.9854655
0.9676402
0.9851913
0.97669
0.98505414
0.9821747
0.97641575
0.97189087
0.97888386
0.982586
0.9721651
0.97545594
0.9776498
0.9845057
0.97243935
0.98477995
0.98107773
0.9721651
0.9831345
0.9823118
0.9698341
0.983683
0.98573977
0.9891677
0.9781983
0.97943234
0.9687371
0.97751266
0.9814891
0.9831345
0.9747703
0.98107773
0.9768271
