10069.739
10066.313
10066.587
10065.993
10065.593
10065.327
10065.082
10065.079
10064.626
10065.139
10065.025
10064.903
10065.073
10064.834
10064.918
10064.938
10064.676
10064.694
10064.444
10064.64
10064.637
10064.788
10064.506
10064.549
10064.478
10064.3545
10064.352
10064.149
10064.271
10064.467
10064.318
10064.282
10064.292
10064.109
10064.108
10064.193
10064.22
10064.38
10064.246
10064.233
10064.111
10063.992
10064.056
10064.088
10064.074
10064.023
10064.071
10064.181
10064.465
10064.332
10064.007
10063.938
10064.028
10064.23
10064.174
10064.153
10064.157
10064.184
10064.215
10064.259
10064.254
10064.123
10064.089
10064.221
10064.021
10064.141
10064.199
10064.545
10064.021
10064.389
10064.044
10064.008
10063.834
10063.899
10063.966
10064.027
10064.338
10064.123
10064.088
10064.31
10064.267
10063.999
10063.972
10064.041
10064.01
10063.907
10063.926
10063.909
10064.012
10063.913
10063.929
10063.863
10063.843
10063.885
10063.867
10063.874
10063.853
10063.839
10063.849
10063.853
10063.836
10063.856
10063.85
10063.853
10063.814
10063.858
10063.864
10063.869
10063.877
10063.84
10063.877
10063.876
10063.867
10063.874
10063.869
10063.861
10063.846
10063.864
10063.861
10063.844
10063.863
10063.847
10063.823
