9970.371
9852.549
9736.724
9614.486
9479.306
9339.31
9161.231
8977.278
8771.002
8543.359
8314.526
8085.4175
7841.478
7604.9834
7377.926
7154.9263
6943.74
6741.229
6543.099
6359.114
6186.538
6006.557
5844.324
5690.743
5537.729
5397.882
5253.8857
5126.222
4994.3813
4873.117
4753.1733
4633.324
4526.348
4408.0635
4302.365
4198.8506
4103.606
4008.4004
3912.869
3823.6365
3739.6235
3655.8845
3570.4604
3495.1536
3414.6597
3347.819
3270.9216
3202.112
3138.604
3071.2727
3006.2908
2954.3853
2887.6648
2828.5352
2782.9446
2722.622
2673.9287
2619.1418
2571.8157
2520.4854
2480.077
2429.1265
2386.5679
2347.16
2304.1057
2269.1726
2235.8699
2191.2527
2154.34
2121.0383
2087.8174
2056.997
2023.1608
1996.2587
1962.8683
1935.3894
1910.008
1879.8214
1857.6675
1829.7308
1808.2874
1781.6445
1759.9175
1736.145
1714.5513
1694.0288
1674.8405
1660.3407
1635.3611
1620.312
1599.4581
1581.0045
1567.9451
1549.7395
1533.2052
1518.3501
1504.6946
1490.6057
1473.8524
1460.4657
1447.5784
1433.2992
1421.8164
1411.8372
1398.681
1387.1035
1375.64
1366.8801
1356.2429
1345.5914
1337.0492
1326.9225
1315.8129
1309.0762
1298.4501
1291.8092
1286.1576
1273.575
1266.2424
1258.8435
1252.1844
1244.2292
1238.7692
1231.1676
1225.3556
1219.0286
1212.5371
1206.6044
1201.5778
1195.7185
1190.4883
1182.3816
1178.6323
1172.9458
1167.9126
1162.8505
1159.5984
1154.5436
1151.1069
1146.9784
1141.5537
1136.5759
1133.5337
1128.724
1124.5645
1122.7831
1117.5665
1113.741
1111.686
1108.4971
1103.5453
1102.5117
1100.3119
1095.5892
1090.8262
