10074.925
10075.37
10073.099
10072.8
10072.078
10071.926
10072.061
10071.358
10071.194
10071.455
10071.33
10070.311
10070.029
10069.911
10069.916
10069.858
10069.58
10069.298
10069.866
10069.34
10068.899
10068.899
10068.832
10068.043
10068.099
10068.291
10068.347
10068.464
10068.056
10067.852
10068.014
10067.955
10068.161
10067.931
10067.922
10068.033
10067.84
10067.729
10067.719
10067.55
10067.7295
10068.225
10067.99
10067.69
10067.912
10067.619
10067.828
10067.771
10067.626
10067.459
10067.254
10067.284
10067.288
10067.061
10066.903
10066.655
10067.129
10067.046
10067.185
10066.862
10066.86
10066.688
10066.902
10066.792
10066.924
10066.925
10066.835
10066.61
10066.547
10066.62
10066.54
10066.12
10066.12
10066.42
10066.342
10066.091
10065.915
10065.9795
10066.136
10066.199
10066.198
10066.023
10065.661
10065.8125
10065.816
10065.956
10066.053
10065.96
10066.035
10066.234
10066.555
10066.812
10066.333
10066.232
10066.238
10065.994
10066.179
10066.064
10065.776
10065.814
10065.6
10065.521
10065.83
10065.887
10065.883
10066.059
10065.87
10065.791
10065.581
10065.793
10065.795
10065.714
10065.838
10065.809
10065.791
10065.753
