10032.502
10010.52
9988.819
9965.326
9944.609
9923.797
9899.97
9876.755
9853.859
9827.408
9799.866
9770.573
9741.684
9711.212
9674.833
9636.753
9597.756
9557.816
9511.033
9462.924
9414.758
9359.893
9303.674
9244.637
9183.061
9118.125
9048.385
8975.808
8901.729
8825.245
8747.781
8668.069
8586.571
8502.781
8422.499
8336.835
8251.938
8165.075
8078.775
7993.0425
7915.022
7822.894
7740.1797
7654.0957
7571.47
7488.433
7408.3984
7324.875
7247.613
7169.2344
7089.332
7018.272
6937.923
6862.5527
6788.11
6715.394
6647.044
6568.9717
6503.009
6431.526
6361.797
6295.728
6225.8057
6163.7705
6097.569
6035.3506
5968.43
5904.96
5844.651
5784.1367
5724.833
5663.4746
5604.7134
5549.237
5490.4995
5435.052
5379.9155
5331.272
5269.5117
5222.461
5166.0527
5114.4395
5065.976
5012.1025
4963.946
4917.6616
4868.918
4817.648
4772.511
4726.4795
4681.9404
4637.492
4589.0586
4543.857
4502.083
4457.3896
4416.8726
4371.625
4334.2905
4292.2573
4251.6694
4214.5273
4171.2563
4131.7686
4094.3088
4062.3853
4021.071
3985.973
3948.3877
3912.1877
3873.8313
3837.4211
3800.6414
3768.7314
3732.199
3697.9153
3666.5125
3640.538
3600.551
3570.915
3541.1182
3507.6472
3476.4988
3446.804
3420.2336
3387.051
3358.434
3332.6267
3300.1626
3277.1912
3244.5625
3221.4907
3197.9067
3166.0493
3140.7092
3116.016
3087.3586
3061.2961
3040.7637
3011.901
2991.151
2964.7258
2944.014
2918.8577
2897.671
2878.0112
2849.5488
2826.6006
2806.094
2785.5903
2761.8452
2741.5352
2723.4827
2703.7285
2679.3364
2658.8794
2638.7517
2621.6326
2599.7676
2582.9065
2561.142
2544.4558
2525.7515
2506.417
2489.4888
2470.9592
2455.4187
2436.6226
2424.0242
2404.9573
2385.1963
2369.5198
2355.2866
2339.7388
2326.504
2304.4966
2289.309
2278.0217
2258.9958
2245.3635
2230.36
2214.8828
2202.226
2186.033
2177.3813
2158.3848
2144.45
2132.0679
2118.838
2107.827
2092.9102
2080.2366
2070.356
2056.2139
2044.8796
2030.9065
2018.575
2009.8044
1995.0336
1984.4257
1972.836
1964.561
1951.8107
1940.6138
1927.9672
1917.5095
1909.0859
1898.7133
1890.4998
1877.9066
1867.2833
1856.9539
1848.007
1836.696
1832.0059
1817.4906
1808.9044
1799.1943
1790.0511
1782.4371
1773.2466
1768.0477
1755.3965
1749.0457
1739.4025
1730.0958
1726.6056
1717.4885
1706.4697
1699.3828
1691.2214
1682.9366
1676.8044
1669.7699
1660.9539
1655.9445
1647.591
1640.6246
1632.7051
1632.1226
1619.7677
1612.6603
1607.072
1599.5377
1595.0796
1587.0997
1583.3096
1576.9303
1571.1476
1562.526
1557.5397
1551.9517
1545.0059
1538.5441
1538.0371
1527.8395
1521.3309
1518.0033
1511.0417
1508.1821
1501.6833
1499.4839
1490.3312
1485.4496
1480.4869
1475.112
1471.0547
1466.3947
1460.8215
1456.7683
1451.7753
1447.7418
1444.9625
1439.8004
1437.0325
1429.5021
1424.787
1421.1501
1417.1115
1414.7776
1409.2986
1404.9478
1401.3523
1398.3539
1392.0378
1389.0472
1387.0808
1379.9949
1381.0764
1373.6754
1369.9971
1366.5406
1364.8048
1359.0471
1357.4977
1352.7146
1348.7775
1345.4594
1343.766
1340.6323
1336.0593
1332.794
1332.1101
1326.7014
1324.0981
1320.6965
1318.2908
1313.7588
1314.8817
1311.9456
1305.839
1307.1619
1301.3535
1297.5817
1294.6233
1292.1254
1289.418
1286.2303
1283.4427
1281.9857
1280.7191
1276.4027
1273.405
1271.2632
1268.8121
1266.3734
1265.6465
1261.4214
1260.0636
1257.1903
1256.1676
1252.8655
1249.9152
1247.5903
1245.8549
1245.1978
1241.7041
1239.5652
1237.7441
1236.2281
1234.9423
1235.7747
1229.7207
1228.1191
1226.6954
1225.1836
1222.9585
1220.0059
1218.8048
1216.3462
1216.2828
1212.4279
1213.517
1209.745
1207.8269
1205.5779
1204.7257
1201.5955
1200.3593
1200.0294
1196.4125
1195.793
1193.6803
1192.5387
1191.0222
1188.9117
1188.661
1190.8785
1185.2667
1183.3844
1183.5387
1181.9196
1178.8398
1179.9824
1175.9476
1174.1416
1173.9381
1171.5752
1170.2692
1169.1129
1167.5763
1166.6665
1166.3853
1163.4645
1162.5732
1165.2931
1159.6954
1159.301
1159.0098
1157.4377
1155.8824
1153.7091
1153.7887
1151.9979
1150.187
1149.2354
1148.1346
1147.0585
1145.5906
1145.8854
1143.8037
1143.4254
1142.3262
1141.3689
1139.3284
1138.0695
1137.0608
1136.4419
1135.3433
1134.8588
1134.465
1133.0631
1133.7252
1130.9908
1129.6838
1129.1947
1128.1743
1127.4498
1125.859
1125.2579
1125.4618
1124.1272
1123.0374
1123.9813
1120.3043
1120.0227
1119.9753
1120.5344
1119.5587
1117.9287
1115.9625
1117.3865
1114.3273
1114.5669
1113.9528
1112.4647
1110.7302
1110.6289
1109.2983
1109.0651
1108.4575
1107.6267
1106.58
1106.0739
1105.9924
1104.6356
1104.2195
1104.0927
1103.2905
1103.4711
1102.8584
1101.191
1101.011
1099.7089
1099.5295
1099.0004
1097.6493
1096.7944
1096.798
1096.8634
1096.4474
1095.414
1093.9519
1093.264
1092.1244
1091.898
1091.3936
1090.6324
1090.4677
1089.8282
1089.8542
1088.6167
1088.2676
1087.3744
1086.6862
1086.5051
1085.8
1085.5634
1085.4586
1084.8976
1083.107
1085.2053
1082.6409
1082.6145
1082.1533
1080.6165
1083.0826
1080.8058
1080.6292
1079.3363
1079.6085
1078.5524
1078.1659
1077.3407
1078.1584
1079.1937
1076.4723
1075.3082
1074.4946
1074.4379
1074.5493
1073.0958
1072.9884
1072.6133
1072.8341
1072.7778
1072.2927
1070.6918
1071.5547
1069.8423
1069.3613
1069.4884
1069.7759
1070.2422
1068.1202
1068.1221
1067.3273
1066.9144
1065.9644
1066.7198
1065.8315
1065.845
1064.9873
1065.1361
1063.8673
1064.1335
1063.6711
1062.7114
1062.5638
1062.6653
1063.8956
1062.5448
1061.2065
1061.5507
1061.5259
1062.2885
1060.6201
1060.622
1059.3662
1058.7656
1058.8143
1059.1458
1059.3497
1058.1824
1057.2405
1056.9297
1056.9377
1058.5364
1055.9408
1055.7898
1055.1632
1055.2386
1056.4988
1054.8383
1054.3381
1054.3121
1054.6888
1054.8959
1054.498
1053.0555
1052.6774
1052.779
1052.0917
1051.7114
1051.751
1051.7572
1051.2617
1051.1035
1050.3823
1050.4362
1051.9849
1050.5563
1049.6918
1050.4463
1050.6853
1050.7228
1049.4852
1048.3105
1048.5139
1048.2308
1049.2903
1048.2688
1047.9553
1047.1095
1046.8654
1048.0834
1046.481
1047.8184
1045.9214
1045.6481
1045.4434
1045.5288
1045.7281
1047.2407
1045.153
1045.836
1044.5848
1044.7352
1045.3019
1043.9878
1043.0905
1043.7848
1043.0381
1043.9913
1043.8259
1042.0797
1041.7992
1042.2101
1042.3833
1043.0846
1041.3057
1040.6152
1040.6176
1042.434
1042.1403
1042.909
1040.7319
1040.3523
1041.0138
1039.891
1039.58
1040.3511
1040.2113
1039.9688
1039.2462
1039.3846
1038.4352
1039.0739
1038.6163
1041.4331
1037.1501
1038.2568
1037.338
1037.6511
1036.761
1036.6102
1036.8751
1036.4473
1036.1768
1037.3834
1035.8552
1035.841
1035.1908
1035.9746
1035.3359
1035.1798
1035.0922
1036.7474
1034.6934
1036.5765
1034.727
1034.1504
1034.7456
1034.6292
1034.0427
1033.734
1034.4822
1033.7277
1035.1774
1033.9843
1032.7368
1032.6989
1034.2855
1033.02
1032.3187
1034.55
1032.6583
1032.8358
1032.048
1032.0837
1031.3157
1031.8081
