8622.712
6719.252
5279.705
4323.217
3645.2979
3126.747
2761.1714
2569.7307
2341.5703
2174.2998
2073.813
1962.601
1919.2689
2013.7627
1786.2017
1815.5562
1748.0928
1737.9746
1743.3278
1704.6155
1694.6677
1700.6658
1730.9286
1653.3386
1686.8806
1644.4219
1633.2306
1629.5555
1660.0618
1627.7482
1720.8939
1622.123
1616.051
1626.9819
1636.703
1613.2228
1608.4863
1622.6708
1677.793
1609.1914
1610.0365
1604.7301
1609.6969
1588.7263
1623.6597
1607.8622
1660.0425
1626.6342
1596.635
1609.7856
1582.9246
1590.2205
1606.8373
1572.1945
1578.2035
1594.935
1628.033
1581.435
1582.7146
1604.6978
1579.0311
1619.7222
1680.6108
1586.8398
1592.7794
1585.4447
1580.4014
1622.732
1569.2782
1625.3975
1611.9294
1563.619
1568.0624
1571.3162
1613.6548
1585.6869
1568.1497
1584.1906
1578.5305
1568.8398
1573.9148
1564.1565
1624.9243
1558.6831
1569.3978
1558.1958
1561.7412
1557.3174
1559.7601
1634.3838
1583.2709
1552.0796
1552.6213
1549.0298
1564.162
1550.5885
1561.9755
1611.0569
1590.6614
1590.0175
1569.0825
1568.3779
1567.0765
1547.565
1569.8136
1552.8624
1542.7277
1560.1401
1560.3497
1548.9651
1580.933
1583.5245
1552.4415
1560.8617
1546.0118
1549.617
1553.8806
1544.1932
1569.9869
1550.538
1548.5732
