10074.317
10068.763
10065.958
10064.695
10062.448
10059.998
10059.012
10057.125
10053.762
10051.914
10049.977
10048.072
10046.925
10045.757
10044.771
10043.704
10042.919
10041.303
10040.31
10038.719
10037.57
10036.63
10036.104
10035.266
10034.3125
10033.432
10032.59
10031.754
10030.624
10029.806
10028.899
10027.727
10027.06
10026.186
10025.434
10024.492
10023.888
10022.886
10022.331
10021.909
10020.6875
10019.663
10019.005
10017.794
10016.867
10015.942
10014.831
10013.697
10012.43
10011.375
10010.324
10009.198
10008.127
10007.142
10006.154
10005.109
10004.35
10003.097
10002.173
10001.163
10000.032
9998.7
9997.444
9996.242
9995.231
9993.95
9992.322
9991.027
9989.857
9988.85
9987.589
9985.901
9984.502
9983.406
9982.049
9980.712
9979.507
9978.467
9977.129
9975.897
9974.7
9973.081
9971.676
9970.184
9968.994
9967.236
9965.78
9964.204
9962.45
9961.109
9959.716
9957.828
9956.449
9954.952
9953.297
9951.555
9950.28
9948.698
9946.847
9945.1875
9943.587
9941.914
9940.154
9938.093
9936.418
9934.813
9933.253
9931.086
9929.289
9927.395
9925.232
9923.323
9921.318
9919.087
9917.175
9914.948
9912.844
9910.674
9908.726
9906.427
9904.338
9902.078
9899.611
9897.561
9895.238
9892.804
9890.666
9888.381
9886.14
9883.489
9880.955
9878.671
9876.172
9874.364
9871.535
9868.782
9866.162
9863.579
9860.501
9857.823
9855.447
9852.895
9850.373
9847.698
9845.041
9841.974
9838.797
9836.363
9833.9375
9830.604
9828.361
9824.887
9821.767
9818.841
9816.218
9812.72
9809.641
9807.03
9803.745
9800.096
9797.522
9794.593
9791.415
9787.629
9784.702
9781.33
9777.732
9774.601
9771.572
9768.331
9764.303
9760.185
9756.863
9754.248
9750.077
9746.481
9743.054
9739.439
9736.233
9732.536
9728.884
9724.285
9720.939
9716.884
9713.105
9708.926
9705.076
9701.736
9697.39
9694.091
9690.144
9685.602
9681.066
9676.494
9673.056
9669.525
9665.608
9661.503
9657.462
9653.36
9649.067
9645.321
9642.721
9638.891
9633.574
9628.638
9625.087
9619.511
9615.902
9610.702
9607.038
9602.612
9597.772
9593.308
9588.362
9583.314
9578.853
9574.668
9569.882
9564.901
9560.762
9556.255
9551.605
9546.853
9542.557
9537.348
9532.436
9527.665
9522.667
9517.904
9513.532
9509.1875
9503.804
9499.789
9493.205
9488.63
9484.535
9479.752
9474.306
9469.281
9465.293
9461.475
9455.835
9451.157
9445.859
9440.65
9435.493
9430.531
9425.077
9419.88
9414.284
9408.968
9404.3955
9397.034
9392.095
9387.779
9383.873
9377.522
9372.867
9368.579
9362.842
9356.878
9350.305
9345.053
9339.678
9335.189
9329.595
9326.447
9320.594
9313.873
9309.475
9304.328
9298.401
9292.0
9287.582
9281.432
9276.739
9271.109
9264.821
9261.565
9256.927
9250.257
9246.622
9240.722
9234.393
9228.834
9223.123
9218.312
9212.227
9204.822
9200.074
9194.303
9187.305
9183.838
9177.936
9172.751
9166.141
9159.498
9154.618
9152.33
9145.137
9141.762
9137.4795
9129.779
9124.637
9117.819
9112.232
9105.957
9098.236
9093.549
9087.18
9081.313
9076.437
9071.008
9062.398
9058.366
9053.423
9047.326
9042.497
9036.222
9029.339
9025.165
9018.886
9013.296
9006.99
9001.99
8995.877
8993.016
8986.437
8978.742
8973.494
8968.522
8964.268
8956.791
8950.878
8943.7
8938.787
8934.269
8928.361
8922.142
8919.202
8913.522
8907.434
8903.114
8896.026
8888.481
8882.777
8877.727
8870.604
8868.038
8860.327
8854.562
8849.578
8843.475
8837.401
8833.411
8826.384
8819.955
8815.95
8811.722
8804.089
8797.243
8792.333
8785.045
8782.216
8778.901
8771.899
8764.825
8760.893
8753.05
8746.376
8741.715
8739.628
8733.939
8730.695
8722.349
8718.918
8712.341
8708.054
8701.524
8696.772
8689.388
8683.974
8676.018
8671.508
8664.724
8663.498
8654.989
8646.6875
8645.384
8638.962
8636.137
8625.557
8620.638
8614.913
8609.632
8603.97
8599.462
8595.971
8588.388
8581.717
8574.943
8571.149
8567.8955
8561.945
8556.047
8550.208
8544.154
8536.983
8534.367
8529.114
8518.542
8515.509
8510.705
8507.656
8501.196
8493.56
8489.452
8486.943
8477.685
8472.111
8467.723
8464.004
8463.957
8455.815
8447.044
8440.615
8436.534
8432.302
8428.157
8420.451
8413.745
8409.124
8404.15
8398.825
8391.327
8390.6455
8385.451
8378.802
8373.092
8370.383
8360.394
8356.341
8350.447
8347.187
8341.016
8339.528
8334.483
8325.581
8319.692
8315.519
8314.093
8306.042
8298.832
8294.775
8292.106
8291.325
8282.706
8279.58
8269.119
8266.285
8259.963
8253.643
8254.362
8250.268
8240.849
8235.165
8232.715
8229.737
8224.188
8223.597
8219.233
8211.924
8207.0
8203.569
8197.19
8186.058
8183.6704
8177.707
8175.084
8173.2744
8164.0547
8160.6934
8159.1646
8153.7603
8144.315
8137.0903
8133.3843
8130.9927
8127.9365
8124.1626
8124.6055
8117.0566
8112.776
8104.307
8096.7593
8092.6704
8089.8647
8088.0405
8083.7935
8078.438
8075.1855
8068.2915
8067.946
8061.24
8059.097
8053.5312
8043.638
8035.2676
8031.303
8026.2695
8025.918
8020.6904
8013.6714
8015.4497
8010.046
8003.553
7994.764
7989.2817
7989.622
7983.595
7981.095
7976.2627
7972.053
7968.1274
7963.5156
7955.453
7953.8335
7947.587
7950.8105
7944.7974
7939.2715
7932.8867
7930.062
7923.7656
7919.176
7913.7734
7912.018
7909.1406
7899.579
7897.327
7893.156
7888.845
7883.514
7885.76
7879.643
7873.07
7870.9077
7865.9087
7862.0728
7857.559
7855.2007
7849.2573
7846.6123
7839.219
7836.511
7833.155
7830.663
7828.851
7820.272
7814.7827
7811.342
7809.891
7802.773
7799.4917
7799.853
7793.223
7788.844
7781.171
7778.1025
7776.96
7773.5293
7769.6807
7764.867
7760.488
7754.5117
7749.4976
7744.057
7740.343
7740.963
7739.963
7733.366
7731.6714
7727.541
7724.096
7720.314
7716.3223
7712.887
7705.7817
7702.6475
7697.488
7688.824
7688.848
7688.4497
7681.958
7682.6304
7682.1274
7680.7217
7669.7256
7671.157
7665.791
7657.9155
7656.814
7651.4014
7650.2153
7645.9897
7636.3896
7638.1587
7629.911
7629.4126
7628.764
7625.1045
7625.625
7612.0073
7611.8477
7599.117
7602.142
7598.5894
