10082.044
10069.144
10052.7
10045.001
10035.881
10029.646
10022.256
10015.376
10009.955
10004.699
9999.205
9993.734
9988.401
9983.554
9973.813
9963.987
9956.207
9949.312
9941.155
9933.843
9926.841
9920.888
9914.15
9906.787
9900.658
9893.563
9886.981
9880.358
9872.098
9866.454
9858.936
9851.657
9845.711
9838.247
9831.458
9823.406
9816.06
9808.9795
9801.125
9791.339
9779.921
9770.936
9761.716
9751.581
9741.075
9731.179
9721.37
9712.166
9701.902
9692.984
9684.196
9672.347
9663.812
9656.321
9645.525
9635.321
9624.884
9615.919
9607.743
9596.521
9585.898
9575.097
9566.0
9554.5625
9544.117
9531.138
9521.178
9512.316
9501.664
9490.481
9480.23
9472.725
9460.004
9451.175
9437.096
9427.054
9416.927
9405.1455
9391.676
9380.13
9370.792
9358.496
9345.451
9334.392
9323.471
9312.223
9304.895
9289.63
9278.086
9267.466
9258.289
9248.776
9237.412
9223.14
9212.655
9200.802
9190.748
9178.619
9165.87
9156.491
9142.566
9132.512
9120.38
9111.191
9098.239
9090.253
9076.461
9067.64
9055.697
9045.071
