10097.743
10088.563
10081.06
10076.494
10071.308
10067.514
10063.181
10060.054
10057.502
10055.286
10053.315
10051.41
10049.662
10048.197
10046.814
10045.51
10044.358
10043.184
10042.143
10041.15
10040.236
10039.315
10038.509
10037.6875
10036.947
10036.229
10034.737
10033.861
10033.033
10032.177
10031.374
10030.618
10029.931
10029.266
10028.616
10027.969
10027.253
10026.665
10026.089
10025.526
10024.967
10024.417
10023.866
10023.321
10022.785
10022.25
10021.73
10021.192
10020.668
10020.167
10019.635
10019.11
10018.597
10018.094
10017.592
10017.096
10016.608
10016.127
10015.654
10015.167
10014.689
10014.205
10013.726
10013.231
10012.751
10012.267
10011.776
10011.291
10010.811
10010.322
10009.839
10009.349
10008.86
10008.377
10007.897
10007.422
10006.934
10006.457
10005.97
10005.482
10004.99
10004.499
10004.009
10003.514
10003.019
10002.525
10002.027
10001.533
10001.046
10000.557
10000.058
9999.562
9999.072
9998.58
9998.074
9997.575
9997.066
9996.563
9996.053
9995.546
9995.03
9994.519
9994.002
9993.482
9992.962
9992.439
9991.908
9991.378
9990.851
9990.321
9989.79
9989.253
9988.717
9988.17
9987.624
9987.08
9986.528
9985.973
9985.416
9984.862
9984.302
9983.737
9983.169
9982.601
9982.028
9981.455
9980.877
9980.291
9979.702
9979.111
9978.521
9977.922
9977.316
9976.713
9976.101
9975.4795
9974.85
9974.22
9973.589
9972.951
9972.313
9971.666
9971.0205
9970.37
9969.711
9969.056
9968.392
9967.727
9967.057
9966.38
9965.705
9965.021
9964.337
9963.651
9962.959
9962.261
9961.5625
9960.858
9960.147
9959.429
9958.704
9957.98
9957.246
9956.519
9955.778
9955.035
9954.291
9953.537
9952.792
9952.031
9951.27
9950.509
9949.74
9948.968
9948.19
9947.411
9946.618
9945.822
9945.029
9944.223
9943.415
9942.6
9941.779
9940.955
9940.126
9939.288
9938.45
9937.603
9936.753
9935.889
9935.025
9934.156
9933.285
9932.409
9931.532
9930.6455
9929.754
9928.863
9927.965
9927.066
9926.153
9925.241
9924.324
9923.4
9922.473
9921.537
9920.594
9919.651
9918.697
9917.741
9916.782
9915.818
9914.849
9913.869
9912.894
9911.907
9910.918
9909.916
9908.915
9907.901
9906.893
9905.871
9904.85
9903.817
9902.782
9901.741
9900.696
9899.645
9898.585
9897.523
9896.458
9895.388
9894.306
9893.222
9892.129
9891.035
9889.9375
9888.827
9887.726
9886.606
9885.484
9884.367
9883.234
9882.097
9880.966
9879.853
9878.71
9877.562
9876.389
9875.191
9873.997
9872.791
9871.592
9870.372
9869.157
9867.929
9866.687
9865.445
9864.197
9862.95
9861.68
9860.417
9859.142
9857.866
9856.585
9855.305
9854.019
9852.721
9851.415
9850.109
9848.797
9847.483
9846.161
9844.841
9843.497
9842.159
9840.81
9839.455
9838.089
9836.72
9835.344
9833.957
9832.56
9831.156
9829.737
9828.317
9826.885
9825.445
9824.006
9822.557
9821.109
9819.655
9818.183
9816.722
9815.238
9813.757
9812.257
9810.7705
9809.247
9807.746
9806.218
9804.707
9803.17
9801.641
9800.093
9798.542
9796.982
9795.417
9793.85
9792.27
9790.688
9789.089
9787.494
9785.889
9784.272
9782.653
9781.0205
9779.379
9777.728
9776.055
9774.385
9772.704
9771.025
9769.334
9767.631
9765.929
9764.218
9762.489
9760.764
9759.029
9757.297
9755.562
9753.812
9752.065
9750.296
9748.534
9746.756
9744.981
9743.209
9741.415
9739.624
9737.825
9736.018
9734.201
9732.389
9730.566
9728.737
9726.897
9725.044
9723.184
9721.318
9719.446
9717.563
9715.684
9713.789
9711.894
9709.994
9708.078
9706.159
9704.23
9702.299
9700.355
9698.403
9696.453
9694.495
9692.534
9690.566
9688.586
9686.596
9684.6045
9682.593
9680.577
9678.55
9676.52
9674.492
9672.454
9670.4
9668.34
9666.272
9664.191
9662.117
9660.018
9657.924
9655.829
9653.718
9651.616
9649.507
9647.39
9645.271
9643.139
9640.994
9638.847
9636.678
9634.526
9632.368
9630.194
9627.995
9625.799
9623.601
9621.392
9619.184
9616.956
9614.716
9612.481
9610.253
9608.016
9605.773
9603.542
9601.271
9598.998
9596.725
9594.448
9592.158
9589.863
9587.562
9585.246
9582.95
9580.627
9578.295
9575.972
9573.635
9571.293
9568.954
9566.6
9564.246
9561.873
9559.514
9557.119
9554.733
9552.338
9549.952
9547.552
9545.137
9542.725
9540.312
9537.897
9535.465
9533.029
9530.592
9528.133
9525.664
9523.205
9520.746
9518.272
9515.786
9513.305
9510.807
9508.308
9505.798
9503.282
9500.761
9498.235
9495.704
9493.166
9490.649
9488.094
9485.552
9483.006
9480.451
9477.893
9475.322
9472.748
9470.181
9467.589
9464.992
9462.398
9459.798
9457.184
9454.593
9451.979
9449.358
9446.743
9444.122
9441.493
9438.871
9436.243
9433.605
9430.961
9428.303
9425.649
9422.999
9420.328
9417.659
9414.987
9412.293
9409.6455
9406.954
9404.282
9401.589
9398.913
9396.208
9393.527
9390.833
9388.143
9385.421
9382.73
9380.0
9377.288
9374.585
9371.864
9369.117
9366.398
9363.662
9360.9375
9358.199
9355.46
9352.717
9349.969
9347.22
9344.469
9341.723
9338.963
9336.19
9333.43
9330.651
9327.888
9325.116
9322.358
9319.576
9316.776
9314.0
9311.212
9308.421
9305.647
9302.862
9300.097
9297.311
9294.541
9291.758
9288.985
9286.198
9283.417
9280.623
9277.837
9275.043
9272.217
9269.396
9266.589
9263.763
9260.982
9258.16
9255.35
9252.538
9249.729
9246.898
9244.088
9241.272
9238.459
9235.662
9232.88
9230.1
9227.325
9224.552
9221.774
9219.003
9216.226
9213.454
9210.679
9207.912
9205.124
9202.354
9199.574
9196.807
9194.032
9191.258
9188.49
9185.704
9182.945
9180.174
9177.398
9174.629
9171.868
9169.142
9166.372
9163.622
9160.878
9158.141
9155.404
9152.672
9149.926
9147.199
9144.455
9141.732
9138.985
9136.237
9133.51
9130.784
9128.058
9125.304
9122.604
9119.897
9117.175
9114.444
9111.731
9109.0205
9106.304
9103.59
9100.881
9098.185
9095.487
9092.8
9090.098
9087.41
9084.739
9082.063
9079.391
9076.714
9074.052
9071.38
9068.721
9066.066
9063.416
9060.773
9058.109
9055.496
9052.829
9050.203
9047.562
9044.938
9042.31
9039.692
9037.073
9034.445
9031.83
9029.222
9026.593
9024.001
9021.388
9018.783
9016.171
9013.562
9010.951
9008.34
9005.748
9003.159
9000.575
8998.002
8995.438
8992.863
8990.283
8987.734
8985.18
8982.632
8980.068
8977.534
8974.977
8972.443
8969.9
8967.371
8964.848
8962.314
8959.802
8957.289
8954.778
8952.263
8949.754
8947.246
8944.748
8942.256
8939.773
8937.29
8934.819
8932.354
8929.89
8927.423
8924.962
8922.523
8920.069
8917.621
8915.181
8912.756
8910.333
8907.908
8905.506
8903.097
8900.688
8898.297
8895.896
8893.512
8891.126
8888.764
8886.41
8884.067
8881.717
8879.376
8877.039
8874.712
8872.39
8870.067
8867.754
8865.451
8863.151
8860.855
8858.57
8856.29
8854.013
8851.747
8849.486
8847.215
8844.96
8842.702
8840.468
8838.212
8835.973
8833.728
8831.511
8829.293
8827.083
8824.885
8822.677
8820.495
8818.3125
8816.136
8813.975
8811.811
8809.6455
8807.495
8805.347
8803.208
8801.078
8798.947
8796.825
8794.715
8792.604
8790.509
8788.405
8786.315
8784.222
8782.143
8780.069
8778.007
8775.938
8773.88
8771.836
8769.794
8767.766
8765.736
8763.707
8761.686
8759.669
8757.658
8755.651
8753.664
8751.667
8749.675
8747.696
8745.719
8743.735
8741.762
8739.777
8737.824
8735.86
8733.93
8731.975
8730.05
8728.116
8726.18
8724.26
8722.351
8720.444
8718.541
8716.649
8714.743
8712.851
8710.959
8709.083
8707.216
8705.351
8703.487
8701.633
8699.799
8697.94
8696.098
8694.27
8692.437
8690.623
8688.808
8686.987
8685.177
8683.357
8681.551
8679.757
8677.957
8676.166
8674.382
8672.596
8670.827
8669.053
8667.289
8665.527
8663.767
8662.009
8660.262
8658.524
8656.784
8655.051
8653.324
8651.601
8649.886
8648.167
8646.457
8644.745
8643.042
8641.347
8639.657
8637.968
8636.287
8634.607
8632.934
8631.264
8629.606
8627.945
8626.285
8624.626
8622.984
8621.329
8619.695
8618.059
8616.43
8614.811
8613.19
8611.572
8609.954
8608.35
8606.743
8605.145
8603.55
8601.964
8600.372
8598.791
8597.21
8595.639
8594.061
8592.496
8590.92
8589.371
8587.808
8586.241
8584.684
8583.135
8581.599
8580.049
8578.504
8576.969
8575.438
8573.913
8572.393
8570.871
8569.355
8567.848
8566.345
8564.846
8563.35
8561.859
8560.356
8558.869
8557.386
8555.902
8554.43
8552.956
8551.484
8550.02
8548.56
8547.101
8545.646
8544.189
8542.732
8541.28
8539.838
8538.395
8536.959
8535.526
8534.094
8532.674
8531.248
8529.831
8528.409
8526.994
8525.585
8524.18
8522.769
8521.368
8519.969
8518.57
8517.178
8515.782
8514.396
8513.009
8511.632
8510.248
8508.871
8507.496
8506.128
8504.757
8503.393
8502.028
8500.665
8499.313
8497.956
8496.6
8495.25
8493.899
8492.553
8491.21
8489.865
8488.531
8487.197
8485.867
8484.529
8483.2
8481.879
8480.557
8479.231
8477.922
8476.604
8475.294
8473.985
8472.679
8471.374
8470.073
8468.778
8467.478
8466.1875
8464.897
8463.614
8462.333
8461.049
8459.773
8458.499
8457.228
8455.958
8454.693
8453.425
8452.164
8450.905
8449.647
8448.394
8447.14
8445.893
8444.645
8443.402
8442.16
8440.926
8439.687
8438.451
8437.222
8435.992
8434.767
8433.544
8432.32
8431.106
8429.889
8428.675
8427.463
8426.253
8425.046
8423.839
8422.636
8421.435
8420.234
8419.039
8417.844
8416.648
8415.459
8414.272
8413.086
8411.901
8410.722
8409.539
8408.361
8407.187
8406.013
8404.842
8403.672
8402.505
8401.338
8400.174
8399.009
8397.851
8396.693
8395.534
8394.381
8393.225
8392.077
8390.928
8389.78
8388.633
8387.492
8386.35
8385.208
8384.071
8382.9375
8381.801
8380.661
8379.532
8378.4
8377.27
8376.144
8375.018
8373.892
8372.7705
8371.647
8370.528
8369.406
8368.291
8367.179
8366.066
8364.953
8363.844
8362.734
8361.631
8360.522
8359.417
8358.3125
8357.213
8356.113
8355.014
8353.916
8352.819
8351.726
8350.629
8349.537
8348.445
8347.359
8346.267
8345.184
8344.1
8343.017
8341.934
8340.854
8339.771
8338.694
8337.622
8336.541
8335.467
8334.395
8333.32
8332.236
8331.135
8330.037
8328.943
8327.843
8326.751
8325.655
8324.562
8323.477
8322.402
8321.343
8320.285
8319.227
8318.171
8317.122
8316.065
8315.017
8313.967
8312.916
8311.868
8310.823
8309.779
8308.737
8307.694
8306.657
8305.615
8304.579
8303.543
8302.51
8301.4795
8300.444
8299.417
8298.386
8297.358
8296.335
8295.309
8294.283
8293.26
8292.238
8291.218
8290.197
8289.176
8288.16
8287.145
8286.132
8285.119
8284.11
8283.101
8282.095
8281.09
8280.085
8279.082
8278.081
8277.08
8276.084
8275.084
8274.093
8273.097
8272.11
8271.118
8270.128
8269.139
8268.154
8267.169
8266.184
8265.203
8264.218
8263.24
8262.261
8261.28
8260.307
8259.333
8258.357
8257.383
8256.409
8255.438
8254.467
8253.502
8252.535
8251.568
8250.602
8249.635
8248.676
8247.716
8246.752
8245.792
8244.836
8243.877
8242.921
8241.964
8241.009
8240.054
8239.102
8238.149
8237.197
8236.251
8235.301
8234.355
8233.406
8232.463
8231.522
8230.573
8229.632
8228.691
8227.748
8226.806
8225.866
8224.925
8223.984
8223.044
8222.104
8221.161
8220.222
8219.282
8218.351
8217.416
8216.479
8215.553
8214.625
8213.696
8212.774
8211.853
8210.93
8210.008
8209.089
8208.171
8207.255
8206.34
8205.429
8204.518
8203.604
8202.691
8201.786
8200.874
8199.967
8199.065
8198.159
8197.255
8196.35
8195.444
8194.546
8193.6455
8192.747
8191.8433
8190.9443
8190.045
8189.1475
8188.2534
8187.354
8186.4683
8185.575
8184.6914
8183.799
8182.913
8182.027
8181.1377
8180.25
8179.3667
8178.4814
8177.599
8176.716
8175.83
8174.949
8174.071
8173.191
8172.314
8171.4355
8170.56
8169.6855
8168.8125
8167.941
8167.068
8166.197
8165.327
8164.46
8163.596
8162.728
8161.8657
8160.997
8160.1343
8159.276
8158.4106
8157.5527
8156.6914
8155.8306
8154.9756
8154.117
8153.264
8152.406
8151.5527
8150.699
8149.8477
8148.9927
8148.144
8147.2925
8146.442
8145.594
8144.7456
8143.901
8143.05
8142.2056
8141.359
8140.5137
8139.67
8138.8315
8137.9917
8137.156
8136.317
8135.478
8134.644
8133.805
8132.9683
8132.143
8131.3027
8130.474
8129.6406
8128.813
8127.9834
8127.1523
8126.3267
8125.4985
8124.671
8123.8457
8123.018
8122.193
8121.3716
8120.551
8119.7236
8118.903
8118.075
8117.252
8116.4307
8115.608
8114.7896
8113.9614
8113.145
8112.322
8111.4956
8110.675
8109.8506
8109.023
8108.201
8107.38
8106.5527
8105.7354
8104.913
8104.0913
8103.2666
8102.446
8101.6196
8100.805
8099.9834
8099.168
8098.3535
8097.5366
8096.721
8095.91
8095.1006
8094.2886
8093.4785
8092.6743
8091.8633
8091.054
8090.2476
8089.4414
8088.6357
8087.834
8087.031
8086.226
8085.4253
8084.6235
8083.82
8083.0215
8082.2217
8081.42
8080.623
8079.8276
8079.03
8078.239
8077.4487
8076.6562
8075.866
8075.079
8074.287
8073.4946
8072.7036
8071.917
8071.126
8070.334
8069.554
8068.7646
8067.9785
8067.19
8066.404
8065.623
8064.842
8064.0586
8063.279
8062.497
8061.7163
8060.9414
8060.164
8059.386
8058.6133
8057.8335
8057.063
8056.286
8055.516
8054.745
8053.971
8053.2017
8052.4336
8051.661
8050.896
8050.1284
8049.3594
8048.6
8047.831
8047.0703
8046.3076
8045.5464
8044.7856
8044.026
8043.2656
8042.506
8041.7495
8040.9937
8040.24
8039.485
8038.731
8037.9834
8037.2314
8036.479
8035.7246
8034.9775
8034.2285
8033.481
8032.734
8031.984
8031.234
8030.4854
8029.739
8028.9956
8028.244
8027.4995
8026.7554
8026.012
8025.265
8024.5225
8023.774
8023.036
8022.289
8021.552
8020.8125
8020.0728
8019.334
8018.598
8017.862
8017.122
8016.387
8015.6514
8014.913
8014.184
8013.4497
8012.717
8011.98
8011.25
8010.5166
8009.7896
8009.056
8008.323
8007.598
8006.8706
8006.1396
8005.4116
8004.6855
8003.9624
8003.2354
8002.5127
8001.7876
8001.0654
8000.3457
7999.624
7998.909
7998.1895
7997.472
7996.7544
7996.0386
7995.3203
7994.609
7993.889
7993.1753
7992.465
7991.7515
7991.038
7990.3286
7989.6196
7988.9087
7988.1997
7987.492
7986.787
7986.076
7985.3647
7984.6587
7983.954
7983.246
7982.5396
7981.8374
7981.1274
7980.428
7979.725
7979.019
7978.312
7977.6147
7976.914
7976.216
7975.512
7974.802
7974.1035
7973.4033
7972.7007
7972.0034
7971.3076
7970.6074
7969.912
7969.2144
7968.519
7967.821
7967.1255
7966.4272
7965.7334
7965.048
7964.351
7963.661
7962.9688
7962.2773
7961.583
7960.895
7960.204
7959.5107
7958.824
7958.1357
7957.4497
7956.7607
7956.0703
7955.388
7954.6997
7954.013
7953.3306
7952.644
7951.9614
7951.2764
7950.5938
7949.915
7949.2295
7948.5513
7947.8696
7947.1855
7946.51
7945.826
7945.146
7944.466
7943.7827
7943.1074
7942.431
7941.755
7941.0806
7940.4033
7939.7236
7939.0474
7938.3706
7937.697
7937.023
7936.3525
7935.679
7935.0083
7934.3394
7933.6626
7932.992
7932.3213
7931.652
7930.9824
7930.3105
7929.6377
7928.971
7928.305
7927.642
7926.9707
7926.303
7925.64
7924.9727
7924.307
7923.6416
7922.981
7922.32
7921.6577
7920.997
7920.3325
7919.667
7919.0083
7918.3467
7917.6885
7917.0225
7916.3584
7915.697
7915.041
7914.3813
7913.724
7913.0674
7912.409
7911.7505
7911.0903
7910.439
7909.7812
7909.125
7908.471
7907.8145
7907.1606
7906.5034
7905.8506
7905.194
7904.547
7903.8926
7903.2373
7902.586
7901.9326
7901.281
7900.626
7899.973
7899.324
7898.6743
7898.022
7897.3706
7896.721
7896.0728
7895.4224
7894.7734
7894.132
7893.483
7892.835
7892.1836
7891.5366
7890.8896
7890.24
7889.59
7888.9424
7888.2974
7887.652
7887.0063
7886.3633
7885.716
7885.0664
7884.424
7883.7812
7883.1396
7882.4927
7881.854
7881.211
7880.572
7879.926
7879.288
7878.648
7878.007
7877.3687
7876.7266
7876.0894
7875.449
7874.8145
7874.1772
7873.5396
7872.9023
7872.262
7871.622
7870.9883
7870.352
7869.717
7869.0835
7868.4487
7867.811
7867.1763
7866.546
7865.907
7865.2793
7864.6445
7864.0137
7863.384
7862.749
7862.117
7861.488
7860.859
7860.228
7859.5923
7858.966
7858.3345
7857.7065
7857.076
7856.448
7855.8193
7855.1934
7854.567
7853.9395
7853.3154
7852.6846
7852.064
7851.437
7850.811
7850.191
7849.5625
7848.9404
7848.317
7847.6895
7847.0625
7846.4346
7845.8096
7845.1875
7844.5654
7843.9404
7843.321
7842.7007
7842.0806
7841.457
7840.8423
7840.2217
7839.6055
7838.981
7838.3657
7837.75
7837.133
7836.5107
7835.8975
7835.278
7834.6616
7834.0444
7833.4287
7832.817
7832.1997
7831.5835
7830.973
7830.3594
7829.7495
7829.134
7828.521
7827.911
7827.294
7826.6885
7826.078
7825.466
7824.8545
7824.2466
7823.639
7823.032
7822.4106
7821.8027
7821.196
7820.593
7819.982
7819.372
7818.7676
7818.162
7817.548
7816.941
7816.3354
7815.729
7815.118
7814.5117
7813.91
7813.2993
7812.6943
7812.0854
7811.4766
7810.874
7810.2676
7809.668
7809.0664
7808.462
7807.854
7807.2534
7806.6543
7806.0527
7805.4546
7804.8545
7804.2534
7803.6587
7803.057
7802.4556
7801.8657
7801.267
7800.671
7800.076
7799.4824
7798.887
7798.2925
7797.701
7797.1074
7796.516
7795.9204
7795.324
7794.7324
7794.14
7793.5483
7792.9507
7792.36
7791.763
7791.166
7790.5713
7789.9824
7789.3926
7788.805
7788.2144
7787.6284
7787.035
7786.4497
7785.866
7785.2773
7784.6885
7784.101
7783.5166
7782.9263
7782.342
7781.7583
7781.1753
7780.585
7780.008
7779.4175
7778.829
7778.2505
7777.6636
7777.0786
7776.497
7775.915
7775.333
7774.7495
7774.1685
7773.59
7773.006
7772.424
7771.8457
7771.2666
7770.6924
7770.1147
7769.536
7768.9565
7768.384
7767.809
7767.2295
7766.6567
7766.0767
7765.503
7764.9326
7764.3584
7763.784
7763.2095
7762.6406
7762.063
7761.4863
7760.9077
7760.3335
7759.76
7759.1865
7758.612
7758.036
7757.4595
7756.888
7756.31
7755.7334
7755.157
7754.5864
7754.0127
7753.4346
7752.8647
7752.29
7751.72
7751.143
7750.5786
7750.0073
7749.4385
7748.8613
7748.2974
7747.7197
7747.1553
7746.58
7746.017
7745.4443
7744.8794
7744.307
7743.7397
7743.1694
7742.606
7742.041
7741.475
7740.905
7740.336
7739.766
7739.1924
7738.6074
7738.036
7737.462
7736.8857
7736.313
7735.7383
7735.1636
7734.5923
7734.022
7733.452
7732.881
7732.3115
7731.7456
7731.1763
7730.604
7730.0396
7729.4746
7728.9106
7728.3374
7727.772
7727.209
7726.6377
7726.068
7725.507
7724.9414
7724.3745
7723.8047
7723.2383
7722.671
7722.0903
7721.5317
7720.961
7720.4004
7719.8257
7719.26
7718.694
7718.1274
7717.5596
7716.9976
7716.4385
7715.8706
7715.3154
7714.748
7714.1875
7713.6274
7713.07
7712.5107
7711.948
7711.3867
7710.831
7710.2715
7709.7144
7709.152
7708.59
7708.0356
7707.4805
7706.9214
7706.3623
7705.8022
7705.2495
7704.6978
7704.152
7703.589
7703.028
7702.4683
7701.9067
7701.3477
7700.7944
7700.233
7699.6733
7699.1187
7698.5522
7697.9927
7697.425
7696.866
7696.3125
7695.755
7695.1943
7694.63
7694.068
7693.514
7692.943
7692.3794
7691.827
7691.2607
7690.696
7690.1313
7689.5625
7688.998
7688.4297
7687.861
7687.3022
7686.735
7686.1685
7685.5947
7685.024
7684.433
7683.8633
7683.293
7682.7334
7682.1675
7681.6035
7681.039
7680.4756
7679.906
7679.347
7678.78
7678.216
7677.653
7677.087
7676.5244
7675.9536
7675.396
7674.8267
7674.27
7673.7046
7673.1436
7672.585
7672.0254
7671.4653
7670.905
7670.347
7669.789
7669.238
7668.676
7668.125
7667.567
7667.0093
7666.458
7665.904
7665.348
7664.7964
7664.2495
7663.703
7663.1553
7662.6104
7662.0566
7661.5146
7660.968
7660.423
7659.8804
7659.3433
7658.7954
7658.257
7657.7104
7657.1655
7656.6274
7656.078
7655.5376
7655.0
7654.4604
7653.921
7653.3843
7652.8394
7652.299
7651.765
7651.227
7650.688
7650.153
7649.613
7649.0815
7648.542
7648.0146
7647.4736
7646.938
7646.4077
7645.873
7645.34
7644.807
7644.2715
7643.7446
7643.206
7642.6763
7642.142
7641.612
7641.0806
7640.5522
7640.015
7639.487
7638.957
7638.43
7637.901
7637.3726
7636.8403
7636.3154
7635.787
7635.2617
7634.7266
7634.1987
7633.6714
7633.1426
7632.6147
7632.085
7631.552
7631.0244
7630.4893
7629.964
7629.4375
7628.9043
7628.3813
7627.855
7627.3267
7626.7983
7626.2646
7625.738
7625.2134
7624.6826
7624.1484
7623.615
7623.084
7622.5537
7622.0186
7621.4844
7620.953
7620.416
7619.8784
7619.345
7618.8076
7618.267
7617.729
7617.198
7616.6636
7616.121
7615.589
7615.0444
7614.5024
7613.968
7613.4287
7612.8877
7612.355
7611.809
7611.272
7610.73
7610.1924
7609.654
7609.107
7608.5713
7608.0312
7607.49
7606.95
7606.4106
7605.865
7605.3237
7604.7783
7604.2373
7603.6987
7603.1587
7602.6167
7602.076
7601.5366
7600.995
7600.4565
7599.9194
7599.3784
7598.834
7598.288
7597.7524
7597.2183
7596.6826
7596.145
7595.6045
7595.073
7594.5347
7594.004
7593.4688
7592.9277
7592.3965
7591.8657
7591.327
7590.793
7590.262
7589.727
7589.192
7588.656
7588.122
7587.5903
7587.068
7586.545
7586.012
7585.4893
7584.959
7584.435
7583.9097
7583.39
7582.8677
7582.3384
7581.817
7581.2974
7580.775
7580.2544
7579.734
7579.2124
7578.6875
7578.1636
7577.646
7577.1274
7576.608
7576.092
7575.576
7575.063
7574.544
7574.031
7573.5156
7573.0015
7572.4907
7571.9717
7571.464
7570.9463
7570.4395
7569.924
7569.417
7568.906
7568.3994
7567.886
7567.381
7566.871
7566.36
7565.853
7565.3413
7564.8354
7564.329
7563.8203
7563.3184
7562.8105
7562.3076
7561.8037
7561.2964
7560.7944
7560.2905
7559.7886
7559.2856
7558.788
7558.2847
7557.784
7557.2783
7556.783
7556.278
7555.782
7555.2773
7554.7812
7554.279
7553.782
7553.2856
7552.7905
7552.2915
7551.798
7551.301
7550.8066
7550.309
7549.815
7549.316
7548.8247
7548.3286
7547.8364
7547.341
7546.852
7546.359
7545.8696
7545.374
7544.8853
7544.392
7543.9043
7543.4146
7542.924
7542.444
7541.951
7541.4697
7540.9795
7540.4937
7540.008
7539.5225
7539.0337
7538.547
7538.0615
7537.5723
7537.0923
7536.6025
7536.114
7535.628
7535.146
7534.663
7534.174
7533.691
7533.209
7532.724
7532.2417
7531.758
7531.2764
7530.792
7530.3086
7529.8267
7529.342
7528.864
7528.381
7527.898
7527.416
7526.931
7526.444
7525.9653
7525.4795
7524.9966
7524.522
7524.042
7523.5615
7523.083
7522.6055
7522.1274
7521.645
7521.1665
7520.6875
7520.209
7519.728
7519.244
7518.7656
7518.284
7517.8047
7517.325
7516.8467
7516.3677
7515.8877
7515.413
7514.9336
7514.455
7513.973
7513.49
7513.0063
7512.52
7512.0405
7511.563
7511.0864
7510.606
7510.1235
7509.6465
7509.1675
7508.6836
7508.213
7507.732
7507.2534
7506.7705
7506.291
7505.8096
7505.328
7504.8467
7504.3657
7503.891
7503.4116
7502.9297
7502.4556
7501.977
7501.5034
7501.0195
7500.5435
7500.0674
7499.591
7499.113
7498.638
7498.1616
7497.683
7497.2056
7496.727
7496.253
7495.779
7495.304
7494.831
7494.3574
7493.8887
7493.418
7492.949
7492.4834
7492.0176
7491.549
7491.083
7490.614
7490.1523
7489.684
7489.2197
7488.7524
7488.2866
7487.819
7487.3535
7486.8867
7486.4185
7485.9595
7485.493
7485.031
7484.5654
7484.103
7483.6406
7483.1777
7482.714
7482.251
7481.7896
7481.328
7480.8623
7480.3994
7479.9395
7479.474
7479.017
7478.5522
7478.0938
7477.629
7477.1675
7476.706
7476.2466
7475.7803
7475.318
7474.8594
7474.398
7473.939
7473.4727
7473.019
7472.563
7472.1
7471.638
7471.1807
7470.721
7470.2627
7469.8076
7469.344
7468.8887
7468.4316
7467.9736
7467.5117
7467.057
7466.5977
7466.1436
7465.6826
7465.227
7464.7646
7464.308
7463.8516
7463.399
7462.941
7462.4824
7462.0273
7461.5723
7461.118
7460.6636
7460.2114
7459.7554
7459.3037
7458.8535
7458.4004
7457.95
7457.4917
7457.042
