10030.561
9943.693
9739.308
9509.784
9303.514
9117.608
8961.86
8823.723
8696.052
8585.489
8494.938
8396.716
8314.563
8248.917
8171.7686
8108.6924
8049.7793
7998.8125
7949.176
7895.355
7845.5728
7801.1484
7772.2144
7719.2227
7681.03
7647.8506
7608.1206
7574.612
7550.3857
7511.228
7481.2695
7453.665
7424.285
7400.9834
7372.578
7349.4014
7322.036
7302.799
7283.927
7253.5156
7246.7207
7216.3687
7193.873
7173.3296
7150.883
7136.972
7113.9644
7100.359
7081.773
7060.558
7043.4497
7026.657
7010.866
6994.479
6979.92
6964.631
6949.9263
6934.502
6920.5244
6907.04
6896.007
6884.162
6866.0615
6855.635
6842.8623
6826.8896
6814.9185
6808.339
6790.6997
6778.215
6769.4644
6764.2134
6748.3335
6751.0195
6728.455
6713.742
6706.16
6691.2754
6681.9106
6672.353
6662.2646
6652.4517
6641.852
6633.9927
6623.232
6614.422
6608.2095
6602.413
6586.2954
6578.1924
6580.7544
6561.656
6556.038
6544.389
6544.4043
6530.693
6522.7656
6516.8945
6506.046
6497.3047
6491.869
6481.5054
6479.732
6466.926
6461.1377
6464.1616
6446.322
6440.548
6430.4727
6432.226
6425.2427
6416.3813
6407.283
6397.545
6390.9785
6384.4517
6382.003
6372.1543
6368.7524
6364.2544
6355.524
6348.278
6345.9727
6335.351
6329.538
6326.3433
6319.8936
6314.607
6306.1714
6301.4507
6300.4165
6289.535
6283.7236
6283.9272
6288.7725
6267.58
6263.9736
6262.3
6251.152
6246.4263
6254.578
6235.9634
6237.3335
6225.6177
6228.4297
6215.849
6211.029
6206.3574
6212.1274
6197.3823
6192.0933
6187.2476
6182.8496
6178.144
6173.563
6169.2686
6173.611
6159.6934
6163.363
6151.0146
6157.351
6143.5566
6139.6377
6133.41
6135.811
6127.081
6124.0527
6117.055
6112.0635
6109.7314
6105.3105
6100.943
6101.4834
6093.8516
6102.547
6085.776
6084.0947
6079.669
6073.365
6073.205
6065.8003
6069.913
6058.7656
6052.9604
6049.43
6046.279
6043.271
6038.1006
6034.282
6031.197
6026.78
6023.526
6019.824
6016.4917
6013.2397
6010.426
6006.4067
6005.91
6003.1104
5994.417
5993.2134
5988.724
5984.223
5980.6704
5979.992
5976.3545
5971.4824
5969.1094
5964.8223
5962.925
5958.8574
5955.0205
5952.3184
5948.4463
5944.8413
5941.6694
5939.1055
5937.425
5935.196
5929.295
5926.737
5923.1504
5919.8325
5919.6997
5918.4375
5911.1084
5910.705
5906.8467
5902.393
5904.4917
5895.547
5892.355
5893.2627
5895.9927
5885.416
5880.4756
5878.1313
5878.506
5871.6665
5871.398
5867.606
5863.112
5860.6113
5857.627
5862.4824
5851.912
5849.5234
5846.9336
5843.762
5842.1367
5838.114
5835.3945
5833.6826
5830.516
5827.6484
5831.284
5822.738
5820.528
5818.173
5814.888
5812.7095
5811.2393
5806.9893
5806.135
5809.1626
5800.867
5798.938
5794.7866
5790.7856
5789.4556
5785.8555
5786.9595
5780.651
5778.0537
5777.0137
5778.848
5774.8374
5771.6206
5770.888
5763.343
5761.0283
5758.626
5756.1304
5754.621
5751.933
5749.935
5746.563
5748.8564
5744.14
5739.491
5737.0405
5735.66
5732.4487
5730.287
5736.303
5739.589
5726.791
5721.264
5721.1787
5717.3403
5714.703
5712.2485
5710.3467
5707.095
5705.9785
5703.398
5701.4653
5697.8604
5696.3735
5696.354
5692.4585
5689.824
5687.4575
5686.7803
5683.568
5680.8296
5679.2944
5677.589
5670.1973
5665.586
5661.046
5657.4062
5660.684
5648.807
5645.18
5641.5
5638.806
5634.7407
5631.5176
5629.5127
5624.1055
5621.546
5617.308
5614.0825
5610.772
5612.8564
5607.6123
5601.3916
5602.9077
5596.0947
5591.537
5588.7695
5587.6274
5582.827
5579.0947
5576.2925
5572.847
5570.204
5584.614
5564.0986
5563.7544
5558.229
5559.7646
5555.571
5550.1284
5549.6978
5558.781
5546.4956
5540.273
5535.661
5533.552
5532.1104
5527.6055
5524.5103
5522.7837
5520.559
5519.394
5513.2715
5510.779
5507.8677
5505.8926
5508.4326
5500.062
5498.0474
5495.271
5493.406
5489.384
5488.071
5487.4307
5487.5547
5484.3306
5479.939
5478.3184
5471.601
5471.2153
5468.178
5465.1143
5461.3115
5459.8857
5458.487
5454.344
5451.215
5449.2715
5446.3057
5444.2446
5441.557
5446.965
5437.355
5434.096
5433.756
5430.3027
5426.811
5424.579
5422.6694
5419.51
5419.004
5415.1177
5412.427
5411.055
5409.417
5405.7
5405.564
5400.7856
5413.2734
5397.35
5394.168
5391.844
5389.6367
5390.305
5392.192
5382.652
5381.007
5377.9873
5378.933
5373.9326
5372.062
5372.0684
5367.9116
5364.5522
5367.8486
5360.408
5360.56
5356.8213
5353.969
5352.1143
5352.9653
5349.164
5345.39
5344.0293
5352.7256
5346.525
5345.641
5335.541
5343.5503
5330.7725
5328.811
5326.594
5324.598
5322.946
5320.592
5318.6807
5325.0854
5314.454
5313.8413
5310.728
5308.4395
5306.4995
5310.9297
5303.7207
5305.1055
5299.3354
5298.7075
5295.651
5298.51
5290.8184
5288.5415
5286.7856
5286.093
5284.23
5281.3906
5282.865
5276.9336
5275.5044
5273.804
5271.404
5269.39
5268.14
5265.852
5264.819
5265.2007
5260.309
5258.313
5256.481
5254.974
5254.3657
5252.263
5254.1685
5248.0425
5246.2437
5243.776
5242.602
5240.1655
5238.978
5237.481
5234.808
5233.2676
5231.6323
5229.99
5227.737
5228.4497
5224.912
5226.6445
5222.0996
5226.6064
5217.5635
5219.9224
5215.9033
5214.7856
5211.042
5211.8354
5207.5923
5205.8594
5204.116
5202.111
5200.502
5199.1963
5199.2676
5195.4663
5194.371
5192.126
5190.6006
5188.6816
5187.248
5187.1377
5184.454
5184.179
5180.7085
5179.3916
5178.77
5175.8604
5180.8213
5172.8374
5175.726
5169.2803
5168.4937
5167.5986
5168.0874
5162.824
5162.606
5160.911
5158.3174
5156.444
5156.5127
5154.1655
5152.94
5150.5767
5148.8823
5150.569
5147.9697
5150.841
5146.6484
5143.802
5146.4243
5137.847
5137.9033
5135.9854
5134.993
5131.9087
5130.4243
5129.131
5127.7573
5128.2563
5124.3813
5123.4224
5121.3813
5119.939
5118.335
5118.9277
5115.463
5114.798
5112.341
5111.0884
5110.168
5108.044
5107.2583
5107.3467
5103.759
5108.716
5101.1265
5100.9785
5098.06
5099.5913
5097.831
5094.923
5092.6885
5093.8057
5094.8105
5088.2183
5087.1577
5086.015
5089.019
5083.0186
5080.754
5079.9023
5081.7793
5076.391
5074.968
5075.101
5072.24
5071.2227
5070.8945
5068.0386
5066.909
5065.4595
5064.1313
5066.395
5061.007
5059.801
5059.247
5057.009
5055.8867
5055.493
5052.881
5051.433
5053.4795
5051.568
5048.778
5050.065
5045.277
5045.5566
5042.1904
5041.862
5039.78
5039.877
5037.3047
5036.0776
5034.3447
5032.8096
5033.9116
5030.53
5029.011
5028.283
5028.2554
5032.228
5025.42
5023.119
5021.7036
5020.4546
5020.31
5017.922
5016.4814
5016.8477
5013.8916
5014.986
5011.4785
5013.2583
5008.8384
5008.3
5006.3984
5005.185
5003.99
5002.7935
5003.806
5001.7456
5000.083
4998.1655
4996.8433
4995.4087
4994.0938
4993.0454
4991.5674
4996.0464
4989.3813
4993.734
4987.06
4986.6035
4985.4385
4984.5156
4984.006
4981.159
4983.1226
4979.244
4977.6313
4977.7627
4976.3228
4974.197
4972.727
4977.6177
4971.0225
4969.4355
4968.344
4968.2183
4973.496
4964.8384
4964.3306
4963.148
4961.3896
4961.1743
4960.56
4957.6646
4958.4688
4955.4316
4955.0405
4953.203
4952.065
4951.9824
4949.745
4950.329
4950.083
4948.493
4945.566
4944.155
4943.3525
4942.766
4942.749
4939.546
4939.032
4937.749
4936.118
4935.1284
4933.997
4932.956
4932.5635
4930.976
4930.3525
4928.936
4929.148
4926.56
4925.424
4925.247
4932.316
4922.9272
4920.939
4920.0713
4919.509
4919.3364
4916.7676
4917.3154
4914.5874
4913.606
4912.493
4911.6797
4910.444
4910.3076
4908.2515
4908.36
4906.5557
4905.1123
4904.6016
4903.098
4902.946
4901.1704
4900.363
4899.172
4899.627
4899.764
4897.092
4894.51
4893.57
4892.4688
4891.594
4891.9673
4889.471
4891.4824
4897.856
4888.142
4888.065
4887.307
4883.7163
4883.66
4883.989
4882.1133
4879.734
4878.7217
4878.276
4876.569
4875.52
4874.532
4873.6147
4875.2188
4872.2124
4870.624
4870.036
4873.0215
4867.939
4868.639
4867.44
4867.727
4871.224
4863.1914
4862.4224
4861.2007
4862.3037
4859.688
4858.509
4857.2773
4856.603
4861.667
4854.6816
4853.361
4857.3096
4852.2563
4855.8516
4853.594
4848.7544
4848.268
4848.361
4847.0557
4844.966
4845.7324
4857.363
4842.3096
4846.981
4844.2783
4839.3257
4848.4385
4840.0815
4836.8745
4835.4634
4835.228
4833.9365
4833.63
4834.423
4836.0337
4833.6934
4829.0444
4833.7236
4827.184
4826.498
4831.485
4827.1562
4824.692
4825.6875
4823.3623
4821.062
4821.33
4820.197
4820.804
4817.529
4818.2466
4816.2715
4814.9873
4814.7827
4813.636
4812.315
4811.876
4812.312
4809.72
4811.014
4809.761
4807.9404
4806.7983
4805.208
4804.436
4804.964
4802.7886
4801.899
4801.287
4800.197
4799.4717
4798.824
4799.5493
4797.017
4795.8774
4795.9062
4794.3403
4793.9316
4792.6787
4792.1167
4791.672
4790.2188
4789.933
4789.332
4788.7256
4786.875
4785.9795
4785.8896
4784.4854
4785.385
4782.706
4783.387
4783.224
4780.388
4779.4243
4780.89
4782.739
4777.214
4776.1196
4775.342
4774.6196
4774.1997
4773.1016
4772.2046
4772.3613
4770.5273
4770.541
4769.059
4768.2827
4767.2383
4771.3994
4765.998
4764.8945
4765.5776
4763.512
4765.1836
4764.17
4761.1104
4762.179
4759.557
4758.7725
4758.4653
4757.8154
4756.4463
4755.6367
4756.708
4754.1665
4753.556
4752.5947
4753.6
4751.111
4750.4185
4749.8516
4749.3413
4748.2075
4747.892
4746.9946
4746.1426
4744.963
4744.26
4744.008
4744.4443
4742.24
4741.247
4742.7554
4739.765
4739.8223
4738.601
4740.7183
4737.091
4736.189
4735.883
4735.2773
4733.787
4734.151
4736.61
4732.1357
4731.6685
4731.278
4730.474
4728.8296
4728.0166
4727.309
4726.828
4725.952
4725.074
4724.3584
4723.669
4723.071
4725.295
4721.529
4721.882
4721.8955
4720.078
4718.7607
4718.5186
4720.655
4716.4937
4720.1377
4715.116
4714.494
4714.1826
4713.3896
4712.683
4717.4395
4711.148
4711.4253
4710.238
4709.5674
4708.0435
4707.4473
4707.7036
4705.921
4705.6265
4705.307
4704.3403
4703.228
4703.998
4701.712
4703.191
4707.529
4700.2046
4700.8315
4698.354
4698.8257
4698.7583
4696.3306
4696.059
4695.504
4694.426
4694.149
4692.818
4692.723
4698.167
4692.295
4691.4136
4689.6064
4691.591
4689.317
4688.296
4687.543
4686.329
4687.7456
4690.825
4684.2583
4683.582
4683.0615
4685.9473
4681.636
4681.1895
4680.3525
4680.161
4678.951
4678.335
4677.847
4677.697
4676.3047
4676.1875
4675.1514
4674.447
4674.05
4674.9966
4674.1914
4672.306
4672.207
4670.443
4669.802
4669.2373
4668.5283
4667.96
4668.9023
4668.865
4666.1685
4666.84
4664.9707
4664.7114
4667.14
4662.983
4662.6675
4663.2285
4661.502
4662.241
4659.9595
4659.8613
4659.367
4658.007
4664.515
4660.5005
4656.3584
4655.8267
4654.8228
4654.1675
4653.769
4653.162
4652.3716
4651.935
4652.2974
4651.0396
4650.7373
4649.3037
4649.0327
4648.416
4647.5347
4647.0723
4646.531
4646.109
4645.068
4644.7725
4644.1724
4643.3394
4644.2734
4642.065
4642.1226
4641.69
4642.5293
4639.7754
4639.6895
4638.906
4639.9395
4637.437
4636.849
4641.1562
4635.854
4635.1357
4634.8486
4634.353
4634.576
4632.482
4631.933
4632.2417
4630.857
4630.3296
4629.978
4628.9834
4628.324
4627.94
4628.6772
4627.34
4625.9785
4626.1807
4625.4614
4624.5327
4624.0347
4624.0884
4624.705
4622.48
4623.3374
4623.2866
4620.6006
4621.1885
4620.3965
4621.8457
4618.1606
4617.9365
4619.776
4618.3296
4616.3335
4615.708
4623.5186
4614.4
4613.999
4613.105
4613.242
4612.0845
4611.4697
4611.3584
4610.282
4610.719
4609.731
4608.664
4608.4463
4608.0986
4607.855
4607.6714
4606.9126
4606.6187
4604.867
4604.375
4607.6797
4604.4854
4602.725
4603.9326
4602.093
4601.589
4600.5044
4600.1323
4599.4272
4599.756
4600.968
4598.3423
4597.921
4596.6353
4599.786
4596.1587
4595.142
4598.5117
4595.054
4600.9683
4594.5234
4592.6147
4592.083
4593.167
4590.7217
4590.947
4589.8545
4594.672
4588.758
4588.29
4587.6616
4588.141
4589.2476
4586.266
4585.3423
4585.016
4584.6875
4583.9536
4583.403
4583.2686
4582.921
4582.3516
4582.2524
4582.9614
4580.454
4580.32
4579.5674
4578.804
4578.314
4583.1895
4577.239
4580.3467
4576.1206
4576.8315
4576.378
4577.3003
4574.085
4573.613
4574.0034
4572.5547
4574.846
4571.8945
4571.141
4570.6685
4570.24
4572.1304
4570.88
4569.014
4570.2266
4567.506
4567.6973
4570.3633
4566.128
4567.1025
4566.8857
4564.638
4567.72
4564.044
4563.3594
4563.0415
4562.382
4564.7173
4561.5464
4562.4385
4560.6045
4560.0645
4560.0283
4559.265
4558.538
4559.017
4557.929
4558.025
4556.658
4556.017
4557.0254
4558.342
4554.723
4554.167
4553.6533
4555.231
4556.066
4552.317
4551.891
4551.6597
4550.735
4551.9375
4549.841
4552.8193
4552.2866
4549.377
4547.859
4547.358
4547.0186
4546.628
4546.479
4546.1206
4545.1562
4544.8174
4544.1655
4543.6885
4546.0415
4542.79
4542.4946
4544.0444
4542.09
4540.882
4540.475
4540.4976
4539.451
4542.6074
4538.53
4538.2896
4541.2476
4537.1567
4536.7246
4537.314
4535.8066
4539.3105
4534.8774
4534.5083
4534.6025
4534.004
4533.3203
4535.023
4532.1865
4531.851
4531.989
4532.654
4530.9146
4529.976
4529.649
4529.079
4530.0415
4528.3037
4529.8496
4527.6035
4529.3535
4526.6675
4526.0244
4526.835
4526.986
4526.8984
4526.233
4524.3433
4523.259
4522.822
4523.167
4522.4546
4521.5605
4522.8276
4521.5435
4526.563
4519.827
4519.6177
4518.856
4518.8228
4522.129
4517.5083
4517.962
4520.0464
4516.188
4515.817
4517.0664
4518.4004
4514.308
4514.332
4513.594
4517.365
4512.88
4513.736
4511.9785
4512.1025
4512.135
4511.1704
4510.456
4509.617
4509.9395
4508.918
4508.788
4508.102
4507.586
4507.1685
4507.148
4506.2163
4508.805
4506.071
4509.751
4506.6646
4504.0137
4503.706
4503.962
4503.116
4502.51
4502.6904
4502.42
4502.6133
4502.1875
4500.152
4499.712
4499.3345
4498.9834
4499.614
4498.7236
4498.1465
4497.2954
4497.2173
4501.5054
4496.5283
4498.789
4496.1045
4495.7876
4494.5264
4494.416
4493.673
4497.5527
4492.8223
4492.718
4493.108
4491.4707
4491.2466
4490.6313
4490.703
4489.9253
4490.765
4489.009
4488.613
4488.2173
4488.8184
4487.428
4488.211
4486.7197
4486.4565
4487.5605
4494.078
4485.0347
4484.921
4484.485
4484.6924
4485.247
4485.4204
4484.4834
4482.078
4486.196
4483.074
4481.076
4480.961
4481.5366
4479.9395
4479.618
4478.966
4478.763
4478.24
4479.9443
4477.552
4476.9346
4476.957
4477.739
4475.63
4475.848
4475.1436
4474.4824
4473.957
4473.8257
4474.52
4474.9077
4472.8276
4472.468
4472.0605
4471.581
4470.771
4471.005
4470.222
4470.222
4469.4087
4468.7734
4469.599
4469.236
4467.9497
4467.111
4467.2446
4469.52
4467.3667
4467.3057
4465.702
4465.1704
4470.193
4464.4756
4463.888
4465.8213
4468.32
4462.5264
4462.846
4461.9175
4461.4106
4462.097
4461.738
4463.265
4459.8096
4459.6567
4459.094
4458.7554
4459.802
4458.0396
4459.7563
4457.9688
4457.9097
4456.521
4457.7114
4456.694
4455.59
4455.4033
4456.061
4455.5586
4456.4727
4453.4663
4453.6
4452.7734
4455.8994
4452.59
4452.257
4451.532
4451.812
4450.9756
4451.5464
4451.9062
4449.508
4449.199
4448.495
4448.1694
4448.4526
4447.443
4447.781
4446.7583
4446.2676
4447.1797
4447.082
4447.8174
4444.7837
4445.077
4445.031
4443.778
4443.305
4442.9546
4442.6045
4442.2725
4442.1787
4442.0903
4441.338
4441.2764
4440.316
4441.5435
4439.9126
4439.6445
4438.863
4440.059
4439.0674
4439.232
4437.48
4437.1045
4437.017
4436.47
4435.9976
4436.029
4436.041
4435.9326
4435.0166
4434.301
4434.9653
4433.723
4433.197
4433.0347
4435.188
4432.1885
4431.855
4433.227
4433.039
4430.737
4432.2397
4430.2085
4432.834
4429.7476
4429.471
4430.563
4428.786
4428.166
4427.6206
4427.2036
4427.96
4426.5044
4426.2593
4426.5356
4425.6216
4425.1343
4425.6226
4424.5854
4424.178
4423.941
4423.927
4423.9067
4422.8257
4422.4717
4422.248
4422.0825
4424.6714
4421.247
4422.286
4421.0728
4421.0244
4420.071
4419.5303
4419.9946
4419.129
4418.6133
4420.988
4418.4287
4418.244
4417.166
4417.163
4416.3384
4416.499
4415.7725
4415.87
4418.206
4415.9683
4414.9043
4413.8926
4414.1733
4413.684
4412.89
4412.6064
4412.402
4416.1597
4411.871
4411.2773
4410.9087
4410.8936
4410.3564
4412.1953
4409.8516
4409.4126
4409.395
4408.7993
4410.017
4412.6357
4407.8535
4407.6377
4406.9946
4410.2183
4406.7817
4408.935
4405.8237
4407.1377
4406.4536
4404.9346
4405.1987
4404.273
4404.047
4403.72
4403.4688
4403.271
4402.787
4402.357
4401.7925
4401.7305
4402.29
4401.3184
4400.497
4400.61
4402.788
4399.6396
4399.1875
4398.886
4400.1504
4398.3604
4398.044
4397.5034
4398.694
4399.479
4396.867
4398.411
4396.5
4396.63
4395.7627
4395.8457
4394.757
4394.5513
4394.6157
4394.035
4393.563
4397.8267
4392.9004
4394.907
4392.8564
4392.385
4391.6787
4391.3022
4391.314
4391.491
4391.517
4390.348
4389.7803
4390.8296
4389.9766
4388.887
4388.857
4388.89
4390.6255
4388.7026
4387.341
4388.6943
4386.709
4386.834
4386.1045
4385.9287
4385.863
4385.8564
4385.0635
4385.562
4384.3467
4383.974
4385.5806
4390.472
4383.562
4382.7534
4383.6313
4382.303
4381.943
4382.323
4385.655
4381.161
4380.977
4380.263
4380.0264
4379.724
4380.778
4379.5776
4378.8174
4379.4917
4379.201
4377.9697
4378.1978
4377.7085
4378.844
4377.1406
4377.196
4376.4585
4378.267
4376.238
4375.942
4375.185
4375.2817
4375.584
4374.4634
4375.763
4374.7075
4374.277
4373.465
4374.2417
4375.3047
4372.709
4372.744
4371.7075
4375.2383
4373.121
4371.3486
4372.4087
4370.3687
4369.9443
4370.4473
4369.398
4369.2476
4369.627
4369.7026
4368.525
4368.4478
4367.6875
4371.8364
4367.4595
4369.1074
4370.2007
4366.317
4365.716
4365.648
4367.873
4365.338
4364.5615
4365.357
4364.0757
4363.656
4363.33
4367.431
4362.642
4362.5884
4362.143
4362.085
4361.836
4361.253
4361.039
4362.8013
4360.4165
4360.612
4360.3657
4360.242
4360.136
4358.9614
4359.1494
4358.331
4358.1196
4357.754
4357.6353
4357.2046
4362.019
4358.2183
4356.3438
4356.165
4356.2266
4355.5493
4356.0156
4355.041
4354.7173
4357.3804
4354.1245
4353.887
4354.1826
4354.179
4354.0317
4352.818
4352.3955
4352.044
4352.16
4352.0923
4352.01
4351.2773
4351.8774
4351.2427
4350.6265
4350.4395
4349.5195
4351.845
4348.996
4348.965
4348.4585
4348.1885
4348.5176
4348.3853
4347.3755
4347.4277
4348.474
4347.183
4349.2217
4345.926
4345.6714
4345.427
4345.926
4344.7407
4344.5884
4344.406
4344.1772
4343.6426
4343.5986
4344.3325
4342.9634
4342.5737
4343.2407
4342.642
4341.912
4342.1626
4342.825
4340.983
4343.882
4341.77
4340.216
4343.096
4341.64
4339.844
4339.332
4339.2256
4338.8057
4338.395
4338.4604
4337.899
4338.5947
4337.9375
4339.5464
4336.7085
4337.38
4337.966
4337.265
4336.2734
4335.886
4335.092
4334.8135
4336.2896
4334.465
4334.0454
4333.7407
4333.4575
4334.8467
4332.909
4332.6978
4333.023
4332.346
4332.5063
4331.657
4331.3574
4331.4116
4332.7554
4331.0034
4330.6304
4334.6343
4332.5356
4329.456
4329.2964
4328.955
4329.5137
4330.2295
4328.4624
4327.9272
4328.874
4327.479
4328.4517
4328.0693
4326.6426
4327.365
4326.5317
4325.8135
4325.4795
4325.395
4325.186
4325.506
4324.756
4324.314
4323.9956
4323.8223
4323.537
4323.417
4323.1167
4323.0396
4325.003
4322.3276
4322.376
4321.836
4321.603
4326.391
4321.656
4320.9717
4325.3735
4320.837
4320.0376
4320.0645
4319.5884
4321.772
4319.519
4319.0327
4320.6064
4318.3877
4318.4854
4317.7837
4318.0537
4317.801
4317.1255
4318.36
4316.6045
4317.069
4316.7104
4316.276
4315.917
4315.493
4315.1006
4315.036
4314.679
4314.3735
4314.1597
4313.8955
4313.6807
4314.3364
4313.7954
4312.865
4312.663
4313.2104
4312.1343
4312.388
4311.6675
4311.901
4311.2983
4310.79
4311.8857
4310.3438
4310.094
4309.9634
4312.2446
4309.457
4309.883
4308.8833
4309.854
4308.6636
4308.4463
4307.8604
4307.746
4307.354
4307.1685
4307.305
4306.767
4306.394
4306.763
4310.7275
4307.5303
4305.818
4305.3013
4305.018
4307.4185
4304.6255
4304.588
4304.236
4303.961
4303.61
4303.703
4303.746
4302.907
4303.316
4302.4614
4307.25
4304.6494
4302.1836
4302.432
4301.305
4301.43
4300.9717
4300.4307
4300.2593
4300.531
4301.7495
4299.9624
4299.3374
4299.3267
4299.2964
4299.453
4298.491
4298.1123
4299.6665
4298.013
4297.5947
4297.5605
4297.0664
4296.9844
4296.5503
4296.3965
4296.3306
4295.9116
4295.8594
4295.458
4295.1777
4295.6055
4294.7427
4294.549
4295.647
4294.6885
4294.3496
4293.5825
4293.268
4294.3135
4292.8794
4293.4067
4292.3804
4292.144
4292.8643
4292.714
4291.5566
4291.8228
4291.0815
4291.106
4291.4897
4291.467
4290.7065
4289.9307
4289.683
4290.613
4289.883
4291.6836
4290.5474
4291.3706
4288.2866
4288.073
4287.7104
4287.5356
4288.2993
4287.639
4287.8755
4286.9927
4286.9883
4286.422
4287.4414
4285.951
4285.6714
4285.5146
4285.3413
4285.845
4284.748
4286.8633
4287.023
4284.2134
4283.8667
4283.715
4285.996
4283.272
4284.1904
4283.001
4282.7095
4282.928
4282.117
4281.853
4282.169
4282.188
4281.6104
4281.0454
4280.8086
4281.037
4282.427
4280.33
4279.9507
4279.9263
4279.8804
4279.9224
4279.2705
4280.814
4278.807
4279.71
4278.208
4278.7363
4277.671
4278.361
4277.472
4279.367
4277.762
4277.0234
4276.38
4276.072
4280.503
4276.333
4275.4307
4275.479
4275.2515
4274.8965
4274.693
4274.328
4274.3306
4273.9565
4273.817
4273.5005
4273.409
4273.1235
4272.9023
4272.7134
4272.878
4272.961
4272.2266
4272.0337
4274.597
4271.5713
4271.371
4271.2505
4271.325
4270.748
4270.6387
4270.3394
4270.0923
4269.8037
4273.466
4271.531
4270.6177
4270.3765
4268.739
4268.603
4268.6562
4268.1543
4268.5674
4267.716
4267.5566
4268.6523
4267.747
4267.377
4266.736
4268.716
4266.8643
4266.242
4266.144
4268.142
4267.2373
4265.704
4265.094
4265.427
4268.929
4265.914
4264.8584
4264.4966
4263.888
4263.8433
4264.718
4263.57
4262.9526
4262.965
4262.6543
4262.371
4262.139
4262.1597
4261.851
4261.5728
4262.865
4261.199
4260.91
4265.4697
4260.619
4261.148
4261.0903
4259.8267
4259.992
4260.2812
4259.9214
4262.982
4260.259
4258.8306
4258.401
4258.6836
4258.053
4257.863
4257.755
4257.7085
4257.3945
4257.7983
4256.792
4256.9473
4256.7524
4256.9707
4261.216
4256.123
4255.925
4255.6245
4255.3735
4256.9136
4255.2217
4256.4424
4255.0234
4254.1973
4253.995
4253.8535
4253.7964
4254.1367
4253.783
4253.4585
4253.6357
4252.548
4252.3
4252.3735
4252.284
4252.258
4251.705
4252.391
4251.2603
4250.9443
4250.961
4251.0884
4251.3687
4250.4736
4250.24
4250.2026
4252.61
4249.466
4249.3022
4248.996
4251.085
4249.2227
4249.736
4248.537
4248.571
4249.0557
4247.6445
4248.1006
4247.427
4246.9893
4246.783
4246.9546
4247.402
4246.1426
4245.9307
4245.785
4247.237
4245.451
4245.434
4246.3247
4246.9106
4246.217
4245.3696
4244.373
4244.9795
4244.3604
4243.975
4244.3003
4243.428
4245.5186
4243.363
4243.764
4242.576
4243.8916
4243.0337
4243.448
4241.9883
4241.7314
4241.5605
4241.361
4241.4736
4240.9595
4241.043
4241.8604
4241.4663
4240.592
4240.3926
4239.8047
4239.9365
4239.6553
4239.523
4239.8784
4239.013
4239.5894
4238.46
4239.066
4238.1143
4238.4546
4237.8345
4237.918
4238.745
4239.8555
4237.921
4237.4536
4238.8633
4237.1064
4236.5244
4236.0444
4236.2275
4235.583
4235.4644
4235.414
4235.058
4234.8516
4234.9336
4234.8066
4234.5947
4234.705
4234.2314
4234.116
4233.672
4233.351
4233.2046
4233.194
4232.8647
4233.25
4232.49
4232.348
4232.0894
4231.9536
4231.6655
4231.664
4231.688
4231.2764
4233.239
4230.972
4231.1523
4231.133
4230.441
4230.238
4231.7173
4230.315
4232.0947
4229.482
4229.289
4229.0723
4230.022
4228.8555
4228.5596
4228.343
4229.4497
4228.7744
4228.156
4228.8765
4227.9487
4227.369
4228.982
4227.1006
4226.835
4227.2354
4226.466
4227.3457
4226.3413
4225.9873
4226.2812
4225.574
4225.437
4226.5396
4226.5957
4224.9336
4226.068
4224.577
4224.339
4224.18
4224.4985
4223.99
4224.2676
4223.687
4224.199
4223.425
4223.337
4224.03
4226.813
4222.4165
4222.976
4224.563
4222.0957
4222.296
4221.619
4221.4985
4223.1216
4224.8696
4220.9185
4220.912
4220.591
4220.492
4220.3667
4220.1045
4220.072
4219.758
4220.685
4221.015
4219.4053
4219.126
4219.6245
4219.316
4219.93
4218.2896
4218.1523
4218.4937
4218.1284
4217.621
4217.8804
4217.33
4217.58
4217.7812
4217.341
4216.7285
4216.4746
4216.953
4216.995
4215.8916
4215.764
4215.472
4215.5933
4215.458
4221.5146
4214.857
4214.678
4214.678
4219.1284
4214.235
4214.1934
4216.3257
4213.779
4213.45
4213.3657
4214.6885
4213.585
4212.75
4214.4917
4212.7446
4212.819
4212.153
4213.4653
4211.808
4211.7754
4211.592
4211.364
4211.215
4211.035
4211.0254
4210.718
4210.645
4211.84
4211.1226
4210.425
4209.8467
4210.005
4209.4893
4209.598
4209.109
4208.927
4209.107
4208.928
4210.2104
4208.251
4208.103
4207.9536
4207.964
4208.012
4207.6235
4207.2983
4207.509
4208.713
4207.0835
4206.7837
4206.564
4206.3516
4206.3745
4205.9326
4205.8354
4205.751
4205.721
4205.332
4205.3076
4207.55
4205.1226
4205.212
4208.6353
4204.4194
4204.8975
4204.6104
4204.199
4203.738
4203.8135
4203.6006
4203.219
4203.1377
4203.0195
4203.0527
4202.6147
4202.442
4202.3755
4202.4014
4203.7466
4201.762
4203.135
4202.121
4202.7275
4201.682
4201.363
4201.484
4200.789
4200.731
4200.461
4200.282
4201.382
4200.4663
4200.0786
4199.578
4199.398
4199.485
4199.089
4198.983
4198.86
4198.814
4198.483
4198.667
4198.6973
4198.106
4198.7983
4199.3604
4197.9165
4197.9126
4198.535
4199.648
4196.9375
4197.278
4196.816
4196.3994
4196.563
4196.156
4195.977
4196.223
4195.9795
4195.485
4195.229
4195.1353
4195.615
4195.68
4194.637
4194.4253
4194.486
4194.0874
4194.2705
4193.7856
4193.777
4193.6226
4199.3784
4193.3745
4192.962
4193.177
4192.6895
4193.912
4192.6455
4192.816
4192.8027
4192.0386
4192.323
4191.608
4191.9136
4194.134
4191.2803
4191.103
4191.4067
4191.346
4190.652
4190.365
4193.688
4190.665
4190.4526
4190.027
4190.0146
4189.4873
4190.3003
4189.198
4189.0713
4188.961
4188.8633
4188.6514
4188.5264
4189.03
4188.609
4188.0537
4187.7783
4187.6284
4187.485
4187.502
4187.0996
4187.2866
4187.0386
4186.6636
4189.3696
4186.711
4186.228
4186.3525
4186.2295
4186.771
4187.396
4189.116
4185.5713
4185.5684
4185.8794
4185.543
4184.818
4186.9414
4185.0493
4184.7485
4184.3384
4187.5464
4184.056
4183.6553
4186.375
4183.747
4183.3467
4183.193
4183.1206
4183.224
4184.451
4183.1978
4183.175
4182.3335
4183.069
4182.061
4183.326
4181.6978
4181.5513
4181.397
4181.8755
4182.9097
4182.1523
4184.361
4183.798
4180.468
4181.605
4180.577
4180.6226
4180.8447
4179.9326
4180.003
4179.624
4179.363
4179.5913
4179.134
4180.0913
4181.1216
4179.1343
4179.6606
4178.494
4179.6553
4178.153
4178.1816
4178.252
4177.7837
4177.5195
4177.5015
4178.2056
4178.2593
4178.021
4177.177
4176.859
4176.6567
4177.774
4176.3833
4176.1646
4175.857
4176.45
4176.0103
4176.1514
4175.8096
4175.6196
4175.0337
4175.0835
4174.7734
4174.6475
4174.88
4174.6494
4174.469
4174.2764
4173.9395
4173.9204
4173.5654
4174.6294
4173.4575
4173.161
4173.666
4172.876
4172.758
4172.5874
4172.5024
4172.5376
4172.1694
4172.116
4171.8374
4171.8047
4171.892
4171.5386
4171.337
4176.2207
4171.051
4170.797
4171.874
4171.218
4170.3604
4171.35
4170.059
4169.8486
4169.7354
4170.714
4169.576
4171.004
4169.5474
4170.8374
4169.098
4170.612
4168.766
4168.8765
4169.1636
4168.54
4169.42
4168.8506
4168.082
4168.302
4167.785
4168.2505
4167.4507
4168.9307
4167.0303
4167.335
4166.775
4166.75
4166.656
4166.5527
4168.172
4166.393
4165.9365
4166.5986
4168.2896
4166.6094
4165.478
4165.4155
4165.4697
4165.708
4165.107
4164.887
4164.6387
4164.9487
4164.3403
4164.384
4164.385
4163.9707
4163.839
4165.037
4165.124
4163.4033
4164.0703
4163.9097
4163.1147
4163.89
4165.371
4162.652
4162.7334
4162.4463
4162.4697
4162.428
4162.24
4162.129
4161.6846
4162.607
4161.3784
4161.886
4161.038
4161.3496
4162.8
4160.6416
4160.8784
4160.3247
4160.36
4160.6523
4159.919
4159.902
4159.6274
4159.5586
4159.437
4159.3975
4159.5796
4159.3423
4159.272
4158.8228
4158.759
4158.907
4158.6133
4159.513
4158.9766
4158.0312
4158.053
4157.9
4158.409
4157.4546
4157.9536
4157.9795
4157.279
4158.8706
4156.8027
4157.4946
4157.196
4157.4404
4156.606
4157.4087
4157.7827
4156.456
4155.6665
4156.7837
4158.1245
4155.429
4155.4194
4155.494
4157.431
4154.732
4154.597
4154.4814
4154.5938
4154.367
4154.5737
4154.3975
4154.1143
4155.13
4153.9097
4153.4297
4153.725
4155.5557
4153.3853
4152.9683
4152.963
4152.7275
4152.8525
4152.6514
4152.3804
4152.247
4152.134
4151.9326
4151.9106
4152.2397
4151.5947
4151.932
4153.167
4153.483
4151.454
4151.357
4151.0356
4151.701
4150.8325
4151.2305
4151.3965
4150.34
4150.6494
4150.5054
4150.151
4149.679
4150.317
4149.5137
4149.376
4150.1733
4149.5215
4149.4023
4149.951
4149.3193
4149.46
4148.6494
4148.351
4149.4683
4148.119
4147.938
4147.871
4147.873
4147.459
4147.3677
4147.18
4147.324
4146.976
4146.9688
4149.7007
4146.764
4146.7744
4146.335
4146.9434
4146.0854
4146.8975
4146.081
4147.053
4146.3525
4145.9097
4145.377
4145.255
4146.1626
4145.1
4145.1123
4145.3076
4145.0874
4145.695
4144.6567
4145.0957
4144.2324
4144.1333
4144.2334
4147.845
4143.788
4144.346
4143.779
4143.2754
4143.142
4143.2437
4144.4097
4144.5312
4143.0127
4142.5195
4142.473
4142.3447
4142.2935
4141.9
4141.922
4142.7266
4141.963
4141.6265
4141.4214
4141.4634
4141.263
4141.0312
4140.9263
4140.7236
4142.7163
4140.5933
4140.352
4140.244
4140.083
4139.944
4139.965
4140.7476
4139.603
4139.567
4139.8755
4140.682
4139.2417
4142.982
4138.99
4139.721
4138.6924
4140.136
4138.356
4138.2407
4138.2207
4138.0654
4138.295
4137.9727
4137.71
4138.2764
4137.565
4137.646
4138.1216
4137.21
4137.4507
4136.9834
4137.3047
4136.649
4136.9185
4136.409
4138.2827
4136.586
4137.0566
4136.1963
4135.9326
4136.1436
4135.8413
4137.235
4137.4746
4135.4893
4135.49
4135.1816
4135.6733
4134.812
4136.022
4135.8945
4134.5996
4134.3154
4134.174
4134.913
4137.6655
4133.844
4134.9927
4133.6694
4133.613
4133.7046
4135.517
4134.154
4133.6167
4133.051
4132.847
4133.35
4132.6626
4132.5967
4133.2637
4135.088
4133.915
4132.101
4131.943
4131.825
4133.292
4132.3516
4131.6074
4131.3984
4131.362
4131.1646
4131.0303
4131.1914
4130.8477
4133.0103
4131.9053
4130.4233
4130.9937
4130.116
4130.691
4130.055
4129.8823
4130.772
4129.691
4130.517
4129.312
4129.452
4129.4956
4129.2188
4128.9487
4128.851
4129.8545
4129.5034
4128.499
4128.873
4128.112
4128.789
4127.9463
4127.839
4127.822
4127.514
4127.683
4127.3726
4128.0576
4127.125
4127.0386
4128.2573
4127.197
4126.9404
4126.588
4127.0723
4127.0967
4126.372
4126.465
4126.2305
4127.007
4126.172
4126.0454
4125.7603
4126.0605
4125.704
4125.549
4125.242
4125.7847
4125.586
4125.37
4125.176
4125.041
4124.5513
4124.918
4124.32
4124.5283
4124.406
4124.0146
4124.4434
4123.726
4123.6665
4123.647
4124.1875
4123.8975
4128.0215
4122.9927
4122.8843
4122.96
4122.821
4122.7104
4123.133
4122.4043
4123.3125
4122.1846
4122.2334
4122.945
4122.022
4122.9214
4121.6177
4121.536
4121.7305
4121.4443
4121.446
4122.076
4121.3105
4120.8706
4120.82
4122.163
4120.621
4120.5386
4121.696
4121.0757
4119.9126
4120.5703
4119.705
4120.165
4120.413
4119.5186
4119.2773
4119.097
4119.425
4119.0903
4119.274
4119.5264
4118.699
4122.6523
4118.565
4118.4146
4118.419
4118.519
4118.185
4118.009
4117.8076
4117.9023
4117.42
4118.372
4117.354
4117.261
4117.246
4117.1885
4117.4014
4117.2666
4116.5894
4118.0166
4116.897
4117.6934
4116.995
4116.8
4116.297
4115.7856
4116.5327
4115.6313
4116.1313
4115.4473
4115.687
4115.245
4115.6387
4116.0254
4115.4634
4114.6885
4114.6084
4114.5503
4114.358
4114.8003
4114.5713
4114.1006
4114.3325
4113.7573
4113.983
4113.652
4113.815
4114.6685
4113.346
4113.227
4113.1147
4112.923
4113.095
4114.592
4112.9014
4113.6274
4113.4004
4112.636
4112.5454
4112.179
4112.311
4112.008
4111.7124
4111.73
4112.0483
4111.5405
4111.7593
4111.5625
4111.124
4111.197
4112.9863
4110.9365
4110.8555
4110.5615
4112.237
4110.6064
4110.289
4110.2974
4110.913
4110.885
4110.245
4109.767
4109.935
4109.5767
4109.775
4109.4116
4109.674
4111.268
4109.0103
4109.007
4108.909
4108.784
4108.542
4108.53
4108.6855
4109.653
4108.42
4108.212
4107.796
4108.044
4107.823
4107.778
4107.5503
4109.859
4107.916
4107.153
4107.328
4106.9185
4106.749
4106.6104
4107.195
4106.826
4106.4517
4106.217
4106.633
4106.379
4112.398
4106.325
4106.1357
4107.3975
4106.2744
4105.896
4105.3477
4105.943
4105.2344
4105.0923
4105.147
4105.0444
4105.603
4106.829
4104.4497
4104.2236
4104.619
4104.154
4104.206
4103.973
4103.7964
4106.0933
4103.635
4104.622
4103.315
4103.8755
4103.143
4103.0645
4102.897
4103.3223
4103.1074
4102.6396
4102.5723
4102.469
4102.3726
4102.2505
4102.4507
4102.3228
4103.194
4101.8545
4103.0947
4101.6953
4101.5415
4101.532
4102.4155
4103.446
4101.869
4103.3325
4101.303
4101.2153
4101.0283
4101.1636
4100.734
4102.9585
4100.969
4101.034
4101.805
4101.1235
4100.0923
4099.957
4099.9746
4100.1343
4099.7524
4102.7397
4099.4424
4099.867
4099.346
4100.041
4099.7207
4099.3086
4098.8623
4098.7866
4099.791
4099.0625
4098.583
4099.384
4098.2686
4098.4023
4099.755
4099.2134
4098.1284
4097.949
4098.721
4099.375
4097.635
4097.7095
4097.4414
4097.19
4097.75
4097.544
4098.6904
4097.7036
4096.962
4097.324
4096.6973
4098.751
4096.452
4097.282
4096.081
4096.3345
4097.007
4096.4897
4096.7983
4095.9512
4095.6663
4095.6448
4095.5874
4095.2815
4095.146
4095.8118
4094.9465
4094.8748
4094.7302
4095.2026
4094.573
4094.5332
4094.8535
4094.6782
4094.1765
4094.7742
4094.0562
4093.9062
4094.6277
4095.4265
4094.342
4093.6072
4093.4775
4093.9895
4093.3096
4093.476
4093.0605
4093.0671
4093.309
4092.9355
4092.7708
4092.553
4092.569
4092.689
4092.6318
4092.2358
4092.4417
4093.0288
4092.0679
4091.9595
4091.8308
4091.7349
4092.0671
4091.4722
4091.4763
4091.6626
4091.252
4091.0774
4092.4387
4090.9736
4091.153
4090.9873
4093.7993
4090.9187
4090.8174
4090.2927
4090.2126
4090.6936
4090.304
4090.2886
4091.6338
4089.881
4089.6577
4089.6685
4089.873
4090.1804
4089.4062
4089.5881
4089.3196
4089.3293
4090.6729
4090.6694
4089.397
4088.8274
4088.5818
4088.5847
4088.3542
4088.37
4088.2043
4088.0217
4087.903
4087.8464
4088.5496
4087.6333
4087.9338
4087.5007
4090.492
4088.5781
4087.6333
4087.3474
4089.3816
4087.198
4087.2656
4087.283
4086.893
4086.7742
4088.3267
4086.638
4088.6643
4086.461
4086.3792
4086.5017
4086.0874
4086.0425
4085.9414
4085.7031
4085.9478
4086.0513
4085.9397
4085.9338
4085.4731
4085.182
4085.193
4084.9373
4085.3286
4084.7827
4085.7344
4084.7488
4084.5842
4084.4832
4084.6663
4085.2366
4084.64
4085.4587
4084.362
4084.029
4084.8105
4083.9353
4083.6824
4083.846
4083.759
4083.894
4084.2793
4083.164
4083.3127
4084.3362
4083.152
4083.2324
4083.3567
4082.7434
4082.7642
4082.5881
4082.441
4082.811
4082.401
4085.0044
4082.0886
4082.0562
4081.938
4081.926
4081.7383
4082.125
4081.5159
4081.4932
4081.5933
4081.327
4083.3186
4082.336
4081.1245
4081.5203
4080.8838
4080.826
4080.781
4080.6196
4082.0452
4080.5994
4081.7368
4083.0574
4080.4885
4080.7993
4080.163
4080.7954
4080.2473
4080.1038
4081.654
4080.1865
4079.416
4079.4275
4079.1865
4080.2705
4079.0425
4079.2532
4080.6917
4079.551
4078.695
4081.845
4079.2864
4080.5396
4078.354
4079.5144
4079.5703
4078.7278
4079.0137
4078.514
4077.9675
4077.6638
4079.2996
4077.5332
4077.3682
4077.341
4077.4258
4077.5178
4077.0037
4077.1165
4077.07
4077.767
4076.7112
4076.6897
4079.371
4076.988
4076.424
4077.2795
4076.1594
4076.5505
4076.8704
4076.633
4075.839
4075.7341
4075.6326
4075.5354
4076.4202
4075.741
4076.0056
4075.211
4075.08
4076.634
4074.8752
4074.8008
4074.69
4076.899
4074.8167
4075.6582
4074.5647
4074.345
4076.487
4074.0693
4075.3015
4073.87
4073.9778
4073.8394
4074.1538
4075.1313
4073.448
4073.3792
4073.293
4073.1885
4074.0127
4073.034
4074.052
4075.2356
4074.914
4073.0215
4072.8972
4072.5627
4072.6013
4072.8733
4073.7979
4072.4236
4072.3796
4072.4197
4071.8923
4071.869
4072.3594
4071.772
4071.7654
4071.584
4072.0417
4071.3943
4071.4475
4071.1458
4071.8928
4071.037
4070.97
4070.887
4071.062
4070.9128
4070.576
4070.551
4070.6733
4070.4504
4070.3037
4070.1924
4071.0833
4070.6445
4070.805
4070.1436
4069.8464
4070.0142
4069.7917
4071.0085
4069.6626
4069.9792
4071.7283
4069.1763
4069.3723
4070.3186
4068.8845
4068.9858
4069.956
4068.7893
4068.722
4068.704
4068.457
4069.4595
4068.4316
4068.5735
4068.7637
4068.0803
4067.995
4067.9001
4068.3223
4068.0945
4067.9004
4067.7388
4067.6553
4067.992
4067.4707
4067.1577
4067.1272
4068.1082
4070.6875
4067.0342
4066.8477
4066.7444
4066.9895
4066.8176
4066.6443
4066.6145
4066.275
4067.2656
4068.0076
4066.5022
4065.9282
4065.972
4066.4336
4065.7837
4065.6465
4065.5945
4065.4238
4065.6
4065.2766
4065.2212
4066.1306
4065.152
4065.056
4065.44
4065.3179
4064.6597
4064.6663
4064.61
4064.5615
4064.5908
4065.1765
4064.2925
4064.2627
4064.684
4064.1973
4064.9392
4063.9583
4063.8987
4063.8445
4063.6443
4063.7512
4063.4768
4063.4023
4063.3416
4063.3184
4063.215
4063.1565
4063.0916
4063.169
4062.9082
4062.9202
4063.3225
4063.4956
4062.4868
4064.5674
4063.66
4062.3713
4066.3013
4062.1023
4063.1663
4061.9658
4061.9998
4062.7478
4061.757
4062.0332
4061.5862
4064.4067
4061.5876
4061.5476
4062.911
4061.5203
4061.2275
4061.2842
4061.022
4061.5137
4060.7908
4061.0078
4060.6458
4060.7173
4061.76
4061.4119
4060.9187
4060.343
4060.2551
4061.7114
4060.8867
4059.9465
4060.8127
4060.868
4059.6
4059.6514
4059.7234
4059.4944
4059.6199
4059.215
4062.1702
4059.3484
4062.819
4059.5784
4058.9219
4058.887
4058.991
4058.8098
4060.0913
4059.797
4060.5728
4058.4592
4058.6167
4058.649
4058.3325
4058.3833
4058.9192
4058.1943
4058.0095
4058.0706
4059.3674
4058.1758
4058.1763
4058.288
4057.7688
4057.4675
4057.3801
4057.2383
4057.3918
4057.106
4057.194
4057.409
4056.8186
4056.8257
4058.0996
4057.135
4056.5886
4056.6704
4056.4976
4056.3533
4056.2517
4056.352
4057.0154
4056.2722
4058.2043
4056.4038
4055.8303
4055.8857
4055.726
4055.6213
4055.792
4055.61
4055.8792
4056.5967
4055.8525
4055.865
4054.9568
4054.8296
4054.839
4054.9248
4054.6704
4055.8625
4054.746
4054.3828
4054.2852
4054.8782
4054.0757
4054.5005
4054.0532
4054.9558
4053.9111
4053.7175
4053.6438
4053.922
4054.1824
4053.7678
4053.8074
4053.812
4053.3953
4053.1707
4053.4038
4053.292
4053.1316
4052.8918
4054.1782
4052.8127
4052.6887
4052.5286
4052.6216
4052.4534
4052.3748
4052.7625
4052.2021
4052.1147
4052.0427
4053.416
4054.1726
4051.8147
4051.721
4051.811
4051.6113
4051.4937
4051.3809
4051.2993
4051.2231
4051.5715
4051.1946
4051.976
4051.0605
4050.8794
4051.858
4050.7593
4050.8975
4051.1548
4050.8662
4050.6938
4050.2788
4051.748
4050.7197
4050.1602
4050.5562
4050.2659
4049.92
4052.8203
4050.3667
4050.4924
4049.5398
4049.5273
4049.78
4053.0562
4049.2493
4050.217
4050.2417
4049.0745
4049.136
4049.2952
4048.8582
4050.0254
4049.1675
4048.5803
4048.497
4048.4119
4048.368
4048.897
4048.725
4048.5308
4049.514
4047.8887
4047.9915
4047.7815
4047.6843
4048.9834
4047.798
4047.494
4047.3755
4047.5142
4047.6345
4047.1536
4047.9192
4046.9333
4046.845
4046.9978
4047.2944
4047.1187
4046.6128
4046.6091
4046.5676
4046.4685
4047.2708
4046.242
4047.4512
4046.125
4046.264
4045.9456
4047.194
4048.152
4046.1973
4045.581
4045.5664
4045.4792
4045.4214
4045.3618
4045.2993
4046.7705
4045.1013
4045.0107
4045.4404
4045.5906
4044.898
4044.8093
4045.97
4045.4011
4045.5674
4044.728
4044.5718
4044.3313
4045.7678
4045.8674
4044.151
4044.401
4043.9905
4045.9639
4043.9119
4044.3145
4043.7222
4043.7095
4043.6392
4046.608
4043.4133
4043.427
4043.7004
4043.3901
4044.4375
4044.4607
4043.1287
4042.861
4042.7817
4044.957
4044.3977
4042.9648
4042.843
4042.8616
4042.5784
4042.75
4042.2217
4043.4285
4042.2888
4043.0427
4042.2317
4042.2358
4042.2668
4042.9194
4041.647
4043.147
4042.3774
4042.156
4041.3333
4043.0818
4041.157
4041.0928
4041.1248
4042.5347
4041.3015
4040.898
4040.781
4041.1514
4041.8723
4041.1606
4043.5908
4040.5337
4040.569
4040.4
4040.39
4040.1047
4040.269
4040.022
4039.8184
4040.3
4042.1543
4039.547
4040.3228
4039.415
4040.1882
4039.705
4039.3806
4039.3042
4039.036
4039.0046
4038.871
4038.8252
4038.701
4038.7644
4042.6125
4038.4429
4038.7737
4038.331
4038.1914
4038.6626
4038.0793
4038.1526
4038.1428
4038.0942
4037.8716
4038.4038
4037.5935
4037.7852
4038.674
4037.3286
4037.2078
4037.1401
4037.2217
4037.4736
4036.949
4037.6812
4036.8408
4036.7878
4036.7297
4038.1008
4037.8342
4036.623
4037.4106
4036.3367
4036.255
4036.829
4037.672
4036.8755
4035.99
4036.0596
4036.2761
4035.9229
4035.7278
4035.8342
4036.1216
4036.1636
4035.3965
4037.824
4035.246
4035.244
4035.106
4035.0051
4034.9775
4035.5598
4034.7166
4034.9087
4034.851
4034.9297
4035.055
4034.6487
4034.5051
4034.2996
4034.2708
4034.824
4034.076
4034.6482
4034.0024
4033.849
4035.1091
4033.7554
4033.7417
4033.8953
4034.4543
4033.4937
4033.4194
4033.5535
4033.246
4033.939
4033.9043
4033.452
4033.217
4033.014
4033.3652
4033.2188
4032.7998
4032.8127
4032.8264
4033.42
4032.6404
4032.6274
4032.443
4033.5913
4033.2178
4033.8376
4032.1433
4032.1594
4032.1902
4032.8079
4031.938
4031.9524
4031.6812
4031.8818
4032.6426
4031.8838
4031.8738
4031.5208
4031.2078
4031.0496
4030.9482
4031.0493
4030.8171
4031.016
4031.1997
4031.168
4031.0688
4030.618
4030.9104
4030.5688
4030.3184
4030.287
4029.9314
4030.7476
4029.788
4029.8547
4030.4956
4029.6885
4029.7278
4029.5059
4029.4353
4029.537
4029.2588
4029.2356
4029.26
4031.7666
4029.7617
4029.021
4029.4846
4030.6155
4028.816
4029.2551
4028.6567
4030.4412
4029.1692
4028.4653
4028.3975
4029.0115
4028.3992
4028.3054
4028.4949
4029.5154
4028.422
4028.1028
4028.7761
4027.8032
4027.7505
4028.1042
4028.4978
4027.6145
4027.841
4027.8804
4028.092
4027.8872
4027.261
4027.2634
4027.1692
4027.146
4028.5981
4026.9639
4026.8975
4026.8972
4026.8066
4026.7502
4026.6301
4026.6787
4026.8638
4026.758
4028.9856
4026.3367
4026.2642
4026.208
4027.036
4026.0652
4027.6492
4027.2305
4026.3284
4026.343
4026.046
4025.702
4025.9485
4025.6082
4025.4272
4025.8596
4025.404
4027.2998
4025.499
4025.675
4025.7024
4025.4275
4025.1594
4025.4688
4024.9326
4025.3389
4024.8025
4024.8674
4024.6292
4024.592
4024.5042
4024.564
4024.6316
4024.3564
4024.3574
4024.408
4024.19
4024.9268
4024.3381
4024.0847
4024.6465
4025.1587
4024.2761
4023.866
4023.9517
4023.7378
4023.7012
4023.6282
4023.472
4023.502
4024.2402
4023.2542
4023.1074
4023.1353
4024.1714
4023.1572
4022.8555
4023.7659
4022.722
4022.8875
4023.675
4025.1362
4022.512
4023.1638
4022.3738
4022.785
4022.4868
4023.969
4022.378
4022.2566
4022.0793
4022.0317
4021.9285
4021.9338
4021.7932
4021.7024
4022.076
4022.441
4021.6814
4021.5444
4021.4058
4022.0386
4021.3635
4022.83
4022.0596
4021.3567
4021.2285
4021.0505
4020.9172
4021.023
4020.9731
4020.8335
4021.0408
4020.7822
4021.766
4020.4656
4020.6584
4020.5486
4020.8604
4020.5012
4020.2295
4021.2224
4020.6394
4021.1008
4020.2834
4019.745
4019.7207
4020.0627
4019.5623
4019.5288
4020.2097
4020.2053
4019.3655
4020.467
4019.2258
4019.3035
4019.4685
4023.1226
4018.9377
4018.9927
4018.8137
4019.3792
4018.6653
4020.2664
4019.0847
4019.1497
4018.48
4019.5742
4018.569
4021.077
4019.457
4020.7065
4018.087
4018.912
4018.1533
4019.0393
4018.4307
4021.0496
4017.7373
4017.6074
4017.5872
4018.1135
4019.0208
4017.4116
4017.3777
4018.4785
4017.1787
4020.33
4017.1619
4017.263
4017.0679
4016.8738
4016.822
4016.6985
4018.0576
4016.5708
4019.3552
4018.7935
4016.385
4016.2935
4016.179
4016.268
4016.0059
4015.9138
4015.8884
4015.8901
4016.192
4016.0718
4015.6016
4015.8252
4015.487
4015.5579
4015.4626
4015.5583
4015.372
4015.133
4015.1018
4015.2603
4015.1028
4015.01
4016.212
4015.15
4014.6482
4014.6235
4014.7913
4014.9004
4014.4255
4014.3438
4014.5168
4014.3276
4014.1255
4014.389
4013.917
4013.8416
4014.125
4014.6106
4013.756
4014.0662
4014.3726
4014.9067
4013.6445
4013.439
4016.5046
4013.3013
4013.8247
4013.2373
4013.2095
4012.9927
4013.014
4012.8267
4013.3044
4012.691
4012.6262
4012.7673
4012.7656
4013.4673
4012.7869
4012.4465
4012.4993
4012.1738
4012.4546
4011.9915
4011.974
4011.9016
4012.5247
4011.9824
4011.9705
4011.8252
4011.6428
4011.6492
4011.601
4013.539
4011.7659
4011.4163
4011.5615
4011.183
4011.2192
4011.0903
4011.025
4012.0632
4011.3113
4011.8247
4012.929
4010.7031
4011.4124
4010.546
4010.889
4010.8557
4010.5474
4010.3167
4010.4575
4010.5508
4010.2063
4010.8406
4010.1067
4010.201
4010.331
4010.152
4009.7432
4011.9316
4010.006
4009.5437
4010.1519
4011.2727
4009.4243
4009.2017
4009.8345
4009.11
4008.942
4008.8281
4009.067
4010.3723
4009.1667
4009.8838
4008.659
4008.313
4008.3025
4008.2664
4008.169
4008.4465
4008.0461
4008.4856
4007.9417
4007.9512
4008.3733
4008.04
4008.5012
4008.1875
4007.6316
4007.565
4007.3657
4007.516
4009.4124
4007.1492
4007.7415
4007.0437
4007.4316
4007.1814
4007.2188
4006.9104
4007.8174
4006.695
4007.5945
4006.5535
4006.651
4007.1045
4006.5032
4006.395
4006.7424
4006.1624
4006.9148
4006.6836
4006.2505
4006.0105
4005.8628
4007.1113
4006.4583
4005.6362
4006.1223
4005.4983
4005.8855
4006.1135
4005.5615
4005.9238
4005.397
4005.327
4005.4504
4005.1152
4005.3347
4006.0332
4005.0303
4005.321
4004.9167
4004.664
4005.0269
4004.5874
4005.7808
4004.4102
4005.3464
4007.7937
4004.7563
4004.1826
4004.2815
4004.0098
4004.4172
4004.0046
4004.1526
4004.541
4003.8208
4003.968
4003.983
4003.9727
4003.7676
4003.6008
4003.657
4003.3857
4006.2515
4003.2202
4003.4294
4003.157
4003.737
4003.6086
4003.0085
4002.9102
4003.4048
4002.8772
4003.0613
4002.6113
4002.7952
4002.5298
4002.486
4002.578
4003.9229
4002.4275
4003.02
4002.999
4002.0986
4002.017
4002.5369
4002.0056
4002.14
4001.7925
4001.988
4001.5933
4001.6516
4002.1812
4001.7063
4001.551
4001.2747
4001.207
4001.1184
4001.7515
4003.543
4001.906
4002.437
4000.7913
4001.1516
4000.6758
4001.1714
4000.8408
4002.4287
4001.081
4000.5596
4000.4155
4000.793
4000.2217
4000.1868
4000.2646
4000.0515
4000.1624
4000.664
3999.8374
3999.8464
3999.7732
3999.7417
3999.698
4001.074
3999.3933
3999.4077
3999.7756
3999.301
4000.4949
4000.0273
4000.1943
4000.2651
4000.6887
3998.9685
3998.9827
3998.7253
3998.6711
3999.0166
3998.5222
3998.6328
3998.5986
3999.4453
3998.8142
3998.4326
4000.0654
3999.0854
3997.846
3999.2837
3998.6748
3997.8171
3998.2178
3997.6062
3997.9707
3997.5972
3997.8984
3997.8005
3997.164
3997.1565
3997.0703
3998.642
3997.9668
3996.918
3996.926
3997.7712
3997.0244
3997.2727
3996.697
3996.5754
3996.6338
3996.4758
3996.3857
3996.3135
3996.216
3996.5535
3996.1309
3996.1438
3996.0295
3996.045
3996.042
3995.9106
3995.8862
3995.9753
3996.3481
3997.243
3997.5227
3995.5686
3995.7134
3996.4614
3995.7454
3995.3564
3995.7754
3995.5676
3996.2449
3995.157
3995.259
3995.18
3994.8696
3994.7578
3994.9158
3994.6692
3994.7068
3994.5757
3994.5183
3995.3762
3994.543
3995.8108
3996.2307
3994.2178
3994.2979
3994.185
3994.1565
3994.2546
3994.0889
3993.7744
3994.2202
3993.9246
3993.6912
3994.5044
3995.591
3993.7197
3993.5283
3995.1162
3993.4646
3993.251
3994.2778
3993.332
3993.2625
3993.2449
3993.146
3992.8987
3992.9253
3992.736
3993.0425
3992.9275
3993.1755
3994.8843
3993.061
3992.789
3992.4827
3992.4065
3992.1829
3992.8164
3992.2588
3992.373
3991.9807
3992.4072
3992.0652
3992.1465
3993.8386
3992.169
3991.8499
3991.599
3991.934
3991.545
3991.996
3991.4016
3991.3113
3991.3728
3991.2876
3991.6208
3991.358
3991.6929
3991.0205
3991.372
3991.2505
3990.7505
3991.1182
3990.6687
3990.6504
3990.5547
3991.1333
3990.5632
3990.6975
3990.496
3990.279
3990.5376
3990.4077
3991.2825
3990.496
3990.0557
3989.9878
3989.9878
3989.8882
3990.426
3989.729
3989.719
3990.9868
3989.5989
3989.8813
3989.4214
3989.5996
3989.472
3989.2988
3989.2266
3989.3022
3989.4094
3989.146
3988.935
3988.94
3988.7961
3990.1445
3990.503
3989.276
3988.5264
3988.7754
3988.4644
3989.1975
3988.3152
3988.532
3988.1028
3988.308
3987.9985
3988.4197
3988.0293
3988.3152
3987.8518
3987.7537
3987.7754
3989.0186
3987.8567
3987.8088
3987.618
3987.5007
3987.4417
3987.5806
3987.3267
3987.2783
3987.1614
3987.5315
3987.147
3987.0938
3987.0022
3987.1758
3987.1084
3986.7993
3986.906
3986.7803
3986.681
3986.544
3986.842
3986.6323
3987.1707
3988.8367
3986.2236
3986.2192
3986.0874
3986.1768
3985.9846
3986.5298
3986.7368
3985.7805
3986.3782
3986.4744
3985.9988
3986.0498
3985.734
3985.5754
3985.882
3986.2612
3985.3777
3985.6826
3985.337
3985.597
3985.2588
3985.1045
3985.063
3985.042
3984.986
3985.1477
3984.8706
3984.8538
3984.7095
3984.8027
3984.891
3984.7046
3984.6333
3984.6628
3985.0913
3984.5288
3984.5789
3984.3628
3985.447
3984.1392
3984.4492
3984.086
3984.0142
3985.0327
3984.066
3983.9163
3984.0107
3984.1023
3984.0225
3984.0916
3983.5908
3983.7402
3983.612
3983.5225
3984.631
3984.271
3984.775
3983.2185
3983.137
3983.3396
3984.5195
3983.0413
3982.989
3982.9485
3982.9019
3983.0603
3983.0085
3982.741
3982.748
3983.2444
3982.5835
3982.6628
3982.4705
3982.4417
3982.4314
3982.2793
3982.5735
3982.3057
3983.4226
3982.1501
3984.03
3982.004
3981.9568
3982.5916
3981.7822
3981.9053
3982.1204
3981.652
3982.4377
3982.1543
3981.739
3981.3503
3981.785
3981.46
3981.57
3981.227
3981.9556
3981.2
3981.6667
3981.0852
3981.0266
3981.0579
3980.9104
3980.96
3982.424
3981.2908
3980.7031
3980.6338
3981.9172
3981.7703
3980.501
3980.4153
3983.436
3980.3672
3981.0557
3980.1528
3980.077
3980.2974
3980.005
3980.131
3980.2383
3979.8916
3979.7449
3980.489
3980.1467
3980.3147
3979.7114
3979.897
3979.4983
3979.7395
3979.4146
3980.3428
3979.5977
3980.0493
3979.6365
3980.1587
3979.8489
3979.5312
3979.0205
3979.6077
3978.7612
3979.0686
3979.235
3979.0054
3978.5557
3979.37
3978.4812
3979.4746
3978.3591
3978.8398
3978.2046
3980.9993
3981.248
3978.1785
3979.6216
3978.5076
3978.124
3978.3513
3978.1262
3977.7878
3977.964
3980.1692
3980.0515
3978.8723
3978.4636
