10072.481
10068.078
10066.215
10065.845
10065.041
10064.719
10064.28
10064.023
10064.016
10064.005
10064.211
10063.952
10063.976
10063.935
10064.008
10064.029
10064.367
10064.097
10064.155
10064.054
10064.1
10064.3545
10064.26
10064.175
10064.321
10064.245
10064.211
10064.013
10063.967
10063.939
10063.93
10063.995
10063.942
10063.985
10063.951
10063.949
10063.978
10063.945
10064.022
10063.946
10063.997
10063.997
10064.003
10063.895
10063.953
10063.934
10063.897
10063.839
10063.932
10063.864
10063.881
10063.877
10063.8955
10063.978
10063.956
10063.898
10064.01
10063.987
10064.026
10064.006
10064.039
10064.005
10063.971
10063.94
10063.8955
10063.899
10063.888
10063.96
