9995.558
9889.592
9757.682
9583.75
9343.031
9031.713
8663.772
8266.793
7863.3843
7475.7983
7107.0317
6762.662
6435.7036
6130.4077
5846.4395
5577.6177
5329.061
5101.277
4888.4023
4688.9224
4506.875
4331.3706
4175.1196
4023.496
3885.822
3751.122
3628.9714
3510.1907
3404.8445
3302.5894
3214.699
3117.048
3030.5752
2949.0469
2875.0303
2799.9614
2733.1995
2667.8857
2608.2
2548.7932
2494.5144
2445.8223
2394.9932
2347.2563
2307.8003
2266.383
2227.619
2189.7532
2157.2854
2122.6392
2091.6401
2063.7004
2036.5521
2012.6212
1986.8141
1963.9506
1942.263
1924.253
1906.5765
1885.399
1870.1417
1853.2494
1841.2313
1823.3384
1810.4884
1795.9813
1786.6892
1773.5706
1761.8368
1751.5084
1741.4652
1732.2316
1724.4727
1715.5652
1707.9252
1700.3303
1695.9336
1685.7002
1680.757
1674.7128
1666.3026
1661.1163
1655.8369
1649.2579
1644.5815
1642.0198
1635.1697
1629.9014
1625.9583
1624.0122
1617.7047
1617.1113
1609.6447
1607.4939
1607.377
1602.9543
1602.8064
1596.0277
1594.7737
1589.4076
1586.6504
1584.0302
1583.0919
1579.0474
1577.0759
1575.8169
1574.1387
1573.123
1569.6654
1566.2927
1564.758
1561.98
1561.4224
1558.8479
1557.7781
1556.0366
1554.0686
1555.0685
1552.1132
1553.2499
1549.0267
1548.1099
1545.8816
1545.8175
1544.2123
1542.1757
1540.9801
1539.4583
1537.7224
1537.4038
1537.1543
1537.6112
1535.0206
1533.9207
1532.8345
1529.9768
1531.5093
1529.1549
1527.938
1529.4624
1525.5743
1525.7614
1525.8059
1524.289
1523.4371
1528.2047
1520.9917
1521.5115
1519.0448
1518.1787
1517.8285
1519.485
1516.5215
1517.5989
1515.8303
1515.3778
1513.2733
1512.5817
1512.2247
1511.457
1511.3608
1510.1124
1509.41
1508.6561
1509.3834
1509.2291
1507.5944
1507.6448
1507.3466
1508.5857
1506.5571
1505.0643
1503.7659
1505.62
1502.6206
1501.934
1503.6544
1502.1361
1502.0969
1500.2076
1499.142
1500.244
1498.1207
1497.7953
1497.6538
1497.9536
1496.2389
1498.1982
1496.9373
1495.2787
1496.3413
1494.8959
1494.6831
1494.7383
1493.53
1496.7761
1493.2949
1492.9832
1496.3121
1491.994
1491.9579
1491.8351
1491.3356
1493.0747
1490.9146
1491.9949
1491.7207
1489.9542
1491.1262
1489.7753
1489.5149
1488.4382
1490.0941
1488.7263
1488.1047
1489.143
1487.7388
1486.9698
1486.8517
1486.7948
1486.0366
1486.9261
1485.3059
1485.5632
1485.9661
1483.9059
1484.708
1484.7894
1483.7341
1483.4305
1484.0037
1482.6332
1483.3162
1482.611
1482.4344
1482.3337
1481.1688
1480.8256
1479.9619
1483.5333
1480.7417
1480.3602
1478.985
1481.5208
1479.8308
1479.8596
1481.5029
1478.6797
1479.0148
1478.5966
1478.7007
1479.9169
1479.0789
1478.3123
1478.4431
1478.5039
1479.5289
1477.96
1477.0378
1479.0607
1477.4288
1476.499
1476.8958
1476.1812
1475.6202
1475.5292
1476.3588
1476.6787
1475.9967
1476.0637
1474.6437
1476.9141
1475.6965
1476.0227
1473.5055
1474.0525
1475.375
1474.624
1472.9236
1473.4403
1472.5111
1473.5364
1473.8438
1473.1361
1475.4861
1472.924
1473.1956
1474.3447
1472.5609
1472.5022
1472.824
1471.8231
1472.4521
1471.438
1471.8375
1472.295
1470.987
1471.4807
1471.561
1470.8193
1473.3483
1473.6775
1470.2573
1471.1085
1470.1699
1471.4174
1469.5801
1469.6338
1470.0222
1471.2124
1469.7286
1470.8668
1469.6018
1468.4868
1467.9882
1468.0796
1468.1035
1468.3434
1467.1859
1468.1337
1467.3691
1466.5374
1466.9905
1466.6003
1467.818
1467.1033
1467.9968
1466.7606
1466.575
1467.2299
1466.3931
1467.023
1466.8015
1466.0106
1466.387
1466.2338
1466.5012
1467.6815
1466.1278
1466.1752
1466.5885
1467.5865
1464.9579
1465.9022
1465.7594
1464.8898
1464.3667
1464.3031
1465.2786
1464.3339
1465.0297
1464.608
1465.1409
1464.6335
1464.8156
1465.1752
1464.3347
1464.0483
1464.408
1463.3027
1464.1805
1464.4946
1463.644
1463.5298
1462.6985
1463.415
1462.0485
1462.9045
1464.6034
1463.949
1462.6819
1461.8787
1464.5219
1462.4653
1462.9268
1462.9083
1462.0967
1462.5505
1463.1115
1463.749
1462.5865
1461.2344
1461.5552
1462.1938
1461.4419
1461.3379
1460.9008
1461.271
1461.9609
1460.6023
1463.4978
1460.4324
1462.4559
1461.1099
1461.2567
1461.2767
1460.8658
1461.48
1461.4054
1459.7042
1460.194
1460.6865
1460.5444
1459.5945
1459.4205
1460.2522
1459.4609
1459.3372
1458.755
1459.6812
1459.5262
1458.9221
1458.8767
1459.0896
1458.6816
1461.8539
1459.3356
1459.055
1458.9398
1458.3739
1458.4567
1457.7491
1457.6997
1458.5306
1458.1824
1459.0547
1460.4854
1458.4918
1458.1543
1457.2355
1457.708
1458.543
1457.7742
1457.7155
1459.278
1457.7092
1458.0518
1458.4451
1460.1068
1456.8915
1458.3218
1457.2109
1456.6752
1458.1682
1457.6759
1456.3748
1457.2133
1456.9974
1456.9757
1456.8201
1455.6503
1458.8068
1455.8015
1456.0188
1456.803
1455.8251
1458.6133
1455.6741
1455.0624
1455.6066
1455.3042
1456.058
1454.7197
1455.2045
1456.2112
1456.6229
1455.6237
1455.5593
1455.2333
1457.5454
1455.6401
1456.501
1455.3628
1455.3217
1456.1781
1455.6289
1455.137
1455.0039
1457.8706
1455.28
1455.9255
1456.9235
1454.4716
1453.3822
1454.0558
1456.2489
1454.5544
1453.9379
1455.8785
1454.6263
1455.6937
1453.9836
1454.9463
1453.9711
1453.9229
1454.6208
1454.4474
1454.117
1454.1106
1453.808
1453.3481
1453.0415
1453.9127
1455.054
1453.7666
1452.9763
1453.9514
1452.5789
1453.895
1452.7152
1453.8063
1454.6703
1453.6542
1453.6495
1452.8542
1452.446
1452.5299
1452.4722
1452.2025
1454.6392
1452.5927
1451.8369
1451.2008
1452.0337
1451.1613
1451.1304
1451.134
1453.7365
1452.5546
1451.3987
1451.9065
1452.7224
1451.239
1451.057
1452.2922
1451.439
1451.0098
1451.8818
1453.2448
1451.9591
1451.888
1451.3469
1451.9476
1451.2356
1450.8674
1450.8707
1451.4915
1451.3337
1451.7898
1452.3435
1450.0691
1450.438
1451.5059
1454.2601
1450.1394
1449.9288
1449.8453
1449.3975
1450.9357
1449.3586
1450.605
1448.7959
1448.5059
1449.4856
1450.4453
1450.2872
1451.607
1450.1182
1451.3384
1450.9291
1449.3586
1449.1127
1449.3264
1448.6638
1449.6454
1448.0718
1454.8759
1448.8582
1448.4766
1452.6398
1448.9005
1449.6451
1448.4535
1451.585
1448.5507
1449.5876
1448.5718
1448.9905
1450.438
1448.6825
1453.6268
1448.0116
1448.0046
1449.8661
1449.2693
1450.7157
1449.2897
1449.5457
1449.6422
1449.9371
1448.7437
1449.0165
1448.0511
1448.0758
1449.7374
1448.0673
1449.0432
1448.1836
1448.4293
1448.2018
1448.7384
1448.5969
1452.0951
1448.3638
1450.5513
1447.9414
1447.6523
1447.7577
1449.1528
1448.0254
1447.4596
1447.0344
1446.989
1447.5397
1447.7126
1447.8037
1447.6998
1449.3595
1447.8379
1447.9935
1450.2527
1447.1855
1448.2156
1447.0771
1448.1185
1449.5312
1447.0829
1447.1921
1446.5022
1448.24
1446.4022
1447.2472
1446.6366
1446.2136
1445.9902
1447.0133
1445.731
1446.2441
1445.7661
1446.5543
1447.9332
1447.7201
1447.604
1445.707
1446.9059
1445.7693
1447.1368
1446.9982
1445.8202
1446.6198
1445.6104
1446.4993
1446.6411
1446.7903
1445.6741
1445.2114
1445.6929
1445.1199
1446.7244
1445.4822
1445.4827
1445.4558
1445.455
1445.3391
1445.1409
1445.573
1445.128
1445.2107
1445.0635
1444.9198
1445.7642
1444.7262
1446.0856
1445.7717
1445.5562
1444.9645
1445.3085
1446.0426
1445.4004
1445.2755
1445.7217
1445.9028
1444.1339
1444.3491
1446.3307
1444.3097
1444.2307
1445.6694
1444.4307
1444.5336
1443.3911
1447.7455
1444.4304
1444.2124
1443.8103
1444.012
1445.245
1449.0076
1442.9608
1444.8792
1444.0513
1443.4281
1444.042
1444.2808
1449.2754
1443.1962
1443.8477
1443.138
1443.7764
1443.0197
1443.6733
1443.0243
1445.0477
1444.2391
1443.1683
1443.4866
1442.8693
1442.7205
1442.7548
1442.8243
1443.5205
1442.3978
1442.1941
1442.5076
1443.5575
1445.9973
1443.4664
1442.8181
1444.0417
1442.6897
1444.6274
1442.6675
1442.5056
1442.4976
1442.0223
1442.6589
1442.6261
1442.8153
1443.1658
1442.4663
1442.4033
1443.4788
1444.4165
1442.4963
1443.6707
1444.722
1444.4734
1442.2751
1442.4618
1443.0159
1442.9705
1442.7244
1444.33
1442.2454
1441.9962
1443.5112
1443.3522
1443.3268
1442.6222
1441.8413
1441.7828
1440.9261
1443.078
1442.4558
1441.3147
1440.9878
1440.9592
1441.529
1442.3137
1441.8468
1441.2812
1441.6323
1441.4337
1441.7174
1441.846
1442.1959
1441.7571
1441.6678
1441.7959
1443.9867
1441.3497
1442.1952
1443.24
1446.4221
1441.9312
1443.5356
1442.1976
1442.2416
1444.4397
1441.2552
1441.7893
1441.9589
1444.2583
1441.3729
1441.5343
1441.4094
1443.0419
1441.9259
1441.1051
1442.0791
1441.2458
1441.869
1441.1808
1441.1514
1441.7607
1440.7068
1440.4009
1443.3196
1441.4503
1442.0017
1440.85
1440.8849
1441.0905
1440.6116
1441.2605
1442.2144
1441.8296
1440.5505
1440.627
1440.2415
1440.4008
1441.5812
1442.9783
1439.6847
1439.6536
1440.8464
1440.4132
1440.8109
1440.4824
1443.3926
1443.6024
1440.8945
1441.69
1441.5687
1441.3395
1440.728
1442.25
1441.9331
1440.6667
1440.1853
1440.418
1441.8055
1440.8909
1440.2043
1441.8123
1440.9364
1440.206
1441.395
1441.192
1440.3191
1441.673
1439.7368
1442.5587
1440.8063
1439.6768
1440.2883
1440.0833
1439.3455
1438.8225
1440.4856
1440.0127
1443.5123
1439.8907
1441.4028
1439.5522
1439.7081
1440.3744
1439.9518
1439.0897
1439.1221
1441.1655
1440.3367
1439.6176
1440.5728
1439.7446
1439.7019
1441.7255
1440.1028
1440.719
1439.5944
1440.9065
1439.7874
1441.3599
1442.4387
1439.5944
1439.8726
1440.1091
1439.6631
1440.4781
1443.6406
1440.3058
1440.1388
1439.8077
1439.7319
1439.8447
1439.1523
1439.6366
1439.182
1439.3153
1439.7046
1440.8363
1438.6719
1441.1136
1438.4987
1438.7826
1438.8146
1438.4382
1439.9324
1441.6002
1438.5149
1438.7427
1439.5748
1438.6107
1439.1931
1441.7377
1440.9406
1440.2218
1438.9169
1439.8875
1441.0234
1440.1609
1439.2607
1439.3646
1441.6189
1441.6711
1439.5084
1438.8188
1438.8909
1441.6774
1440.7605
1439.2982
1442.0637
1439.478
1439.1118
1440.6212
1440.595
1439.1174
1441.7018
1439.2289
1438.8634
1438.4011
1439.2301
1438.8096
1439.4943
1440.3989
1440.0203
1439.4033
1439.065
1439.7819
1439.9872
1440.4655
1441.2834
1440.3009
1440.6517
1441.4512
1441.0168
1440.0898
1442.1624
1440.6816
1440.8442
1441.8832
1439.9219
1440.5258
1440.1018
1439.6874
1440.1923
1439.5792
1439.3134
1438.8481
1439.117
1441.4982
1440.0872
1440.1157
1442.797
1438.937
1440.1084
1439.0656
1439.1819
1439.0071
1439.0044
1438.8806
1439.6188
1439.4381
1439.8986
1438.6423
1439.8386
1438.9429
1440.4775
1439.1914
1438.2871
1438.542
1438.434
1438.3892
1438.7035
1439.0559
1438.0927
1439.8391
1439.2457
1438.6428
1440.1547
1439.1318
1438.1946
1439.3206
1438.9281
1441.0299
1439.309
1437.7081
1437.2434
1438.4945
1437.4918
1437.6046
1437.5172
1437.9279
1437.5667
1438.8008
1437.4169
1437.6462
1438.3783
1439.1735
1438.0868
1439.3032
1439.7013
1438.1431
1438.6255
1439.294
1438.4803
1437.6765
1439.8442
1437.5518
1437.8245
1442.0198
1438.3085
1438.2483
1438.3418
1442.494
1438.9261
1438.5898
1439.3114
1438.6366
1439.1962
1439.2585
1438.748
1438.3828
1439.8195
1437.7994
1438.2306
1438.1138
1438.987
1438.0226
1437.2891
1439.5963
1438.4366
1437.259
1438.3816
1437.4141
1437.986
1437.3239
1438.0151
1438.1492
1437.0609
1437.8258
1437.5831
1437.5103
1437.8198
1437.4685
1438.3102
1440.3691
1437.9633
1436.6857
1437.4456
1438.2806
1437.5887
1438.1709
1438.6677
1439.714
1437.465
1439.5626
1437.9904
1438.3098
1438.8479
1438.6111
1438.3519
1438.4413
1439.5509
1439.4752
1437.297
1438.529
1437.0151
1437.6388
1438.5376
1438.6036
1437.4248
1437.1538
1438.063
1438.0756
1438.399
1438.6194
1438.2107
1438.7407
1437.9827
1437.9268
1439.9454
1438.4723
1437.3528
1436.9167
1437.3326
1437.6696
1437.0791
1437.6608
1438.7837
1438.514
1437.8644
1438.0944
1439.9546
1438.8145
1438.2483
1438.4618
1437.7059
1438.5829
1437.6617
1438.8788
1438.072
1437.51
1438.1356
1438.5951
1438.6233
1437.5709
1438.5372
1439.6305
1439.3278
1438.3052
1438.3641
1438.605
1438.5948
1438.9307
1437.6943
1437.7881
1437.9908
1439.4037
1437.641
1437.3291
1437.9094
1437.2693
1438.8883
1437.5403
1438.1512
1437.8833
1438.2709
1438.0142
1437.699
1437.719
1437.625
1437.006
1438.5188
1438.2139
1438.4371
1438.176
1439.623
1438.1003
1437.8822
1437.4921
1440.9539
1438.2626
1438.2196
1437.758
1438.5734
1439.1754
1438.5724
1438.0995
1437.4725
1437.8254
1441.7903
1437.1343
1437.6431
1438.4001
1437.4241
1437.5941
1437.484
1436.813
1436.8622
1436.292
1438.1798
1437.6328
1437.5469
1436.6104
1437.9519
1436.7052
1438.1609
1436.8104
1436.8538
1437.2246
1436.378
1437.0748
1436.6509
1436.5579
1436.6519
1437.0089
1437.4518
1436.484
1439.0212
1436.952
1436.9894
1436.5444
1436.3475
1436.8268
1437.607
1439.6965
1437.1327
1436.7981
1439.1964
1437.2162
1436.2422
1436.5055
1437.5972
1436.6893
1438.0592
1435.9227
1435.1677
1435.7877
1436.6302
1436.5371
1436.0793
1438.2655
1437.2839
1436.3163
1435.5681
1436.4786
1439.7258
1437.6432
1435.7008
1437.3744
1435.9087
1436.2053
1436.7299
1436.266
1435.8822
1436.011
1435.6764
1435.473
1435.9719
1435.8182
1436.9199
1435.8824
1435.738
1436.1053
1437.4797
1436.4731
1436.204
1436.7052
1437.7638
1437.8352
1436.2703
1437.044
1436.6578
1437.2383
1436.5963
1440.3568
1438.3209
1437.1016
1437.9313
1437.4006
1437.6476
1437.131
1436.8954
1439.4498
1437.0426
1437.67
1436.7426
1436.9594
1436.0044
1437.5176
1436.3976
1435.9133
1437.6713
1436.0398
1438.2415
1436.9442
1436.9719
1436.4427
1435.7025
1436.2695
1436.4519
1435.8231
1437.4856
1436.1526
1437.7913
1437.072
1436.7675
1437.8911
1437.4585
1437.3785
1436.7032
1436.9498
1437.0529
1436.6487
1437.6935
1435.8772
1435.9446
1435.9835
1436.0374
1435.341
1435.593
1438.673
1435.9702
1436.2684
1435.0936
1436.0072
1434.8123
1436.4078
1435.4069
1435.5481
1436.147
1435.893
1435.7999
1436.8699
1436.0021
1436.836
1435.4258
1438.2418
1434.8755
1437.5732
1436.2163
1435.621
1438.3885
1435.3972
1436.5938
1438.0035
1437.5394
1436.7378
1436.2738
1435.4418
1435.1102
1435.5945
1435.0784
1435.6995
1436.2256
1436.0017
1435.6598
1436.9249
1435.6533
1435.7734
1436.259
1435.5505
1435.571
1435.3329
1435.5115
1436.0504
1435.2642
1435.585
1436.547
1435.7134
1436.173
1436.3431
1435.201
1435.3506
1437.3766
1436.617
1439.1791
1436.1588
1436.2405
1435.9266
1435.2347
1436.2711
1434.8394
1434.814
1436.8074
1435.1135
1435.98
1436.3168
1434.8363
1434.6332
1435.4641
1434.7856
1435.1926
1434.8811
1434.5387
1436.4877
1435.5072
1437.3043
1435.5303
1438.3562
1435.6841
1437.5975
1435.7283
1435.5198
1436.1613
1435.4221
1436.2194
1435.7421
1435.4396
1436.5753
1440.1312
1435.1658
1437.1537
1436.9298
1435.7285
1435.599
1439.2816
1435.416
1435.5507
1435.1653
1435.9459
1435.6036
1435.0677
1436.822
1434.8237
1436.2594
1435.6824
1434.765
1434.3414
1435.0135
1434.3578
1435.9736
1436.0321
1435.4667
1435.1376
1435.2694
1435.5074
1434.8984
1436.3959
1437.6945
1434.1213
1435.2974
1436.4585
1435.4854
1435.5663
1434.4775
1434.5553
1435.5941
