10066.9795
10066.088
10065.374
10065.259
10064.373
10064.304
10064.291
10064.221
10064.04
10064.042
10064.011
10063.968
10063.93
10064.066
10064.007
10063.959
10063.859
10063.948
10063.858
10064.017
10063.932
10063.926
10063.962
10063.932
10064.007
10063.915
10063.899
10064.06
10064.009
10063.913
10063.9375
10063.887
10063.97
10063.879
10063.88
10063.953
10063.955
10063.907
10063.886
10063.938
10063.902
10063.962
10063.895
10063.916
10063.95
10063.89
10063.934
10063.843
10063.921
10063.894
10064.036
10063.94
10063.987
10064.083
10064.01
10064.144
10064.05
10063.848
