10067.751
10051.71
10042.869
10039.855
10033.552
10027.721
10022.35
10014.558
10006.3955
9997.949
9993.878
9981.769
9974.606
10000.765
9955.728
9947.1
10003.829
9907.438
9888.968
9873.019
9852.088
9965.664
9810.767
9804.976
9760.807
9739.359
9709.885
9676.394
9643.302
9612.561
9597.804
9589.565
9503.291
9465.695
9438.255
9452.518
9330.055
9308.005
9285.576
9196.815
9196.8545
9099.128
9505.863
11204.078
9116.674
9228.966
9068.551
8825.549
8786.72
8821.019
8709.74
8736.442
9064.618
8919.214
8578.078
8755.164
8881.175
8499.141
8998.98
8577.61
8612.746
8967.099
8560.059
8254.684
8312.634
10091.753
8347.74
8228.07
8020.3574
8774.57
7930.474
8087.2896
8309.559
8410.07
8869.81
10764.627
8939.7705
8696.293
8086.224
8356.583
8671.004
7784.6206
8286.915
7808.2417
8574.9795
7614.225
8797.961
7945.6187
8219.493
7444.061
9266.145
9286.42
7793.208
8009.9287
8022.586
8362.361
9070.067
8548.422
8082.584
7461.828
8089.3086
6874.4556
7986.3906
7998.8545
7218.652
7570.4497
7276.207
7164.605
7605.0195
7023.108
7261.993
7477.151
7417.235
7160.664
7296.864
7741.097
8006.0386
6734.5327
7219.2383
7481.585
7208.7666
6662.1655
6962.7744
6733.7803
6552.644
6968.2275
6536.514
8290.51
10942.667
6105.3457
7270.6973
6965.3696
8633.037
6313.7847
6658.323
7108.281
7656.4053
6727.344
6243.292
6838.1157
7344.3535
8312.015
7961.9785
7390.2427
8418.09
6669.392
7524.8325
9764.54
14533.977
7305.0356
7244.0273
7368.2275
6200.248
7811.9194
7211.203
6466.4814
7581.374
6959.5117
7979.9272
6746.456
7131.2812
7767.681
7980.8125
8205.537
6936.6055
8421.622
6905.134
7966.779
6364.308
6428.497
9039.438
7173.181
8579.872
6938.752
7991.819
9075.336
9411.987
6989.651
6432.763
6819.91
5992.052
6761.8228
7283.2593
7194.8086
5387.8125
6966.529
7486.7207
7912.8687
6296.7886
6563.3843
6180.8643
5710.845
6227.9087
6448.178
7252.132
7330.7505
6316.566
6370.383
6443.5073
6806.556
7583.917
6911.1846
6905.221
6381.863
8787.887
6960.29
8491.853
7006.5024
7245.651
6537.5503
6859.891
7564.8833
6704.2964
5947.9707
5976.839
8006.831
6615.8086
6770.163
7468.1367
8148.6206
8041.4395
5723.674
7669.1943
6309.9897
7595.497
7538.329
8181.3506
6047.092
7061.5405
7576.1265
5445.0977
6170.988
6099.837
5169.773
6087.414
5644.764
5478.3696
8701.719
6228.616
6254.46
5862.493
14423.65
6162.4854
7016.343
6771.4717
7716.577
7072.1943
6585.777
7312.9805
7047.4473
5880.2773
6323.735
6793.073
6375.7124
7367.5273
6672.358
7894.0303
7443.1006
7371.0645
8454.592
7371.8237
6860.9653
7068.648
6369.1084
6749.492
5944.2734
5651.688
7237.087
7510.665
7695.4443
6652.254
7140.278
6492.8687
7974.436
7586.7305
9788.407
9083.487
5585.457
6640.8936
10443.762
8131.149
7790.168
8675.748
8319.763
8562.8
8739.894
7664.2744
6444.5645
6125.9434
7523.758
7203.068
7101.092
6972.5728
7000.8574
8255.277
11595.368
8423.3125
7371.848
7766.468
7295.254
7390.571
7608.375
6892.525
8094.9824
7816.6543
6967.8447
7872.6885
8337.983
7433.8228
7766.009
7865.8174
6798.9287
9468.958
7606.6714
7691.2812
7588.327
7790.1484
7244.584
6399.906
6315.515
6206.4985
6785.4595
7609.601
6668.9297
6832.157
21204.557
7502.7734
7425.7524
7033.5684
8807.476
5351.0034
8184.347
8008.602
7792.8857
6501.978
5803.85
6173.992
5799.515
7431.4385
11145.267
8938.058
7650.7686
6984.69
8051.538
8439.788
6905.3545
7076.794
8752.127
7044.673
7352.4507
8597.478
6537.2773
8561.956
6230.1226
6779.5005
5543.451
8457.803
5709.681
6195.6445
7514.4365
6085.647
7868.8564
6435.9165
6457.6123
6395.585
9633.629
6223.4595
7709.19
7745.757
