10086.253
10077.027
10070.038
10064.18
10060.163
10056.229
10052.33
10050.732
10048.896
10045.773
10042.673
10040.293
10038.2295
10037.5205
10034.03
10032.45
10030.051
10027.165
10024.967
10023.968
10022.088
10020.53
10017.767
10015.437
10013.742
10011.225
10010.102
10007.614
10004.796
10002.113
9999.13
9998.318
9994.839
9993.03
9989.746
9987.732
9987.476
9980.792
9981.231
9976.236
9975.173
9971.188
9967.043
9964.503
9961.281
9957.808
9954.462
9953.989
9949.881
9947.274
9942.075
9941.001
9937.873
9932.781
9928.7
9926.066
9920.826
9918.917
9913.315
9911.448
9907.11
9900.476
9899.698
9894.722
9890.525
9885.486
9883.203
9877.337
9872.736
9867.696
9864.43
9858.119
9852.385
9847.398
9842.959
9836.838
9832.264
9828.167
9824.538
9821.681
9812.865
9807.678
9804.229
9799.943
9793.938
9785.886
9784.494
9775.334
9773.304
9766.622
9760.224
9754.418
9749.275
9742.992
9738.764
9729.565
9723.1875
9717.027
9710.405
9705.228
9700.698
9696.172
9687.55
9683.05
9673.764
9671.1455
9665.925
9656.2295
9652.153
9642.747
9642.079
9635.237
9626.628
9619.705
9616.847
9613.906
9607.875
9598.07
9593.296
9589.765
9583.039
9573.149
9563.87
9563.408
9551.619
9547.612
9543.539
9534.193
9526.738
9518.499
9515.266
9512.06
9503.0
9499.034
9493.026
9481.572
9476.7705
9473.604
9466.094
9469.906
9458.983
9450.24
9449.604
9437.994
9434.059
9431.596
9417.64
9411.524
9409.058
9403.392
9400.658
9391.323
9387.555
9382.176
9375.318
9370.9375
9359.1875
9357.536
9353.366
9350.19
9340.778
9332.617
9324.751
9323.045
9314.234
9305.867
9301.142
9297.251
9290.1045
9287.595
9280.733
9287.339
9275.706
9268.298
9266.711
9257.393
9244.6875
9243.755
9233.75
9242.282
9231.322
9223.169
9215.46
9220.594
9207.826
9204.419
9200.006
9190.774
9189.452
9177.633
9172.046
9173.313
9160.8125
9155.759
9148.429
9146.501
9143.573
9135.336
9139.292
9125.449
9129.969
9120.658
9111.801
9108.438
9105.601
9105.151
9095.114
9087.38
9086.208
9075.826
9080.598
9069.549
9066.341
9056.349
9050.706
9046.826
9040.594
9042.114
9033.643
9028.8125
9024.17
9023.093
9015.218
9013.83
9010.812
9012.584
9004.664
8998.615
8992.557
8987.152
8982.379
8973.214
8973.775
8969.564
8961.498
8952.937
8944.705
8954.567
8957.546
8942.465
8942.842
8942.605
8923.085
8917.458
8924.056
8914.291
8917.208
8913.254
8920.056
8906.9
8900.944
8894.744
8893.307
8882.535
8880.629
8878.386
8869.206
8872.308
8858.394
8860.552
8858.678
8847.723
8843.751
8839.384
8841.313
8839.342
8828.112
8828.439
8821.772
8822.318
8810.339
8812.25
8809.496
8798.662
8796.356
8798.817
8789.297
8787.457
8778.184
8771.5
8771.086
8762.38
8752.52
8760.191
8751.747
8752.299
8750.066
8747.019
8739.97
8733.344
8731.651
8725.286
8718.399
8719.722
8718.959
8704.81
8709.659
8701.169
8695.668
8696.899
8692.088
8690.923
8684.683
8685.786
8677.341
8673.753
8672.324
8668.602
8658.124
8657.82
8663.202
8651.982
8646.657
8646.343
8639.641
8642.874
8635.423
8631.53
8623.258
8625.508
8622.031
8621.791
8616.084
8616.297
8608.807
8611.138
8606.466
8599.848
8596.501
8593.31
8591.054
8588.454
8584.243
8578.672
8576.571
8575.685
8572.818
8565.929
8566.103
8560.125
8560.365
8552.785
8549.366
8547.69
8542.101
8542.046
8538.849
8535.75
8532.405
8534.305
8525.785
8517.359
8514.63
8513.175
8505.204
8504.867
8502.971
8504.13
8492.763
8492.458
8490.974
8482.824
8485.092
8474.241
8475.146
8475.878
8468.089
8470.672
8467.28
8468.168
8456.695
8458.677
8457.094
8448.9375
8448.199
8441.679
8442.665
8437.036
8434.323
8437.373
8432.612
8427.834
8424.777
8420.4375
8421.058
8415.767
8414.658
8405.435
8407.523
8404.184
8399.988
8398.394
8400.608
8404.495
8399.323
8392.846
8389.782
8384.462
8380.81
8387.126
8373.526
8372.094
8375.409
8372.125
8364.61
8365.002
8361.419
8362.865
8351.271
8351.312
8350.295
8350.32
8346.498
8343.736
8341.329
8335.626
8333.578
8329.314
8333.585
8322.78
8322.97
8318.142
8316.244
8314.698
8317.578
8308.902
8306.529
8308.06
8303.132
8303.767
8299.358
8297.323
8299.472
8291.645
8290.621
8296.379
8294.194
8284.384
8281.2295
8275.519
8278.1
8274.928
