10006.835
9967.451
9922.769
9874.466
9821.63
9773.785
9723.063
9672.825
9621.488
9570.15
9537.211
9470.672
9419.381
9370.998
9325.245
9277.464
9233.486
9190.928
9147.333
9107.823
9067.173
9028.03
8988.172
8953.512
8915.085
8879.996
8846.583
8815.917
8787.841
8751.964
8721.731
8692.451
8667.905
8639.998
8613.787
8585.455
8558.037
8533.864
8509.346
8483.551
8464.567
8437.001
8421.583
8395.19
8371.905
8348.824
8334.327
8307.553
8287.445
8267.742
8248.475
8232.019
8214.256
8193.33
8176.26
8157.338
8138.8833
8123.845
8105.2334
8091.8325
8072.307
8055.6333
8039.371
8023.612
8008.193
7992.8564
7977.65
7963.1084
7949.03
7935.3926
7920.61
7906.529
7893.602
7878.625
7867.1675
7852.8354
7840.1147
7827.592
7816.6763
7803.0986
7790.859
7778.873
7765.472
7755.783
7742.6567
7732.287
7722.058
7709.736
7697.16
7689.403
7682.839
7666.3784
7654.667
7644.3184
7638.767
7634.353
7614.3174
7604.9976
7594.956
7585.996
7575.948
7574.529
7556.454
7548.3105
7539.8457
7530.7227
7522.775
7512.724
7503.162
7495.2837
7486.5806
7485.492
7470.2373
7460.879
7453.1147
7445.283
7438.782
7429.7764
7423.25
7414.4023
7407.583
7399.5195
7391.8164
7384.8066
7376.4653
7368.718
7362.293
7357.641
7347.1143
7340.2446
7334.8936
7326.4707
7360.903
7315.068
7308.302
7299.653
7294.63
7286.2725
7280.3706
7274.1157
7268.228
7263.638
7256.406
7249.838
7243.8745
7237.381
7232.096
7227.3604
7219.962
7215.085
7210.5596
7202.406
7200.776
7193.131
7185.7666
7180.9097
7175.426
7169.5522
7170.624
7161.675
7154.0234
7148.1733
7144.955
7138.8887
7133.426
7127.9927
7124.6094
7118.471
7112.9414
7107.6865
7102.6797
7097.858
7096.311
7091.499
7084.18
7082.558
7076.1406
7070.661
7065.5454
7061.117
7056.509
7052.028
7047.61
7042.887
7041.2134
7034.8057
7030.3574
7026.074
7022.7827
7018.1685
7013.796
7010.3477
7005.3247
7005.935
6999.313
6993.141
6989.821
6987.816
6982.5776
6977.735
6975.3257
6970.246
6966.938
6962.5513
6959.399
6956.9434
6950.8623
6948.4224
6943.709
6940.0635
6936.8613
6932.683
6932.914
6925.1753
6922.3354
6918.5786
6918.091
6911.542
6908.423
6905.256
6904.816
6902.3955
6897.1694
6892.7344
6889.244
6885.0977
6882.3726
6879.477
6877.922
6879.6387
6869.535
6867.198
6864.154
6861.317
6858.8384
6853.6147
6850.483
6849.572
6845.501
6841.6836
6839.1953
6837.105
6834.095
6831.4727
6827.789
6824.236
6822.5645
6818.7637
6815.4644
