10118.516
10115.432
10113.312
10111.633
10110.123
10108.657
10107.4795
10106.435
10105.521
10104.673
10103.878
10103.118
10102.415
10101.753
10101.167
10100.593
10100.085
10099.637
10099.214
10098.787
10098.365
10097.9795
10097.623
10097.315
10097.026
10096.741
10096.458
10096.199
10095.969
10095.748
10095.537
10095.331
10095.131
10094.93
10094.717
10094.5205
10094.328
10094.145
10093.971
10093.798
10093.628
10093.462
10093.292
10093.134
10092.9795
10092.826
10092.689
10092.551
10092.416
10092.279
10092.146
10092.0205
10091.886
10091.763
10091.64
10091.519
10091.403
10091.283
10091.167
10091.056
10090.948
10090.839
10090.7295
10090.625
10090.521
10090.413
10090.316
10090.215
10090.117
10090.02
10089.925
10089.827
10089.7295
10089.634
10089.538
10089.448
10089.349
10089.254
10089.158
10089.059
10088.959
10088.863
10088.77
10088.671
10088.571
10088.4795
10088.382
10088.288
10088.196
10088.104
10088.016
10087.925
10087.841
10087.745
10087.664
10087.578
10087.496
10087.417
10087.337
10087.26
10087.184
10087.109
10087.033
10086.963
10086.892
10086.821
10086.754
10086.684
10086.616
10086.547
10086.478
10086.412
10086.342
10086.271
10086.207
10086.136
10086.071
10085.999
10085.931
10085.864
10085.791
10085.728
10085.661
10085.596
10085.534
10085.469
10085.403
10085.338
10085.276
10085.211
10085.147
10085.091
10085.03
10084.976
10084.918
10084.86
10084.806
10084.749
10084.692
10084.636
10084.585
10084.528
10084.473
10084.419
10084.366
10084.316
10084.265
10084.214
10084.16
10084.106
10084.059
10084.007
10083.959
10083.909
10083.865
10083.813
10083.767
10083.716
10083.672
10083.618
10083.574
10083.523
10083.479
10083.43
10083.384
10083.342
10083.296
10083.252
10083.205
10083.166
10083.123
10083.081
10083.036
10082.996
10082.955
10082.911
10082.873
10082.832
10082.793
10082.753
10082.716
10082.677
10082.636
10082.594
10082.556
10082.518
10082.476
10082.44
10082.399
10082.355
10082.323
10082.285
10082.245
10082.206
10082.165
10082.13
10082.088
10082.055
10082.01
10081.972
10081.936
10081.894
10081.86
10081.822
10081.786
10081.748
10081.713
10081.673
10081.634
10081.601
10081.562
10081.529
10081.49
10081.457
10081.423
10081.387
10081.351
10081.318
10081.286
10081.245
10081.212
10081.183
10081.146
10081.105
10081.078
10081.048
10081.012
10080.98
10080.949
10080.913
10080.885
10080.853
10080.821
10080.787
10080.754
10080.724
10080.691
10080.663
10080.634
10080.598
10080.569
10080.538
10080.507
10080.478
10080.449
10080.414
10080.39
10080.357
10080.331
10080.303
10080.272
10080.248
10080.216
10080.189
10080.159
10080.133
10080.105
10080.072
10080.051
10080.021
10079.989
10079.963
10079.934
10079.906
10079.878
10079.848
10079.82
10079.791
10079.763
10079.737
10079.708
10079.681
10079.652
10079.626
10079.6
10079.57
10079.542
10079.518
10079.493
10079.47
10079.443
10079.415
10079.393
10079.365
10079.342
10079.317
10079.297
10079.267
10079.243
10079.219
10079.198
10079.172
10079.148
10079.127
10079.1045
10079.08
10079.058
10079.033
10079.011
10078.992
10078.97
10078.942
10078.922
10078.9
10078.886
10078.855
10078.837
10078.816
10078.796
10078.772
10078.749
10078.73
10078.712
10078.6875
10078.665
10078.647
10078.629
10078.6045
10078.583
10078.5625
10078.544
10078.52
10078.498
10078.479
10078.458
10078.435
10078.415
10078.396
10078.377
10078.358
10078.337
10078.3125
10078.295
10078.273
10078.249
10078.227
10078.212
10078.187
10078.161
10078.143
10078.123
10078.102
10078.079
10078.057
10078.037
10078.015
10077.996
10077.975
10077.952
10077.934
10077.913
10077.891
10077.87
10077.851
10077.83
10077.81
10077.791
10077.773
10077.754
10077.738
10077.716
10077.694
10077.678
10077.657
10077.636
10077.613
10077.598
10077.579
10077.557
10077.54
10077.522
10077.497
10077.48
10077.467
10077.444
10077.428
10077.405
10077.389
10077.374
10077.353
10077.332
10077.314
10077.299
10077.276
10077.259
10077.245
10077.224
10077.205
10077.1875
10077.171
10077.158
10077.139
10077.123
10077.1045
10077.088
10077.07
10077.049
10077.032
10077.018
10077.0
10076.981
10076.968
10076.951
10076.933
10076.912
10076.9
10076.887
10076.868
10076.848
10076.831
10076.819
10076.802
10076.783
10076.766
10076.745
10076.732
10076.718
10076.701
10076.682
10076.664
10076.648
10076.639
10076.622
10076.605
10076.587
10076.568
10076.55
10076.538
10076.524
10076.506
10076.49
10076.474
10076.455
10076.439
10076.423
10076.407
10076.39
10076.372
10076.359
10076.342
10076.323
10076.308
10076.296
10076.281
10076.266
10076.249
10076.234
10076.218
10076.197
10076.185
10076.17
10076.155
10076.14
10076.131
10076.114
10076.101
10076.088
10076.07
10076.053
10076.038
10076.026
10076.015
10076.001
10075.989
10075.97
10075.955
10075.942
10075.927
10075.911
10075.8955
10075.884
10075.871
10075.861
10075.847
10075.833
10075.814
10075.805
10075.791
10075.774
10075.76
10075.752
10075.738
10075.722
10075.705
10075.696
10075.684
10075.665
10075.651
10075.645
10075.631
10075.614
10075.603
10075.589
10075.575
10075.5625
10075.55
10075.538
10075.521
10075.505
10075.492
10075.482
10075.471
10075.457
10075.444
10075.434
10075.419
10075.402
10075.391
10075.377
10075.364
10075.354
10075.339
10075.328
10075.313
10075.302
10075.291
10075.28
10075.267
10075.253
10075.241
10075.224
10075.211
10075.202
10075.191
10075.182
10075.167
10075.159
10075.146
10075.133
10075.117
10075.104
10075.097
10075.085
10075.074
10075.062
10075.05
10075.038
10075.029
10075.019
10075.006
10074.993
10074.982
10074.971
10074.96
10074.953
10074.94
10074.93
10074.919
10074.907
10074.894
10074.88
10074.876
10074.865
10074.8545
10074.842
10074.834
10074.821
10074.8125
10074.801
10074.789
10074.777
10074.771
10074.761
10074.748
10074.738
10074.7295
10074.721
10074.712
10074.696
10074.685
10074.676
10074.666
10074.657
10074.646
10074.639
10074.63
10074.619
10074.61
10074.6
10074.589
10074.574
10074.564
10074.558
10074.55
10074.541
10074.528
10074.52
10074.509
10074.5
10074.494
10074.48
10074.471
10074.462
10074.453
10074.443
10074.432
10074.425
10074.417
10074.406
10074.3955
10074.384
10074.375
10074.368
10074.356
10074.35
10074.341
10074.332
10074.321
10074.31
10074.303
10074.291
10074.282
10074.273
10074.264
10074.253
10074.246
10074.241
10074.231
10074.222
10074.206
10074.197
10074.191
10074.1875
10074.175
10074.167
10074.159
10074.148
10074.141
10074.128
10074.121
10074.107
10074.097
10074.091
10074.088
10074.077
10074.068
10074.059
10074.052
10074.04
10074.029
10074.019
10074.012
10074.005
10073.999
10073.987
10073.98
10073.973
10073.965
10073.955
10073.942
10073.937
10073.929
10073.92
10073.911
10073.905
10073.897
10073.889
10073.88
10073.871
10073.863
10073.854
10073.847
10073.84
10073.83
10073.825
10073.818
10073.81
10073.798
10073.786
10073.779
10073.772
10073.767
10073.758
10073.751
10073.743
10073.737
10073.7295
10073.723
10073.714
10073.705
10073.694
10073.688
10073.681
10073.675
10073.666
10073.655
10073.6455
10073.64
10073.633
10073.625
10073.619
10073.61
10073.602
10073.592
10073.586
10073.58
10073.572
10073.564
10073.559
10073.549
10073.541
10073.533
10073.525
10073.518
10073.506
10073.5
10073.492
10073.483
10073.478
10073.472
10073.466
10073.458
10073.45
10073.441
10073.435
10073.427
10073.422
10073.416
10073.409
10073.4
10073.395
10073.387
10073.38
10073.372
10073.364
10073.356
10073.351
10073.342
10073.336
10073.327
10073.32
10073.315
10073.307
10073.3
10073.296
10073.285
10073.276
10073.272
10073.267
10073.256
10073.249
10073.242
10073.234
10073.229
10073.224
10073.216
10073.208
10073.2
10073.196
10073.191
10073.184
10073.173
10073.167
10073.159
10073.153
10073.146
10073.139
10073.131
10073.123
10073.114
10073.11
10073.101
10073.097
10073.088
10073.08
10073.071
10073.067
10073.062
10073.056
10073.049
10073.041
10073.035
10073.028
10073.022
10073.017
10073.012
10073.006
10072.997
10072.989
10072.9795
10072.973
10072.967
10072.959
10072.953
10072.946
10072.938
10072.934
10072.928
10072.922
10072.916
10072.909
10072.899
10072.895
10072.888
10072.882
10072.876
10072.868
10072.861
10072.853
10072.849
10072.842
10072.838
10072.829
10072.822
10072.818
10072.811
10072.803
10072.796
10072.787
10072.779
10072.771
10072.7705
10072.763
10072.755
10072.748
10072.742
10072.735
10072.73
10072.727
10072.716
10072.709
10072.703
10072.695
10072.689
10072.685
10072.679
10072.67
10072.665
10072.658
10072.65
10072.6455
10072.644
10072.637
10072.631
10072.623
10072.615
10072.61
10072.607
10072.602
10072.595
10072.586
10072.58
10072.572
10072.566
10072.5625
10072.556
10072.548
10072.542
10072.539
10072.53
10072.527
10072.5205
10072.514
10072.509
10072.501
10072.496
10072.486
10072.481
10072.474
10072.47
10072.464
10072.457
10072.454
10072.447
10072.439
10072.434
10072.429
10072.422
10072.416
10072.408
10072.401
10072.395
10072.387
10072.381
10072.376
10072.374
10072.367
10072.36
10072.356
10072.351
10072.343
10072.338
10072.33
10072.323
10072.315
10072.309
10072.304
10072.297
10072.289
10072.286
10072.281
10072.275
10072.2705
10072.266
10072.257
10072.249
10072.243
10072.238
10072.232
10072.227
10072.221
10072.214
10072.209
10072.201
10072.194
10072.189
10072.186
10072.181
10072.176
10072.169
10072.164
10072.159
10072.151
10072.147
10072.141
10072.133
10072.123
10072.116
10072.112
10072.105
10072.099
10072.095
10072.091
10072.084
10072.08
10072.072
10072.064
10072.061
10072.055
10072.047
10072.041
10072.037
10072.031
10072.024
10072.02
10072.013
10072.008
10071.998
10071.994
10071.99
10071.984
10071.976
10071.969
10071.961
10071.954
10071.947
10071.942
10071.9375
10071.935
10071.928
10071.921
10071.915
10071.908
10071.903
10071.896
10071.892
10071.888
10071.88
10071.872
10071.869
10071.857
10071.85
10071.844
10071.839
10071.831
10071.822
10071.8125
10071.809
10071.802
10071.795
10071.791
10071.785
10071.779
10071.774
10071.77
10071.765
10071.76
10071.754
10071.749
10071.743
10071.737
10071.731
10071.726
10071.717
10071.71
10071.705
10071.697
10071.69
10071.686
10071.68
10071.675
10071.669
10071.662
10071.654
10071.647
10071.641
10071.635
10071.631
10071.624
10071.617
10071.612
10071.605
10071.6
10071.595
10071.589
10071.583
10071.578
10071.57
10071.566
10071.5625
10071.559
10071.551
10071.543
10071.536
10071.529
10071.52
10071.511
10071.504
10071.499
10071.496
10071.489
10071.485
10071.48
10071.476
10071.47
10071.463
10071.459
10071.453
10071.446
10071.44
10071.434
10071.429
10071.423
10071.417
10071.411
10071.405
10071.398
10071.394
10071.385
10071.376
10071.371
10071.366
10071.36
10071.3545
10071.35
10071.343
10071.339
10071.333
10071.328
10071.323
10071.316
10071.309
10071.301
10071.295
10071.29
10071.287
10071.28
10071.275
10071.27
10071.264
10071.259
10071.252
10071.247
10071.24
10071.236
10071.229
10071.224
10071.217
10071.21
10071.204
10071.198
10071.193
10071.1875
10071.181
10071.176
10071.17
10071.165
10071.161
10071.155
10071.148
10071.145
10071.139
10071.13
10071.126
10071.12
10071.113
10071.106
10071.101
10071.096
10071.089
10071.084
10071.079
10071.076
10071.07
10071.067
10071.0625
10071.056
10071.053
10071.048
10071.042
10071.036
10071.026
10071.021
10071.014
10071.009
10071.002
10070.997
10070.99
10070.985
10070.98
10070.974
10070.97
10070.966
10070.963
10070.957
10070.953
10070.948
10070.943
10070.936
10070.934
10070.926
10070.919
10070.913
10070.91
10070.906
10070.899
10070.892
10070.886
10070.88
10070.872
10070.867
10070.861
10070.857
10070.854
10070.85
10070.845
10070.839
10070.834
10070.829
10070.822
10070.819
10070.812
10070.808
10070.805
10070.8
10070.798
10070.793
10070.786
10070.782
10070.776
10070.77
10070.765
10070.76
10070.753
10070.748
10070.74
10070.735
10070.7295
10070.725
10070.721
10070.716
10070.709
10070.704
10070.698
10070.693
10070.688
10070.682
10070.677
10070.674
10070.668
10070.662
10070.656
10070.65
10070.644
10070.639
10070.633
10070.626
10070.621
10070.615
10070.609
10070.6045
10070.598
10070.595
10070.59
10070.584
10070.58
10070.574
10070.567
10070.561
10070.556
10070.549
10070.547
10070.542
10070.535
10070.53
10070.526
10070.519
10070.513
10070.508
10070.503
10070.496
10070.489
10070.483
10070.479
10070.472
10070.469
10070.463
10070.459
10070.453
10070.446
10070.44
10070.434
10070.43
10070.421
10070.415
10070.409
10070.404
10070.396
10070.392
10070.387
10070.38
10070.375
10070.37
10070.363
10070.357
10070.352
10070.346
10070.341
10070.334
10070.327
10070.325
10070.321
10070.317
10070.31
10070.302
10070.297
10070.292
10070.285
10070.281
10070.275
10070.268
10070.263
10070.255
10070.247
10070.241
10070.235
10070.23
10070.224
10070.221
10070.215
10070.209
10070.206
10070.201
10070.194
10070.189
10070.183
10070.176
10070.172
10070.166
10070.16
10070.156
10070.15
10070.146
10070.14
10070.134
10070.129
10070.123
10070.119
10070.11
10070.107
10070.101
10070.092
10070.086
10070.083
10070.076
10070.073
10070.071
10070.066
10070.06
10070.053
10070.045
10070.04
10070.033
10070.027
10070.023
10070.02
10070.016
10070.011
10070.004
10070.002
10069.996
10069.991
10069.988
10069.981
10069.974
10069.964
10069.958
10069.954
10069.949
10069.946
10069.94
10069.936
10069.93
10069.925
10069.921
10069.916
10069.911
10069.907
10069.898
10069.893
10069.886
10069.881
10069.878
10069.873
10069.868
10069.862
10069.859
10069.8545
10069.85
10069.843
10069.838
10069.832
10069.826
10069.822
10069.817
10069.8125
10069.807
10069.804
10069.799
10069.793
10069.787
10069.781
10069.775
10069.77
10069.766
10069.763
10069.757
10069.75
10069.746
10069.741
10069.735
10069.733
10069.728
10069.721
10069.718
10069.713
10069.706
10069.7
10069.695
10069.689
10069.683
10069.676
10069.672
10069.669
10069.664
10069.66
10069.658
10069.651
10069.646
10069.641
10069.634
10069.628
10069.623
10069.618
10069.613
10069.609
10069.605
10069.603
10069.598
10069.593
10069.586
10069.58
10069.576
10069.572
10069.568
10069.563
10069.558
10069.552
10069.549
10069.543
10069.54
10069.535
10069.529
10069.524
10069.521
10069.518
10069.513
10069.508
10069.5
10069.496
10069.49
10069.484
10069.481
10069.476
10069.47
10069.468
10069.464
10069.458
10069.453
10069.453
10069.448
10069.443
10069.44
10069.437
10069.43
10069.427
10069.423
10069.414
10069.411
10069.405
10069.401
10069.399
10069.396
10069.395
10069.389
10069.384
10069.379
10069.372
10069.368
10069.363
10069.36
10069.358
10069.352
10069.347
10069.345
10069.338
10069.335
10069.331
10069.326
10069.32
10069.315
10069.31
10069.304
10069.302
10069.299
10069.296
10069.293
10069.289
10069.283
10069.28
10069.276
10069.271
10069.27
10069.263
10069.26
10069.258
10069.25
10069.244
10069.24
10069.237
10069.23
10069.227
10069.225
10069.221
10069.219
10069.216
10069.213
10069.208
10069.204
10069.198
10069.195
10069.192
10069.1875
10069.185
10069.181
10069.176
10069.172
10069.167
10069.162
10069.159
10069.153
10069.151
10069.1455
10069.142
10069.139
10069.134
10069.127
10069.124
10069.119
10069.114
10069.113
10069.109
10069.1045
10069.103
10069.097
10069.096
10069.092
10069.088
10069.086
10069.082
10069.078
10069.074
10069.071
10069.065
10069.061
10069.055
10069.054
10069.049
10069.045
10069.042
10069.039
10069.034
10069.03
10069.027
10069.023
10069.0205
10069.014
10069.008
10069.005
10069.0
10068.995
10068.991
10068.988
10068.986
10068.983
10068.98
10068.976
10068.975
10068.972
10068.968
10068.961
10068.958
10068.954
10068.947
10068.944
10068.944
10068.938
10068.935
10068.933
10068.926
10068.921
10068.917
10068.916
10068.914
10068.909
10068.904
10068.902
10068.897
10068.894
10068.888
10068.886
10068.885
10068.881
10068.878
10068.876
10068.869
10068.865
10068.862
10068.858
10068.855
10068.85
10068.847
10068.842
10068.84
10068.835
10068.832
10068.828
10068.825
10068.822
10068.816
10068.812
10068.808
10068.805
10068.801
10068.799
10068.794
10068.792
10068.788
10068.784
10068.779
10068.775
10068.772
10068.771
10068.768
10068.763
10068.761
10068.758
10068.752
10068.747
10068.745
10068.74
10068.737
10068.732
10068.7295
10068.726
10068.722
10068.717
10068.713
10068.712
10068.711
10068.707
10068.702
10068.7
10068.695
10068.688
10068.685
10068.682
10068.679
10068.675
10068.672
10068.668
10068.664
10068.662
10068.658
10068.654
10068.649
10068.6455
10068.643
10068.641
10068.638
10068.633
10068.629
10068.622
10068.618
10068.613
10068.608
10068.605
10068.602
10068.6
10068.595
10068.594
10068.59
10068.588
10068.583
10068.58
10068.576
10068.572
10068.568
10068.564
10068.561
10068.556
10068.552
10068.549
10068.545
10068.542
10068.537
10068.536
10068.531
10068.528
10068.523
10068.523
10068.519
10068.516
10068.513
10068.508
10068.506
10068.501
10068.497
10068.494
10068.49
10068.487
10068.482
10068.481
10068.479
10068.476
10068.473
10068.472
10068.468
10068.464
10068.46
10068.455
10068.452
10068.447
10068.445
10068.442
10068.442
10068.4375
10068.434
10068.429
10068.427
10068.424
10068.419
10068.411
10068.407
10068.402
10068.398
10068.397
10068.391
10068.389
10068.388
10068.385
10068.381
10068.379
10068.374
10068.371
10068.367
10068.365
10068.362
10068.36
10068.355
10068.353
10068.351
10068.348
10068.344
10068.34
10068.335
10068.33
10068.328
10068.323
10068.32
10068.315
10068.313
10068.31
10068.306
10068.302
10068.299
10068.296
10068.294
10068.288
10068.284
10068.28
10068.277
10068.273
10068.2705
10068.269
10068.264
10068.261
10068.258
10068.256
10068.251
10068.247
10068.243
10068.242
10068.238
10068.236
10068.231
10068.231
10068.226
10068.223
10068.218
10068.216
10068.213
10068.209
10068.201
10068.2
10068.197
10068.195
10068.189
10068.187
10068.183
10068.18
10068.176
10068.171
10068.168
10068.166
10068.163
10068.159
10068.157
10068.153
10068.149
10068.1455
10068.141
10068.137
10068.134
10068.133
10068.131
10068.127
10068.121
10068.116
10068.111
10068.109
10068.1045
10068.102
10068.096
10068.095
10068.093
10068.089
10068.086
10068.084
10068.081
10068.077
10068.074
10068.072
10068.066
10068.063
10068.06
10068.057
10068.053
10068.049
10068.045
10068.041
10068.037
10068.036
10068.031
10068.029
10068.023
10068.022
10068.02
10068.018
10068.013
10068.01
10068.004
10068.003
10067.999
10067.995
10067.988
10067.987
10067.981
10067.9795
10067.977
10067.975
10067.97
10067.964
10067.961
10067.957
10067.954
10067.951
10067.948
10067.945
10067.943
10067.94
10067.9375
10067.933
10067.929
10067.925
10067.921
10067.916
10067.914
10067.911
10067.909
10067.902
10067.9
10067.895
10067.892
10067.89
10067.887
10067.882
10067.878
10067.874
10067.872
10067.867
10067.862
10067.86
10067.856
10067.854
10067.85
10067.847
10067.842
10067.842
10067.839
10067.835
10067.834
10067.83
10067.826
10067.821
10067.817
10067.8125
10067.811
10067.807
10067.804
10067.799
10067.796
10067.795
10067.791
10067.787
10067.783
10067.781
10067.776
10067.772
10067.77
10067.766
10067.761
10067.757
10067.752
10067.75
10067.745
10067.743
10067.74
10067.736
10067.736
10067.733
10067.727
10067.723
10067.721
10067.717
10067.713
10067.708
10067.704
10067.701
10067.699
10067.695
10067.692
10067.6875
10067.686
10067.68
10067.677
10067.675
10067.673
10067.668
10067.664
10067.661
10067.659
10067.655
10067.652
10067.65
10067.6455
10067.643
10067.638
10067.635
10067.63
10067.626
10067.621
10067.615
10067.609
10067.61
10067.608
10067.605
10067.602
10067.597
10067.593
10067.589
10067.585
10067.583
10067.58
10067.577
10067.572
10067.572
10067.571
10067.569
10067.567
10067.564
10067.5625
10067.559
10067.553
10067.548
10067.545
10067.543
10067.54
10067.536
10067.532
10067.528
10067.524
10067.5205
10067.518
10067.514
10067.51
10067.505
10067.503
10067.498
10067.497
10067.493
10067.489
10067.487
10067.485
10067.482
10067.481
10067.478
10067.475
10067.471
10067.469
10067.466
10067.462
10067.46
10067.456
10067.453
10067.448
10067.446
10067.444
10067.441
10067.437
10067.435
10067.432
10067.425
10067.422
10067.417
10067.415
10067.413
10067.411
10067.407
10067.405
10067.402
10067.398
10067.3955
10067.392
10067.387
10067.382
10067.377
10067.375
10067.371
10067.368
10067.368
10067.364
10067.363
10067.36
10067.356
10067.3545
10067.352
10067.347
10067.343
10067.34
10067.336
10067.332
10067.33
10067.327
10067.326
10067.323
10067.318
10067.315
10067.312
10067.308
10067.304
10067.299
10067.297
10067.294
10067.29
10067.287
10067.283
10067.279
10067.276
10067.274
10067.272
10067.268
10067.267
10067.263
10067.261
10067.259
10067.255
10067.252
10067.246
10067.243
10067.241
10067.236
10067.234
10067.232
10067.2295
10067.228
10067.223
10067.219
10067.215
10067.212
10067.209
10067.205
10067.201
10067.198
10067.194
10067.194
10067.192
10067.188
10067.187
10067.185
10067.183
10067.178
10067.174
10067.171
10067.169
10067.165
10067.161
10067.158
10067.156
10067.155
10067.153
10067.152
10067.148
10067.146
10067.142
10067.14
10067.135
10067.133
10067.133
10067.13
10067.126
10067.122
10067.119
10067.115
10067.112
10067.109
10067.103
10067.1
10067.098
10067.095
10067.091
10067.089
10067.086
10067.084
10067.081
10067.078
10067.077
10067.072
10067.071
10067.069
10067.065
10067.062
10067.059
10067.057
10067.053
10067.048
10067.045
10067.043
10067.04
10067.038
10067.036
10067.033
10067.031
10067.025
10067.025
10067.022
10067.02
10067.017
10067.012
10067.009
10067.008
10067.005
10067.003
10067.001
10066.999
10066.998
10066.993
10066.991
10066.989
10066.985
10066.982
10066.977
10066.974
10066.973
10066.969
10066.967
10066.963
10066.959
10066.958
10066.956
10066.953
10066.951
10066.948
10066.944
10066.941
10066.938
10066.9375
10066.934
10066.931
10066.927
10066.923
10066.92
10066.918
10066.915
10066.915
10066.911
10066.908
10066.905
10066.901
10066.9
10066.898
10066.896
10066.895
10066.893
10066.889
10066.888
10066.887
10066.885
10066.881
10066.88
10066.876
10066.872
10066.869
10066.866
10066.864
10066.86
10066.858
10066.856
10066.853
10066.854
10066.851
10066.848
10066.845
10066.841
10066.837
10066.835
10066.833
10066.83
10066.827
10066.822
10066.82
10066.817
10066.814
10066.813
10066.811
10066.806
10066.804
10066.8
10066.798
10066.795
10066.791
10066.79
10066.785
10066.782
10066.78
10066.779
10066.774
10066.7705
10066.769
10066.766
10066.763
10066.76
10066.759
10066.756
10066.754
10066.751
10066.75
10066.748
10066.743
10066.741
10066.738
10066.734
10066.732
10066.732
10066.728
10066.727
10066.724
10066.721
10066.717
10066.714
10066.71
10066.706
10066.704
10066.702
10066.699
10066.696
10066.696
10066.692
10066.6875
10066.685
10066.682
10066.679
10066.677
10066.676
10066.672
10066.67
10066.666
10066.664
10066.662
10066.659
10066.657
10066.652
10066.648
10066.6455
10066.644
10066.64
10066.638
10066.635
10066.633
10066.63
10066.628
10066.626
10066.622
10066.62
10066.617
10066.614
10066.612
10066.61
10066.607
10066.604
10066.601
10066.597
10066.594
10066.591
10066.587
10066.584
10066.582
10066.579
10066.576
10066.576
10066.577
10066.573
10066.572
10066.569
10066.568
10066.566
10066.564
10066.564
10066.5625
10066.559
10066.556
10066.554
10066.552
10066.549
10066.545
10066.542
10066.537
