9979.116
9914.257
9849.976
9786.934
9724.5625
9664.619
9600.179
9539.002
9477.843
9420.421
9367.038
9314.493
9261.826
9211.064
9162.847
9117.731
9072.635
9029.377
8988.412
8954.39
8913.156
8871.564
8840.062
8803.105
8763.231
8730.467
8697.3955
8666.818
8637.375
8611.544
8580.596
8553.056
8525.567
8500.337
8474.374
8450.568
8424.196
8400.226
8377.138
8357.535
8335.503
8310.967
8289.77
8271.017
8258.643
8231.793
8210.227
8199.17
8173.3564
8156.572
8139.023
8124.2554
8104.273
8084.7734
8070.222
8051.5693
8036.737
8019.402
8004.875
7988.3423
7973.006
7968.439
7943.206
7930.6514
7915.8633
7902.0757
7889.274
7874.692
7861.2236
7848.4854
7834.2993
7823.799
7809.8354
7797.6855
7785.955
7772.242
7759.747
7748.612
7738.5454
7725.589
7715.311
7704.883
7692.3457
7681.2505
7672.2676
7661.6133
7649.95
7640.251
7629.678
7620.0786
7641.3735
7600.077
7589.9126
7582.8154
7570.566
7560.8154
7552.0957
7548.712
7536.9014
7525.0283
7517.371
7513.9287
7500.359
7492.184
7482.038
7473.9824
7466.212
7458.866
7454.4707
7441.602
7433.7207
7427.519
7418.546
7410.5796
7403.6177
7396.815
7388.0415
7382.1675
7373.5786
7367.5835
7359.802
7352.5703
7345.7764
7339.065
7331.955
7325.0464
7318.472
7313.2236
7307.312
7300.4263
7293.8984
7287.6484
7282.6587
7284.7437
7269.147
7262.301
7256.1455
7251.164
7245.7017
7238.5874
7233.6123
7226.6265
7222.186
7215.941
7210.0913
7204.282
7199.5034
7196.8496
7190.1904
7183.0396
7178.581
7172.4985
7167.68
7162.3013
7156.8315
7154.712
7146.4214
7141.9937
7138.9766
7131.8315
7127.1094
7121.4214
7117.4253
7111.4634
7108.304
7102.956
7098.4155
7093.3027
7092.637
7083.7856
7079.3594
7074.882
7072.8486
7066.1543
7062.5093
7057.3584
7053.743
7049.435
7046.343
7042.076
7037.194
7033.2954
7028.897
7024.7886
7020.4517
7016.177
7012.8936
7009.1587
7004.16
7000.832
6997.0527
6993.5625
6988.8906
6985.9355
6981.4814
6982.697
6973.796
6970.1865
6966.6787
6962.8257
6960.883
6955.607
6952.0547
6949.1997
6952.9204
6942.3228
6938.6665
6934.9893
6931.7363
6928.001
6924.6685
6922.361
6918.685
6915.3276
6912.032
6909.176
6908.975
6903.413
6898.94
6896.4966
6893.961
6889.269
6888.237
6883.288
6886.224
6877.114
6874.639
6870.9976
6869.976
6866.385
6862.2217
6861.702
6858.099
6854.1313
6850.4873
6849.0967
6845.0317
6842.3174
6839.8896
6836.944
6835.4087
6831.215
6828.284
6825.935
6823.7974
6822.428
6818.1333
6814.9263
6812.525
6824.823
6807.2476
6807.323
6801.932
6803.765
6798.2183
6794.4717
6792.0635
6797.006
6788.0786
6785.708
6782.0527
6782.031
6777.1436
6774.7886
6772.3813
6769.9585
6770.838
6765.972
6762.9385
6763.398
6758.297
6755.657
6753.728
6751.5103
6749.108
6749.556
6744.772
6743.089
6739.6304
6738.3354
6737.2056
6733.5317
6730.848
6728.7983
6726.835
6725.6235
6724.855
6720.1626
6718.811
6715.9707
6714.1255
6712.4194
6711.1245
6710.428
6705.4746
6703.7256
6701.954
6700.3022
6697.7314
6695.503
