0.2905526
0.2905526
0.29315782
0.3022076
0.34334293
0.33443028
0.32277527
0.35348964
0.3640477
0.36596736
0.36788702
0.37419444
0.37433156
0.37734815
0.39901274
0.3870835
0.4239682
0.42012888
0.41423282
0.4256136
0.44467297
0.42616206
0.4479638
0.44001096
0.4402852
0.4378171
0.4387769
0.44768956
0.4502948
0.44535857
0.4426162
0.44001096
0.45207733
0.458659
0.46537775
0.46373233
0.46661183
0.47634718
0.472645
0.47908953
0.49814892
0.4688057
0.46853146
0.48909914
0.48992184
0.5041821
0.51474017
0.51638556
0.50239956
0.5243384
0.49979433
0.49938297
0.5066502
0.51789385
0.51789385
0.5125463
0.51679695
0.51474017
0.53119427
0.53558207
0.53407377
0.52077335
0.5161113
0.5344851
0.5335253
0.535445
0.5303716
0.5365419
0.54147816
0.5492938
0.54010695
0.5388729
0.53558207
0.5409297
0.5528589
0.5473742
0.54956806
0.54175234
0.5538187
0.5558755
0.55258465
0.5535445
0.55450433
0.5535445
0.55601263
0.54559165
0.55642396
0.5536816
0.54764843
0.5591663
0.5466886
0.558755
0.56190866
0.5597148
0.5601261
0.56835324
0.5656109
0.5534074
0.5635541
0.5705471
0.564651
0.56341696
0.57191825
0.57178116
0.56533664
0.565748
0.57342654
0.56794184
0.57040995
0.56478816
0.57082134
0.5672563
0.5768545
0.5798711
0.5823392
0.5617716
0.5726039
0.57232964
0.5713698
0.57644314
0.57191825
0.5830248
0.57616895
0.5735637
0.5845331
0.5769916
0.58576715
0.58329904
0.59317154
0.58563006
0.58576715
0.580968
0.5782257
0.58275056
0.5874126
0.5878239
0.5922117
0.58425885
0.5897436
0.5885095
0.5934458
0.5974222
0.5934458
0.6061977
0.6008501
0.5968737
0.59303445
0.5963252
0.59303445
0.59961605
0.5952283
0.6115453
0.6012615
0.6016728
0.5972851
0.5998903
0.59797066
0.598382
0.60181
0.6004388
0.6033183
0.60743177
0.6107226
0.6035925
0.6072947
0.605375
0.6038667
0.60743177
0.608803
0.6082545
0.60948855
0.6082545
0.60112435
0.61044836
0.6171672
0.61085975
0.6096257
0.6023584
0.6196353
0.61181957
0.6215549
0.5992047
0.6116824
0.61387634
0.6072947
0.61949813
0.61483616
0.6137392
0.605375
0.60852873
0.6192239
0.60784316
0.6214178
0.61497325
0.6162073
0.61579597
0.61195666
0.61346495
0.61785275
0.6190868
0.6090772
0.6237488
0.6162073
0.61648154
0.6090772
0.61744136
0.61703
0.6151104
0.6185383
0.62278897
0.6186755
0.6190868
0.6229261
0.6196353
0.62429726
0.62018377
0.6238859
0.624023
0.62333745
0.6226519
0.6211436
0.62484574
0.6260798
0.62512
0.6264911
0.6284108
0.6229261
0.6270396
0.62786233
0.62717676
0.6290964
0.627451
0.634444
0.62923354
0.6351296
0.6269025
0.6299191
0.62772524
0.63033044
0.6369121
0.6419855
0.63129026
0.63567805
0.6354038
0.6399287
0.6340326
0.632113
0.6415741
0.6345811
0.63773483
0.6393802
0.6477444
0.6369121
