0.2905526
0.28671327
0.3008364
0.2883587
0.2868504
0.28890717
0.2905526
0.2900041
0.2900041
0.28616482
0.28479365
0.2883587
0.2905526
0.28808448
0.28493077
0.2905526
0.28657618
0.28863293
0.29740846
0.30426437
0.3006993
0.3075552
0.29946524
0.31633073
0.31317702
0.31879884
0.32400933
0.3192102
0.30330455
0.3107089
0.31084603
0.31564513
0.31646785
0.32058138
0.31783903
0.31509668
0.33401892
0.33580145
0.33017963
0.342246
0.34704512
0.36541888
0.38228437
0.38228437
0.38694638
0.3885918
0.39297956
0.39352804
0.39215687
0.39517346
0.3987385
0.39531058
0.39832717
0.4047717
0.40888524
0.41574112
0.41683805
0.41670096
0.41354725
0.41999176
0.4186206
0.4234197
0.42588782
0.42506513
0.43082407
0.43137255
0.43205813
0.43205813
0.43356642
0.4348005
0.43699437
0.43342933
0.43644592
0.43576032
0.43685725
0.43617168
0.43644592
0.43740574
0.4386398
0.43918827
0.4409708
0.4456328
0.44467297
0.45317426
0.453997
0.45756206
0.46386945
0.46290964
0.46537775
0.46606335
0.46866858
0.46907994
0.4719594
0.47991225
0.479638
0.48004937
0.48073494
0.48375154
0.4834773
0.4851227
0.4881393
0.49211574
0.48992184
0.4958179
0.49170437
0.49636638
0.4949952
0.49609214
0.49664062
0.49677774
