0.29713425
0.32949403
0.37721103
0.38173592
0.42081448
0.43672013
0.43370354
0.44042233
0.4526258
0.45852187
0.4603044
0.46853146
0.47785547
0.47662142
0.47072536
0.47168517
0.4958179
0.49005896
0.48539695
0.49362403
0.48992184
0.49979433
0.51542574
0.51679695
0.51474017
0.52091044
0.52529824
0.51981354
0.5283148
0.5298231
0.5373646
0.5339367
0.5358563
0.5421637
0.5395585
0.54065543
0.5421637
0.5462772
0.5590292
0.54997945
0.56698203
0.5582065
0.5631427
0.5686275
0.56190866
0.5686275
0.568079
0.5875497
0.58165365
0.57630605
0.57767725
0.56547374
0.58576715
0.5819279
0.5959139
0.5905663
0.59961605
0.5967366
0.5993418
0.584396
0.5904292
0.59605104
0.6090772
0.58480734
0.60194707
0.6152475
0.618127
0.6166187
0.60647196
0.62621695
0.6244344
0.6325243
0.62045795
0.6156589
0.6253942
0.6306047
0.6340326
0.63814616
0.646099
0.6255313
0.6329357
0.64500207
0.6462361
0.6337584
0.65418893
0.64404225
0.6384204
0.64856714
0.6514466
0.64705884
0.627451
0.6434938
0.64870423
0.63718635
0.650761
0.64966404
0.651858
0.6499383
0.6400658
0.6478815
0.6546003
0.63883173
0.65418893
0.65885097
0.6537776
0.6562457
0.65665704
0.6532291
0.6445907
0.6587138
0.66337585
0.66255313
0.6567942
0.65802824
0.66392434
0.6657068
0.6584396
0.6517208
0.65953654
0.65939945
0.66543263
0.66598105
0.66543263
0.6615933
0.6668038
0.66598105
0.6696833
0.6761278
0.67530507
0.6637872
0.66543263
0.674071
0.6784588
0.68956536
0.6711916
0.6695461
0.67091733
0.67571646
0.67201424
0.67036885
0.66790074
0.6785959
0.67736185
0.68024135
0.6799671
0.6750308
0.67832166
0.66899765
0.6702317
0.683395
0.68120116
0.6799671
0.67571646
0.6806527
0.6766763
0.6769505
0.68174964
0.6869601
0.69463867
0.69121075
0.68078977
0.68188673
0.69271904
0.6855889
0.6888797
0.6822981
0.6835322
0.6884684
0.6876457
0.69203347
0.6899767
0.6890169
0.6960099
0.69066226
0.6901138
0.6894282
0.6943645
0.6931304
0.6883313
0.6999863
0.6862745
0.69916356
0.69559854
0.69861513
0.6916221
0.6964212
0.70190597
0.70368844
0.69765526
0.6953243
0.69107366
0.6953243
0.69916356
0.69505006
0.70053476
0.69505006
0.69751817
0.69957495
0.7014946
0.70190597
0.69655836
0.7009461
0.70190597
0.70122033
0.7224736
0.71191555
0.7023173
0.7023173
0.7117784
0.70519674
0.70505965
0.7157548
0.7108186
0.71246403
0.707802
0.69765526
0.7126011
0.7131496
0.70793915
0.70670503
0.70739067
0.71493214
0.7221994
0.717126
0.7091732
0.71589196
0.7127382
0.7157548
0.71452075
0.72384477
0.71904564
0.7098588
0.727547
0.72576445
0.71836007
0.71602905
0.7153435
0.7271356
0.72932947
0.7278212
0.7226107
0.7176745
0.72891814
0.7202797
0.7186343
0.7280954
0.72974086
0.7224736
0.7172631
0.7444124
0.7265871
0.73371726
0.7263129
0.7156177
0.7201426
0.7260387
0.7223365
0.7211024
0.7193199
0.7193199
0.73124915
0.7433155
0.72686136
0.7246675
0.72439325
0.7316605
0.72288495
0.73220897
0.7339915
0.7180858
0.7339915
0.7279583
0.7263129
0.73536265
0.7374194
0.714795
0.72645
0.7339915
0.73577404
0.7361854
0.7279583
0.74413824
0.7370081
0.74523515
0.7479775
0.7354998
0.74756616
0.73824215
0.7363225
0.7424928
0.7429041
0.73728234
0.7360483
0.74221855
0.74358976
0.7483889
0.74564654
0.7360483
0.7378308
0.7418072
