0.2905526
0.2905526
0.2905526
0.2905526
0.2905526
0.2905526
0.2905526
0.2905526
0.2905526
0.2905526
0.2905526
0.2905526
0.2905526
0.2905526
0.29891676
0.30357876
0.30824077
0.3045386
0.3068696
0.29398054
0.299191
0.31441107
0.31331414
0.32730016
0.3314137
0.34814206
0.3600713
0.3709036
0.3769368
0.38338134
0.38639793
0.39147127
0.3999726
0.40148088
0.40202934
0.4064171
0.41642672
0.41848347
0.42273414
0.42904153
0.43288085
0.4286302
0.42575073
0.43205813
0.44193062
0.42287123
0.42150006
0.42753324
0.43452626
0.41985464
0.42424244
0.41916907
0.42410532
0.4341149
0.42959002
0.43603456
0.4518031
0.43548608
0.43767998
0.43822843
0.45235157
0.42931578
0.4408337
0.4487865
0.44837517
0.45015767
0.45290005
0.45303717
0.46290964
0.46304676
0.4587961
0.46304676
0.46222404
0.46469218
0.46757165
0.47058824
0.46743453
0.47045112
0.4756616
0.46921706
0.47291923
0.47209653
0.4816948
0.4733306
0.47442752
0.47511312
0.4863568
0.4848485
0.48841354
0.48909914
0.48896202
0.48909914
0.4851227
0.48772797
0.48621967
0.49225286
0.4934869
0.4934869
0.4934869
0.49540657
0.49376115
0.49924585
0.49979433
0.5036336
0.5036336
0.5061017
0.50198823
0.501714
0.50678736
0.50925547
