0.2905526
0.2905526
0.2905526
0.2905526
0.2905526
0.2905526
0.2905526
0.2905526
0.2905526
0.2905526
0.2905526
0.2905526
0.2905526
0.30097353
0.30152202
0.30412725
0.30810365
0.3075552
0.3160565
0.36144248
0.33964074
0.36747566
0.3972302
0.41190183
0.39435074
0.42067736
0.41683805
0.41642672
0.4162896
0.42821884
0.44220486
0.43822843
0.4386398
0.4402852
0.44124502
0.44508433
0.4457699
0.4439874
0.44467297
0.44453585
0.45619085
0.44535857
0.463321
0.45468256
0.45427123
0.4741533
0.47319347
0.4740162
0.47607294
0.48896202
0.50692445
0.5013026
0.5091183
0.5115864
0.51528865
0.5310572
0.5251611
0.53914714
0.53873575
0.5443576
0.5527218
0.5481969
0.5512135
0.5566982
0.5513506
0.55011654
0.56245714
0.55546415
0.5580694
0.55779517
0.56547374
0.5588921
0.56149733
0.5656109
0.5636912
0.5598519
0.56040037
0.56629646
0.5616344
0.5641026
0.5616344
0.56698203
0.56945014
0.5690388
0.57040995
0.5712327
0.5813794
0.5854929
0.5754833
0.577403
0.5795969
0.58878374
0.58425885
0.5834362
0.5959139
0.5923488
0.6035925
0.60153574
0.6156589
0.60948855
0.61181957
0.61703
0.62032086
0.62128067
0.6264911
0.6211436
0.62923354
0.6252571
0.6296449
0.6270396
0.63581514
0.63430685
0.63320994
0.631016
0.63951737
0.6463732
0.6522693
0.6493898
0.64020294
0.6448649
0.64843
0.6599479
0.6583025
0.6587138
0.6637872
0.66543263
0.6710544
0.66639245
0.6640614
0.6755793
0.6801042
0.68024135
0.677499
0.6780474
0.68078977
0.690388
0.6943645
0.68956536
0.6934046
0.69422734
0.69354177
0.6907994
0.68956536
0.6958728
0.6917592
0.6987522
0.6999863
0.7014946
0.7046483
0.70053476
0.6932675
0.7028658
0.7046483
0.7028658
0.70204306
0.7056081
0.70793915
0.71794873
0.6968326
0.70793915
0.7043741
0.7226107
0.7091732
0.70300287
0.7047854
0.7108186
0.7154806
0.7072535
0.71506923
0.7291924
0.7154806
0.7296037
0.7184972
0.7309749
0.73920196
0.7408474
0.7335802
0.71945703
0.73961335
0.7339915
0.74071026
0.7360483
0.7418072
0.7386535
0.74770325
0.7440011
0.74756616
0.74413824
0.7459207
0.7498972
0.7540107
0.7478404
0.7577129
0.74976003
0.7593583
0.7538736
0.7533251
0.7641574
0.7633347
0.76155216
0.7529138
0.7647059
0.7662142
0.76456875
0.76251197
0.7679967
0.76402026
0.7631976
0.75702727
0.77087617
0.7603181
0.7631976
0.7710133
0.77128756
0.7736185
0.7748526
0.7707391
0.76456875
0.7726587
0.7760867
0.769505
0.774167
0.7725216
0.77293295
0.7760867
0.7762238
0.77732074
0.7780063
0.77828056
0.7730701
0.7725216
0.77046484
0.78074867
0.77992594
0.77924037
0.77978885
0.78239405
0.77540106
0.7802002
0.7840395
0.7863705
0.78294253
0.7832168
0.783491
0.78280544
0.78376526
0.7859591
0.7825312
0.78472507
0.78294253
0.77636087
0.7826683
0.78774166
0.7825312
0.7870561
0.78239405
0.78774166
0.7830797
0.7870561
0.7789661
0.78472507
0.7785548
0.7888386
0.7900727
0.7933635
0.79130673
0.7888386
0.7817085
0.79062116
0.7889757
0.79212946
0.7950089
0.78691894
0.7874674
0.791581
0.79171807
0.7948718
0.79212946
0.7940491
0.79569453
0.79363775
0.79569453
0.7958316
0.79212946
0.79473466
0.7948718
0.78911287
0.7954203
0.7955574
0.79226655
0.78815305
0.79514605
0.79377484
0.79665434
0.7972028
0.7902098
0.79829973
0.8002194
0.7870561
0.79473466
0.79967093
0.7935006
0.7969286
0.790484
0.7914438
0.7950089
0.7989853
0.7989853
0.7965172
0.7988482
0.7987111
0.7980255
0.7972028
0.79912245
0.7993967
0.8002194
0.7933635
0.7969286
0.7899355
0.79528314
0.7930893
0.7988482
0.7989853
0.80063075
0.79761416
0.7948718
0.7978884
0.79925954
0.8004936
0.79761416
0.79528314
0.79665434
0.8013163
0.7930893
0.79528314
0.80117923
0.80159056
0.7910325
0.7948718
0.80213904
0.80076784
0.8028246
0.8018648
0.8041958
0.80460715
0.797477
0.80611545
0.80447006
0.8033731
0.80227613
0.8026875
0.8004936
0.8052927
0.8025504
0.7900727
0.8043329
0.79665434
0.8048814
0.8047443
0.8057041
0.8069382
0.8033731
0.80597836
0.8054299
0.80611545
0.79925954
0.80008227
0.806801
0.8058412
0.7999452
0.8035102
0.8058412
0.80117923
0.8063897
0.7980255
0.8002194
0.8069382
0.80515563
0.7993967
0.80597836
0.8073495
0.80063075
0.8054299
0.8048814
0.80460715
0.8028246
0.79761416
0.7995338
0.8033731
0.7930893
0.8083093
0.80913204
0.8080351
0.80447006
0.80159056
0.8092692
0.8050185
0.8013163
0.8063897
0.807898
0.8033731
0.8052927
0.8058412
0.8062526
0.8040587
0.8095434
0.80364734
0.80844647
0.798574
0.8024133
0.8002194
0.79829973
0.80296177
0.80309886
0.8054299
0.7988482
0.803236
0.8033731
0.79912245
0.80076784
0.8039216
0.8028246
0.8003565
0.7972028
0.810229
0.7965172
0.8026875
0.8096805
0.8024133
0.8073495
0.80666393
0.80447006
0.80556697
0.8063897
0.8065268
0.8002194
0.8040587
0.7999452
0.7978884
0.80159056
0.7993967
0.7972028
0.8047443
0.7980255
0.80364734
0.7993967
0.79679143
0.806801
0.8025504
0.799808
0.8018648
0.800905
0.8107775
0.8047443
0.8025504
0.8092692
0.8018648
0.80008227
0.80364734
0.7995338
0.8035102
0.80227613
0.8087207
0.8013163
0.80227613
0.8002194
0.8024133
0.79912245
0.8026875
0.8065268
0.803236
0.8063897
0.8039216
0.8083093
0.7980255
0.8026875
0.8025504
0.8013163
0.8043329
0.8048814
0.80364734
0.8033731
0.7993967
0.8039216
0.80159056
0.8020019
0.800905
0.80213904
0.80309886
0.8058412
0.8025504
0.80364734
0.7999452
0.800905
0.8033731
0.8048814
0.8010421
0.8020019
0.8004936
0.8041958
0.8024133
0.8004936
0.79925954
0.80227613
0.80666393
0.7999452
0.803236
0.8035102
0.8024133
0.8020019
0.8050185
0.80213904
0.8028246
0.8039216
0.8057041
0.8024133
0.80611545
0.8088578
0.80611545
0.8050185
0.80556697
0.80597836
0.80460715
0.8035102
0.8040587
0.8018648
0.803236
0.80447006
0.80296177
0.8014535
0.8025504
0.807898
0.8043329
0.8050185
0.8041958
0.8069382
0.8010421
0.80762374
0.8028246
0.8073495
0.8052927
0.8035102
0.8020019
0.803236
0.8010421
0.80364734
0.8010421
0.80748665
0.80378443
0.8020019
0.8013163
0.8010421
0.80515563
0.80309886
0.80227613
0.8072124
0.80227613
0.80117923
0.80213904
0.8054299
0.8018648
0.8057041
0.8025504
0.80309886
0.80227613
0.8024133
0.8028246
0.8026875
0.8095434
0.80748665
0.80296177
0.8088578
0.803236
0.8041958
0.8096805
0.8047443
0.806801
0.8043329
0.8048814
0.8057041
0.8054299
0.8080351
0.8062526
0.806801
0.8088578
0.80707526
0.806801
0.80748665
0.81393117
0.8087207
0.80899495
0.81146306
0.8080351
0.80858356
0.81105167
0.8092692
0.81214863
0.80858356
0.8107775
0.8103661
0.80995476
0.8083093
0.8095434
0.81009185
0.81681067
0.8092692
0.81105167
0.810229
0.8103661
0.8133827
0.8111888
0.81064034
0.810229
0.8128342
0.8103661
0.81543946
0.81351984
0.8117373
0.81105167
0.8136569
0.81612504
0.8096805
0.8132456
0.8107775
0.81105167
0.81009185
0.8111888
0.81393117
0.81708485
0.8118744
0.8113259
0.8109146
0.81146306
0.81214863
0.81201154
0.8111888
0.8113259
0.81612504
0.8173591
0.8111888
0.81201154
0.81255996
0.8126971
0.8124229
0.81393117
0.8128342
0.81214863
0.8124229
0.8158508
0.81612504
0.8173591
0.8162622
0.8157137
0.8179076
0.8173591
0.8151652
0.8147539
0.8136569
0.8147539
0.81502813
0.81393117
0.81557655
0.8147539
0.81612504
0.8158508
0.8173591
0.8166735
0.8173591
0.8163993
0.81598794
0.81406826
0.8158508
0.82229537
0.81763333
0.8225696
0.8163993
0.8192788
0.817222
0.8211984
0.82133555
0.8225696
0.8225696
0.819553
0.81831896
0.81982726
0.82380366
0.8179076
0.8210613
0.82394075
0.8188674
0.8192788
0.8191416
0.81941587
0.8187303
0.8221582
0.81941587
0.82284385
0.81996435
0.824215
0.824215
0.81996435
0.82133555
0.81996435
0.8206499
0.824215
0.8221582
0.82160974
0.82544905
0.8191416
0.8255862
0.8221582
0.82544905
0.82311803
0.82448924
0.8251748
0.8236665
0.8210613
0.82051283
0.8247635
0.8206499
0.8227067
0.8232552
0.8225696
0.8250377
0.824215
0.82586044
0.821884
0.8220211
0.8235294
0.82531196
0.8261346
0.82531196
0.82490057
0.82544905
0.8262718
0.8257233
0.8225696
0.8232552
0.82682025
0.82531196
0.82298094
0.8235294
0.82160974
0.82586044
0.8247635
0.82531196
0.8240779
0.82599753
0.82544905
0.8262718
0.82284385
0.8225696
0.82435215
0.82544905
0.8255862
0.8236665
0.8246263
0.8246263
0.82380366
0.8251748
0.8250377
0.8246263
0.82682025
0.82490057
0.8257233
0.8257233
0.82791716
0.82599753
0.8250377
0.82394075
0.8262718
0.8255862
0.8255862
0.82586044
0.8272316
0.82448924
0.8266831
0.82448924
0.82490057
0.82394075
0.8246263
0.8251748
0.8266831
0.8240779
0.82394075
0.8261346
0.82435215
0.82490057
0.8261346
0.8275058
0.82544905
0.826546
0.82490057
0.82531196
0.82544905
0.82682025
0.8251748
0.8287399
0.82791716
0.82791716
0.82586044
0.82586044
0.82791716
0.82736874
0.82586044
0.8261346
0.82586044
0.8255862
0.8257233
0.82586044
0.8261346
0.826546
0.8276429
0.82586044
0.82599753
0.8262718
0.8270945
0.8261346
0.8276429
0.8257233
0.8255862
0.8287399
0.82586044
0.8257233
0.82544905
0.82640886
0.8261346
0.8287399
0.82599753
0.8262718
0.8262718
0.82586044
0.8261346
0.82778007
0.8272316
0.8275058
0.8280543
0.82544905
0.82544905
0.8262718
0.82778007
0.82736874
0.82736874
0.82531196
0.8281914
0.82736874
0.8286028
0.8255862
0.82942545
0.8257233
0.8272316
0.82778007
0.8255862
0.8257233
0.8280543
0.8270945
0.82887703
0.8290141
0.82736874
0.8272316
0.8262718
0.8287399
0.8281914
0.826546
0.82736874
0.8287399
0.8276429
0.8281914
0.8262718
0.8261346
0.82599753
0.8261346
0.8287399
0.826546
0.82736874
0.82736874
0.82887703
0.82846564
0.8290141
0.82736874
0.8261346
0.82928836
0.826546
0.82531196
0.8262718
0.8280543
0.82942545
0.8272316
0.82846564
0.8286028
0.8301111
0.83079666
0.82736874
0.8321678
0.82832855
0.8291512
0.826546
0.82983685
0.82736874
0.82640886
0.82846564
0.82778007
0.8281914
0.8272316
0.8272316
0.82640886
0.8295626
0.826546
0.82942545
0.8295626
0.8275058
0.826546
0.82846564
0.8257233
0.8262718
0.82682025
0.82586044
0.82682025
0.8272316
0.82791716
0.8286028
0.8280543
0.82997394
0.82832855
0.8262718
0.82586044
0.8296997
0.83134514
0.8262718
0.8257233
0.82599753
0.8270945
0.8276429
0.826546
0.82832855
0.8316194
0.8306595
0.8310709
0.8306595
0.82791716
0.82586044
0.82832855
0.83093375
0.82640886
0.82736874
0.82928836
0.82887703
0.82682025
0.82928836
0.83079666
0.8290141
0.82791716
0.82736874
0.82928836
0.8291512
0.8270945
0.82791716
0.82695735
0.8276429
0.8276429
0.8295626
0.82599753
0.8295626
0.8295626
0.8291512
0.83148223
0.8280543
0.83093375
0.82778007
0.8281914
0.8320307
0.83093375
0.82942545
0.82983685
0.8280543
0.8310709
0.831208
0.8310709
0.8262718
0.83079666
0.8306595
0.82778007
0.82997394
0.82846564
0.82832855
0.82682025
0.8291512
0.8317565
0.8281914
0.82928836
0.8306595
0.82983685
0.82791716
0.8310709
0.831208
0.8275058
0.83244205
0.82997394
0.83134514
0.83134514
0.82682025
0.83093375
0.82887703
0.83079666
0.83134514
0.83079666
0.831208
0.83148223
0.8296997
0.831208
0.831208
0.8296997
0.8306595
0.8291512
0.8306595
0.8280543
0.8281914
0.8296997
0.831208
0.8306595
0.8295626
0.8287399
0.82778007
0.8310709
0.83230495
0.8303853
0.8306595
0.83093375
0.8303853
0.8280543
0.8310709
0.82928836
0.8280543
0.82942545
0.8272316
0.83079666
0.8305224
0.8270945
0.82791716
0.8305224
0.82997394
0.82832855
0.8306595
0.8316194
0.8276429
0.8303853
0.8301111
0.8303853
0.8306595
0.8302482
0.8305224
0.8302482
0.826546
0.8301111
0.8296997
0.8301111
0.8295626
0.8296997
0.82997394
0.8287399
0.82983685
0.82983685
0.8286028
0.8281914
0.8301111
0.8280543
0.8301111
0.8295626
0.82997394
0.82942545
0.82832855
0.8291512
0.82983685
0.82846564
0.8296997
0.82887703
0.8295626
0.82791716
0.83079666
0.83079666
0.8317565
0.8303853
0.83093375
0.8301111
0.8336761
0.831208
0.8305224
0.8303853
0.8318936
0.83134514
0.83134514
0.8305224
0.8303853
0.8316194
0.83148223
0.83093375
0.83093375
0.8302482
0.8317565
0.8296997
0.8317565
0.83134514
0.83079666
0.8302482
0.8305224
0.8306595
0.8305224
0.83134514
0.83079666
0.8317565
0.8306595
0.8310709
0.83148223
0.83381325
0.8327163
0.8305224
0.8331277
0.8320307
0.83285344
0.8317565
0.83079666
0.8301111
0.8336761
0.834636
0.83134514
0.8334019
0.8325792
0.8329905
0.8306595
0.8321678
0.8357329
0.83230495
0.83244205
0.83093375
0.8320307
0.8351844
0.8318936
0.83230495
0.8329905
0.8317565
0.83436173
0.8334019
0.8327163
0.83244205
0.83244205
0.83093375
0.8336761
0.8320307
0.8320307
0.83230495
0.83285344
0.83326477
0.8320307
0.833539
0.83395034
0.83326477
0.8331277
0.8318936
0.834636
0.8340875
0.83230495
0.8320307
0.8336761
0.8349102
0.8329905
0.8317565
0.8320307
0.8342246
0.83532155
0.8303853
0.8365556
0.8329905
0.83285344
0.8364185
0.8329905
0.8344988
0.83395034
0.83285344
0.833539
0.8366927
0.8360071
0.8342246
0.8344988
0.8331277
0.83381325
0.8320307
0.83381325
0.83381325
0.8360071
0.833539
0.83545864
0.83682984
0.8349102
0.8331277
0.8344988
0.83436173
0.83381325
0.8342246
0.83381325
0.83532155
0.83765256
0.8355958
0.8350473
0.8331277
0.8355958
0.83148223
0.8317565
0.8350473
0.8340875
0.8336761
0.8360071
0.83587
0.83477306
0.8351844
0.8373783
0.8344988
0.8351844
0.8366927
0.8375154
0.8365556
0.83765256
0.8357329
0.83696693
0.8351844
0.83765256
0.8351844
0.8364185
0.83778965
0.8386124
0.838201
0.8373783
0.8372412
0.833539
0.8375154
0.8365556
0.8384752
0.8384752
0.83696693
0.8350473
0.8340875
0.8366927
0.83587
0.8329905
0.8355958
0.83682984
0.8388866
0.834636
0.83436173
0.8375154
0.83778965
0.83682984
0.8366927
0.8360071
0.83532155
0.8379268
0.838201
0.83545864
0.8364185
0.8384752
0.83929795
0.8379268
0.83682984
0.8380639
0.8379268
0.8379268
0.8388866
0.83778965
0.8375154
0.8371041
0.8372412
0.8373783
0.8373783
0.8379268
0.83682984
0.8366927
0.838201
0.8373783
0.8379268
0.8373783
0.83778965
0.838201
0.8371041
0.8371041
0.8365556
0.8372412
0.83765256
0.8379268
0.83778965
0.83778965
0.83587
0.83532155
0.83696693
0.8375154
0.8372412
0.8371041
0.83682984
0.8373783
0.8344988
0.8372412
0.8371041
0.83682984
0.8364185
0.8373783
0.83833814
0.83614427
0.8372412
0.83696693
0.8365556
0.8371041
0.83587
0.83532155
0.8373783
0.8364185
0.83587
0.83696693
0.8365556
0.83628136
0.83587
0.8371041
0.8351844
0.83614427
0.83682984
0.83545864
0.83696693
0.83682984
0.83587
0.8365556
0.83696693
0.83628136
0.83682984
0.83587
0.83532155
0.8364185
0.8364185
0.8365556
0.8366927
0.8364185
0.83696693
0.83614427
0.83682984
0.8351844
0.8364185
0.83628136
0.83628136
0.83614427
0.83545864
0.83628136
0.8364185
0.8342246
0.8364185
0.83532155
0.8364185
0.83628136
0.83614427
0.8360071
0.8360071
0.8342246
0.8364185
0.8366927
0.8364185
0.8357329
0.83614427
0.8372412
0.8365556
0.83587
0.8365556
0.83545864
0.8365556
0.83628136
0.83614427
0.8371041
0.8375154
0.83628136
0.8364185
0.8366927
0.8371041
0.8366927
0.8365556
0.8364185
0.83682984
0.83628136
0.83614427
0.8364185
0.8364185
0.8366927
0.83628136
0.83587
0.83682984
0.8360071
0.8360071
0.83587
0.83614427
0.83614427
0.8364185
0.83628136
0.8364185
0.83614427
0.83614427
0.83545864
0.83682984
0.83614427
0.83587
0.8349102
0.8364185
0.8355958
0.83628136
0.8357329
0.8355958
0.834636
0.83587
0.8364185
0.8357329
0.8373783
0.8365556
0.83614427
0.8372412
0.8364185
0.8371041
0.8365556
0.83614427
0.8366927
0.83696693
0.8357329
0.8371041
0.8373783
0.83682984
0.8366927
0.8365556
0.8372412
0.8372412
0.83682984
0.83765256
0.83628136
0.8371041
0.8372412
0.83696693
0.8375154
0.8373783
0.83682984
0.8372412
0.8375154
0.8372412
0.8360071
0.83532155
0.83696693
0.8372412
0.8366927
0.8375154
0.8372412
0.83696693
0.8373783
0.8371041
0.8373783
0.83628136
0.8371041
0.8366927
0.8364185
0.8373783
0.8371041
0.8366927
0.8365556
0.83682984
0.83628136
0.83682984
0.83628136
0.8355958
0.83614427
0.8355958
0.83545864
0.8365556
0.8364185
0.83614427
0.83628136
0.8364185
0.8366927
0.8357329
0.8366927
0.8360071
0.83696693
0.83628136
0.83696693
0.8371041
0.83628136
0.8373783
0.83765256
0.8366927
0.83614427
0.8360071
0.8365556
0.8365556
0.83682984
0.8371041
0.8371041
0.83696693
0.83696693
0.8375154
0.8372412
0.8373783
0.83765256
0.8372412
0.8373783
0.8371041
0.83682984
0.8364185
0.83614427
0.83682984
0.83682984
0.83614427
0.83696693
0.8366927
0.83696693
0.8364185
0.8365556
0.83682984
0.8366927
0.8365556
0.8365556
0.8360071
0.83682984
0.8366927
0.83614427
0.83682984
0.83587
0.8351844
0.83614427
0.83628136
0.8355958
0.83628136
0.8364185
0.83628136
0.83614427
0.83614427
0.83587
0.83614427
0.8360071
0.8350473
0.8365556
0.8364185
0.8364185
0.8366927
0.8371041
0.8364185
0.8364185
0.8365556
0.8357329
0.8360071
0.8355958
0.83614427
0.83532155
0.83545864
0.8355958
0.8357329
0.83545864
0.83545864
0.83545864
0.83614427
0.83614427
0.8357329
0.8355958
0.8355958
0.8360071
0.8355958
0.8360071
0.83587
0.83545864
0.8360071
0.83532155
0.83587
0.8349102
0.8360071
0.83477306
0.8360071
0.83545864
0.8357329
0.8355958
0.834636
0.8364185
0.8344988
0.83545864
0.8351844
0.8351844
0.8340875
0.8340875
0.83436173
0.83532155
0.8360071
0.83587
0.8342246
0.8344988
0.834636
0.83587
0.83436173
0.83436173
0.83545864
0.834636
0.8340875
0.834636
0.83587
0.83545864
0.834636
0.83614427
0.834636
0.8340875
0.83532155
0.83587
0.8351844
0.8340875
0.83436173
0.83545864
0.83532155
0.8344988
0.83395034
0.8350473
0.8344988
0.83587
0.83477306
0.83381325
0.8342246
0.8342246
0.83395034
0.8355958
0.8342246
0.83477306
0.83477306
0.83436173
0.8342246
0.83436173
0.8342246
0.83395034
0.8350473
0.83477306
0.8349102
0.834636
0.834636
0.834636
0.83436173
0.83395034
0.83395034
0.8344988
0.83381325
0.83395034
0.834636
0.8351844
0.83477306
0.8342246
0.8350473
0.8344988
0.83395034
0.83545864
0.83395034
0.83381325
0.83381325
0.8340875
0.834636
0.83395034
0.83395034
0.8344988
0.83395034
0.83381325
0.83395034
0.83395034
0.8340875
0.83395034
0.8340875
0.83395034
0.83381325
0.83381325
0.83436173
0.8336761
0.83381325
0.8336761
0.83381325
0.8344988
0.8344988
0.83381325
0.83395034
0.8336761
0.8336761
0.8336761
0.8336761
0.83436173
0.83381325
0.8342246
0.8342246
0.83381325
0.833539
0.83395034
0.83395034
0.83381325
0.8336761
0.83395034
0.83477306
0.83395034
0.83395034
0.8336761
0.8334019
0.8336761
0.833539
0.8336761
0.8349102
0.83381325
0.83381325
0.8336761
0.833539
0.8336761
0.83381325
0.8336761
0.8336761
0.8334019
0.83381325
0.8336761
0.833539
0.8334019
0.8336761
0.8336761
0.83381325
0.833539
0.833539
0.8334019
0.8334019
0.8336761
0.8329905
0.8334019
0.833539
0.8334019
0.8331277
0.833539
0.833539
0.8336761
0.8336761
0.83381325
0.8334019
0.833539
0.833539
0.8334019
0.83326477
0.8336761
0.833539
0.8334019
0.8336761
0.8331277
0.8329905
0.8329905
0.8334019
0.833539
0.8329905
0.83244205
0.83326477
0.8331277
0.833539
0.8334019
0.8334019
0.83326477
0.8334019
0.8331277
0.8331277
0.8336761
0.8334019
0.83326477
0.833539
0.8334019
0.8334019
0.833539
0.833539
0.8329905
0.83230495
0.8331277
0.8329905
0.8329905
0.8331277
0.8331277
0.83285344
0.8329905
0.8329905
0.8329905
0.83285344
0.83285344
0.8334019
0.83326477
0.8321678
0.83326477
0.8334019
0.8329905
0.833539
0.8331277
0.83326477
0.8329905
0.8329905
0.8325792
0.83285344
0.83285344
0.83285344
0.83244205
0.8325792
0.83285344
0.83285344
0.8325792
0.83230495
0.83230495
0.8327163
0.83244205
0.83285344
0.83285344
0.8327163
0.8325792
0.8320307
0.8331277
0.83285344
0.83285344
0.83230495
0.8321678
0.8318936
0.8327163
0.83285344
0.8327163
0.83285344
0.8318936
0.83285344
0.83285344
0.8318936
0.8318936
0.83230495
0.8320307
0.8327163
0.8318936
0.83285344
0.8320307
0.83230495
0.8325792
0.83285344
0.83285344
0.8325792
0.8317565
0.8327163
0.8320307
0.83244205
0.8321678
0.8321678
0.83244205
0.8325792
0.8325792
0.83230495
0.8320307
0.8327163
0.8320307
0.8320307
0.83230495
0.8318936
0.8320307
0.8316194
0.83285344
0.83244205
0.8317565
0.8317565
0.8317565
0.8321678
0.8318936
0.8318936
0.8317565
0.8318936
0.8327163
0.83244205
0.8321678
0.83148223
0.8321678
0.8321678
0.8318936
0.83134514
0.8320307
0.83230495
0.8320307
0.8325792
0.83148223
0.83244205
0.8318936
0.8317565
0.8325792
0.8318936
0.83148223
0.8316194
0.8320307
0.8318936
0.8316194
0.83134514
0.831208
0.8310709
0.8310709
0.8320307
0.831208
0.8316194
0.831208
0.8317565
0.8320307
0.8316194
0.8316194
0.8316194
0.8316194
0.83230495
0.8317565
0.8318936
0.8318936
0.8316194
0.8318936
0.83134514
0.8317565
0.8320307
0.8316194
0.8320307
0.8317565
0.83148223
0.8316194
0.83148223
0.8321678
0.8317565
0.8320307
0.8318936
0.83134514
0.8317565
0.83134514
0.8320307
0.83148223
0.8310709
0.83093375
0.83093375
0.83134514
0.83093375
0.83079666
0.8306595
0.83134514
0.83148223
0.83148223
0.83079666
0.8316194
0.8310709
0.8317565
0.83148223
0.83079666
0.831208
0.8316194
0.8317565
0.8317565
0.8310709
0.8317565
0.83148223
0.8316194
0.83093375
0.8317565
0.8310709
0.83148223
0.83148223
0.8318936
0.8317565
0.831208
0.83148223
0.8310709
0.8316194
0.831208
0.83093375
0.8317565
0.83093375
0.83079666
0.83093375
0.8306595
0.8317565
0.8316194
0.83148223
0.83148223
0.8310709
0.8316194
0.8317565
0.8310709
0.83093375
0.83093375
0.8306595
0.83093375
0.83134514
0.8306595
0.8316194
0.8303853
0.8306595
0.83093375
0.83134514
0.83079666
0.8317565
0.83093375
0.8317565
0.83079666
0.83148223
0.8310709
0.83079666
0.83134514
0.8306595
0.83093375
0.83079666
0.8310709
0.8306595
0.8306595
0.83093375
0.83079666
0.8316194
0.831208
0.8305224
0.8320307
0.8306595
0.831208
0.8305224
0.8306595
0.8318936
0.8305224
0.8305224
0.83079666
0.8306595
0.8306595
0.83093375
0.8306595
0.8303853
0.8306595
0.8306595
0.8303853
0.8303853
0.8305224
0.8303853
0.8306595
0.8305224
0.83079666
0.8303853
0.8303853
0.8303853
0.8301111
0.8305224
0.83134514
0.8302482
0.8306595
0.8303853
0.83079666
0.8303853
0.8306595
0.83148223
0.8302482
0.8303853
0.8305224
0.8302482
0.8306595
0.83079666
0.8305224
0.8306595
0.8303853
0.8305224
0.8301111
0.8303853
0.8302482
0.8303853
0.8301111
0.8305224
0.8303853
0.8303853
0.8303853
0.8305224
0.83093375
0.8303853
0.8302482
0.8305224
0.8303853
0.8301111
0.8305224
0.8303853
0.8305224
0.8305224
0.8302482
0.8303853
0.8305224
0.8302482
0.8301111
0.8302482
0.8296997
0.8302482
0.8302482
0.8303853
0.8303853
0.8305224
0.8302482
0.8302482
0.8305224
0.8303853
0.8303853
0.8303853
0.8302482
0.82983685
0.82997394
0.8301111
0.8302482
0.8301111
0.82997394
0.8303853
0.8302482
0.8301111
0.82983685
0.8296997
0.8301111
0.82983685
0.8302482
0.82997394
0.8303853
0.8301111
0.8303853
0.8305224
0.8303853
0.8302482
0.8291512
0.8302482
0.82983685
0.82983685
0.82983685
0.8302482
0.82997394
0.8302482
0.8302482
0.8303853
0.82997394
0.82983685
0.82997394
0.8301111
0.8301111
0.8302482
0.8302482
0.8302482
0.8296997
0.82983685
0.82997394
0.8301111
0.82983685
0.8303853
0.8301111
0.82997394
0.8301111
0.8303853
0.82997394
0.8302482
0.8305224
0.82997394
0.82983685
0.8295626
0.82983685
0.82997394
0.82997394
0.8295626
0.82997394
0.82997394
0.82983685
0.8295626
0.82997394
0.82983685
0.82997394
0.8301111
0.8302482
0.82983685
0.82997394
0.82997394
0.8296997
0.82928836
0.82983685
0.82928836
0.82983685
0.82983685
0.82983685
0.82997394
0.8296997
0.8302482
0.8296997
0.8302482
0.82997394
0.82928836
0.82942545
0.82928836
0.82887703
0.8296997
0.8302482
0.82983685
0.82997394
0.82983685
0.82997394
0.8302482
0.82983685
0.8296997
0.8296997
0.82983685
0.8301111
0.8301111
0.82997394
0.82942545
0.8290141
0.82942545
0.8291512
0.82997394
0.8295626
0.8291512
0.8291512
0.8301111
0.8301111
0.82983685
0.8296997
0.8295626
0.82983685
0.82983685
0.82928836
0.8296997
0.8295626
0.8296997
0.82942545
0.8296997
0.82983685
0.8301111
0.82928836
0.82887703
0.8290141
0.8295626
0.82928836
0.82928836
0.8290141
0.8295626
0.8296997
0.8291512
0.8296997
0.82997394
0.82997394
0.82887703
0.8291512
0.8291512
0.8291512
0.82887703
0.82928836
0.8295626
0.82887703
0.8290141
0.8290141
0.82983685
0.82942545
0.82928836
0.8291512
0.82887703
0.8290141
0.8280543
0.8287399
0.82928836
0.8290141
0.8290141
0.8286028
0.82928836
0.8295626
0.8287399
0.82928836
0.8296997
0.82791716
0.8286028
0.8287399
0.8291512
0.8286028
0.82887703
0.8287399
0.8286028
0.8280543
0.8286028
0.8290141
0.8290141
0.82832855
0.82846564
0.82846564
0.82846564
0.8291512
0.82942545
0.82887703
0.82983685
0.8280543
0.8291512
0.82832855
0.82928836
0.82983685
0.82832855
0.8287399
0.82778007
0.8281914
0.8291512
0.8281914
0.82928836
0.82887703
0.8290141
0.8291512
0.8281914
0.82832855
0.82832855
0.8287399
0.82983685
0.82778007
0.82846564
0.82887703
0.8286028
0.82928836
0.8280543
0.82778007
0.82887703
0.8280543
0.82846564
0.8287399
0.82791716
0.82887703
0.8281914
0.8281914
0.82832855
0.8281914
0.8281914
0.8280543
0.82832855
0.8280543
0.82791716
0.8286028
0.8286028
0.8281914
0.8276429
0.8281914
0.8280543
0.82832855
0.82846564
0.8276429
0.8280543
0.82778007
0.8276429
0.82778007
0.82736874
0.82778007
0.8280543
0.82791716
0.82778007
0.82791716
0.8275058
0.8280543
0.82736874
0.82778007
0.82791716
0.8276429
0.82778007
0.82778007
0.82791716
0.82778007
0.8281914
0.82791716
0.82791716
0.8276429
0.8280543
0.82791716
0.8280543
0.8281914
0.8276429
0.8280543
0.82791716
0.82791716
0.8276429
0.8276429
0.82832855
0.82791716
0.8280543
0.8280543
0.8280543
0.82832855
0.82778007
0.82778007
0.82791716
0.8276429
0.8281914
0.8276429
0.82791716
0.8276429
0.8276429
0.82791716
0.8280543
0.82791716
0.8280543
0.8276429
0.8276429
0.8270945
0.82791716
0.82778007
0.8275058
0.8276429
0.82778007
0.82791716
0.82778007
0.82791716
0.8280543
0.82832855
0.8280543
0.8275058
0.8276429
0.8280543
0.82778007
0.8275058
0.82791716
0.8276429
0.8280543
0.82778007
0.8280543
0.8276429
0.8280543
0.82778007
0.8281914
0.82832855
0.82778007
0.8281914
0.8275058
0.8280543
0.8275058
0.8280543
0.8275058
0.8275058
0.82791716
0.8275058
0.8280543
0.8272316
0.82791716
0.82778007
0.82736874
0.8270945
0.8275058
0.8275058
0.82778007
0.8270945
0.8275058
0.82791716
0.82778007
0.8275058
0.8275058
0.82791716
0.8280543
0.8276429
0.8275058
0.82778007
0.82736874
0.8272316
0.82736874
0.8275058
0.82736874
0.82736874
0.8280543
0.82778007
0.82695735
0.8275058
0.8276429
0.8280543
0.82736874
0.8275058
0.8280543
0.82736874
0.8275058
0.82736874
0.8276429
0.8272316
0.8275058
0.8275058
0.82736874
0.8276429
0.8275058
0.8276429
0.82778007
0.8276429
0.8275058
0.82778007
0.82791716
0.8275058
0.82736874
0.82736874
0.8275058
0.8275058
0.8280543
0.82791716
0.8275058
0.8275058
0.82791716
0.82778007
0.8280543
0.8276429
0.8275058
0.82778007
0.8275058
0.8275058
0.82736874
0.82736874
0.82736874
0.8275058
0.82791716
0.8275058
0.82778007
0.82778007
0.8276429
0.8275058
0.8276429
0.82778007
0.8276429
0.8276429
0.8275058
0.8276429
0.8276429
0.8275058
0.82791716
0.8276429
0.8276429
0.8276429
0.8280543
0.8275058
0.8276429
0.82778007
0.8275058
0.8276429
0.8276429
0.8272316
0.8275058
0.82736874
0.8275058
0.8276429
0.8275058
0.82778007
0.8276429
0.8276429
0.8276429
0.8280543
0.8276429
0.8276429
0.8276429
0.8276429
0.82778007
0.82736874
0.8276429
0.8276429
0.8275058
0.82736874
0.8275058
0.82736874
0.8275058
0.82736874
0.82736874
0.82736874
0.82736874
0.82736874
0.82736874
0.8270945
0.82736874
0.8275058
0.8272316
0.8276429
0.82736874
0.8272316
0.82736874
0.8275058
0.82736874
0.82736874
0.8272316
0.8275058
0.8276429
0.8275058
0.82778007
0.8270945
0.8275058
0.8275058
0.8270945
0.8275058
0.82736874
0.82736874
0.82736874
0.82736874
0.8275058
0.8272316
0.82736874
0.82736874
0.8275058
0.82736874
0.8272316
0.8270945
0.8272316
0.82736874
0.82736874
0.8272316
0.8272316
0.8272316
0.8275058
0.8272316
0.82736874
0.8270945
0.82640886
0.8272316
0.8275058
0.8272316
0.8270945
0.8275058
0.82695735
0.8270945
0.82736874
0.8275058
0.8272316
0.82695735
0.8275058
0.82791716
0.8272316
0.8270945
0.82832855
0.8275058
0.8270945
0.8272316
0.82736874
0.8266831
0.8281914
0.8275058
0.82791716
0.8281914
0.82695735
0.82778007
0.82736874
0.82791716
0.8280543
0.8280543
0.8270945
0.8276429
0.8272316
0.82791716
0.8270945
0.82695735
0.8272316
0.82778007
0.8276429
0.82778007
0.8280543
0.8280543
0.8280543
0.8276429
0.8280543
0.8276429
0.82791716
0.8270945
0.82778007
0.8272316
0.8275058
0.82791716
0.82778007
0.8266831
0.82778007
0.8280543
0.82791716
0.82791716
0.8280543
0.82736874
0.82846564
0.82778007
0.8275058
0.8281914
0.82695735
0.8275058
0.82791716
0.82778007
0.8280543
0.82778007
0.82778007
0.8280543
0.8286028
0.8280543
0.8276429
0.82778007
0.82832855
0.82832855
0.82778007
0.8275058
0.82778007
0.8276429
0.8275058
0.8281914
0.82778007
0.8275058
0.8280543
0.82791716
0.8286028
0.82778007
0.82791716
0.8272316
0.82791716
0.8275058
0.8276429
0.82791716
0.8280543
0.82791716
0.8280543
0.8281914
0.8276429
0.82791716
0.8276429
0.8276429
0.82791716
0.82791716
0.8275058
0.82832855
0.82695735
0.82791716
0.82682025
0.82832855
0.82778007
0.82778007
0.82791716
0.82928836
0.8280543
0.8286028
0.82846564
0.8280543
0.82832855
0.8287399
0.82791716
0.82928836
0.826546
0.82846564
0.82791716
0.82778007
0.8276429
0.82832855
0.82942545
0.82846564
0.8291512
0.82983685
0.82997394
0.83079666
0.83079666
0.8301111
0.83134514
0.83079666
0.8310709
0.83093375
0.8310709
0.8305224
0.83093375
0.83093375
0.8310709
0.83093375
0.831208
0.83079666
0.83079666
0.8310709
0.83093375
0.8306595
0.8310709
0.83093375
0.83079666
0.83134514
0.8306595
0.83093375
0.83079666
0.83093375
0.8310709
0.83093375
0.83093375
0.83093375
0.83093375
0.83079666
0.83079666
0.831208
0.83093375
0.831208
0.8302482
0.83093375
0.83079666
0.8310709
0.8305224
0.83093375
0.8310709
0.831208
0.83079666
0.83093375
0.8301111
0.83093375
0.8296997
0.83093375
0.831208
0.8306595
0.83134514
0.8310709
0.83093375
0.83093375
0.83134514
0.8310709
0.8303853
0.8301111
0.8306595
0.8305224
0.8310709
0.83093375
0.8296997
0.8305224
0.82983685
0.8306595
0.83093375
0.82997394
0.83079666
0.83134514
0.8310709
0.8305224
0.8301111
0.8305224
0.8305224
0.8305224
0.8306595
0.8303853
0.8306595
0.8303853
0.8306595
0.83093375
0.8305224
0.83079666
0.8305224
0.8306595
0.8306595
0.8305224
0.8306595
0.8303853
0.8302482
0.8303853
0.83093375
0.8310709
0.831208
0.83079666
0.8303853
0.8302482
0.8306595
0.8305224
0.83093375
0.8306595
0.8302482
0.8305224
0.8306595
0.8305224
0.83093375
0.83093375
0.8306595
0.83093375
0.8306595
0.83079666
0.8301111
0.83093375
0.8305224
0.8305224
0.8301111
0.8306595
0.831208
0.8306595
0.8303853
0.8306595
0.8301111
0.8305224
0.83079666
0.8305224
0.83079666
0.8306595
0.831208
0.8310709
0.831208
0.83079666
0.83079666
0.8305224
0.831208
0.83079666
0.831208
0.8305224
0.831208
0.8305224
0.8305224
0.831208
0.83148223
0.83079666
0.8301111
0.8306595
0.8310709
0.83079666
0.8303853
0.8305224
0.83093375
0.83079666
0.8306595
0.83079666
0.8306595
0.8303853
0.8306595
0.8305224
0.8310709
0.83093375
0.8306595
0.83093375
0.8306595
0.831208
0.8310709
0.8306595
0.8316194
0.8306595
0.83093375
0.82997394
0.8305224
0.83093375
0.8310709
0.8310709
0.831208
0.83079666
0.8303853
0.8296997
0.8301111
0.8310709
0.8301111
0.8306595
0.83079666
0.8310709
0.8302482
0.831208
0.8305224
0.8306595
0.831208
0.83134514
0.8306595
0.83093375
0.8303853
0.8303853
0.8303853
0.8306595
0.8310709
0.831208
0.82997394
0.83134514
0.83093375
0.83079666
0.8306595
0.8310709
0.83079666
0.8302482
0.831208
0.8306595
0.8301111
0.83079666
0.83134514
0.8305224
0.8310709
0.83079666
0.83079666
0.8296997
0.83093375
0.83148223
0.8302482
0.8303853
0.8310709
0.8310709
0.83148223
0.8305224
0.83093375
0.8301111
0.83093375
0.83079666
0.83079666
0.8310709
0.82997394
0.8301111
0.8305224
0.83079666
0.83093375
0.8305224
0.831208
0.8306595
0.8303853
0.82997394
0.8305224
0.8306595
0.8310709
0.83079666
0.82942545
0.8310709
0.83093375
0.83093375
0.8306595
0.8306595
0.83079666
0.8306595
0.83079666
0.8302482
0.8310709
0.83079666
0.8301111
0.8310709
0.8303853
0.83079666
0.83093375
0.83079666
0.8310709
0.8305224
0.8305224
0.8301111
0.8301111
0.83079666
0.82997394
0.8302482
0.83079666
0.8295626
0.8301111
0.83148223
0.8302482
0.8306595
0.82983685
0.8303853
0.82997394
0.831208
0.8310709
0.8305224
0.8310709
0.83093375
0.8303853
0.82983685
0.83079666
0.83079666
0.8301111
0.8301111
0.83093375
0.8306595
0.8306595
0.8305224
0.8306595
0.8301111
0.83079666
0.8303853
0.8310709
0.82983685
0.8306595
0.8303853
0.8306595
0.8303853
0.8301111
0.8305224
0.8306595
0.83148223
0.83134514
0.8302482
0.8310709
0.82983685
0.8303853
0.8305224
0.8316194
0.83148223
0.83134514
0.83148223
0.8320307
0.8303853
0.8320307
0.83148223
0.82997394
0.8318936
0.8320307
0.83079666
0.8316194
0.8318936
0.83134514
0.83134514
0.83134514
0.83285344
0.831208
0.83244205
0.8325792
0.8325792
0.8321678
0.8318936
0.8329905
0.83285344
0.833539
0.8336761
0.833539
0.8327163
0.8327163
0.8331277
0.8321678
0.8325792
0.8325792
0.83285344
0.8331277
0.8329905
0.8327163
0.8329905
0.83285344
0.8325792
0.8327163
0.83285344
0.8329905
0.8329905
0.8334019
0.8327163
0.83326477
0.8325792
0.8327163
0.8329905
0.8329905
0.83285344
0.8334019
0.8331277
0.8325792
0.833539
0.8325792
0.83285344
0.83285344
0.83285344
0.83285344
0.83285344
0.83285344
0.8329905
0.8329905
0.83244205
0.8331277
0.8327163
0.83244205
0.83285344
0.8327163
0.8318936
0.8327163
0.8327163
0.8321678
0.8320307
0.8331277
0.8325792
0.8329905
0.83230495
0.8331277
0.8331277
0.8329905
0.8329905
0.83244205
0.83326477
0.8327163
0.8334019
0.83285344
0.8329905
0.8331277
0.8329905
0.83285344
0.83285344
0.8325792
0.8325792
0.8325792
0.8325792
0.83326477
0.8331277
0.83285344
0.8327163
0.8320307
0.8334019
0.8329905
0.8327163
0.8327163
0.8331277
0.8325792
0.83230495
0.8331277
0.8331277
0.8329905
0.8327163
0.83285344
0.83244205
0.83244205
0.83285344
0.8327163
0.83244205
0.83285344
0.83326477
0.8327163
0.8327163
0.8331277
0.83285344
0.83285344
0.8331277
0.8325792
0.83285344
0.83326477
0.8329905
0.8325792
0.8327163
0.8327163
0.83244205
0.83230495
0.83244205
0.83285344
0.83230495
0.83285344
0.83285344
0.83285344
0.8325792
0.83285344
0.83244205
0.83285344
0.8318936
0.8321678
0.83244205
0.83285344
0.83285344
0.83285344
0.8329905
0.83244205
0.8325792
0.83244205
0.83285344
0.83285344
0.8327163
0.8329905
0.83285344
0.83244205
0.83244205
0.8329905
0.8331277
0.83285344
0.8318936
0.83230495
0.8317565
0.83230495
0.8331277
0.83230495
0.83244205
0.8325792
0.8327163
0.8331277
0.8327163
0.8318936
0.83244205
0.8329905
0.83285344
0.8320307
0.8325792
0.8325792
0.83381325
0.83244205
0.8325792
0.8331277
0.83244205
0.8318936
0.8316194
0.8316194
0.8325792
0.8321678
0.83230495
0.83244205
0.83244205
0.83244205
0.8320307
0.83230495
0.8317565
0.83244205
0.83230495
0.8320307
0.83244205
0.8327163
0.8320307
0.8327163
0.83244205
0.83244205
0.83244205
0.8317565
0.8325792
0.83230495
0.83230495
0.8317565
0.83244205
0.8321678
0.8318936
0.8320307
0.8320307
0.8321678
0.8318936
0.8325792
0.8320307
0.8327163
0.8320307
0.8318936
0.83244205
0.8325792
0.83326477
0.8318936
0.8327163
0.83244205
0.8310709
0.8325792
0.8320307
0.8325792
0.82997394
0.83244205
0.8321678
0.8318936
0.83148223
0.83148223
0.8317565
0.83244205
0.83244205
0.83230495
0.83230495
0.831208
0.8318936
0.8320307
0.8321678
0.8318936
0.8325792
0.8316194
0.8316194
0.83134514
0.8320307
0.8310709
0.83134514
0.8321678
0.83134514
0.8320307
0.83244205
0.83148223
0.8321678
0.83134514
0.83148223
0.8321678
0.83134514
0.8325792
0.83285344
0.831208
0.83093375
0.8310709
0.8301111
0.83244205
0.8320307
0.8316194
0.8316194
0.8325792
0.8310709
0.8310709
0.83148223
0.8321678
0.83079666
0.8320307
0.8316194
0.831208
0.8310709
0.8301111
0.83134514
0.83148223
0.8318936
0.8310709
0.8310709
0.8303853
0.831208
0.831208
0.831208
0.83134514
0.831208
0.8321678
0.8316194
0.83148223
0.8303853
0.83134514
0.831208
0.831208
0.831208
0.83148223
0.8306595
0.83148223
0.831208
0.83093375
0.83093375
0.8310709
0.83093375
0.8321678
0.8316194
0.8310709
0.83093375
0.8316194
0.8306595
0.8320307
0.82983685
0.8318936
0.83079666
0.83079666
0.8316194
0.83093375
0.82983685
0.8318936
0.82997394
0.8320307
0.83134514
0.8295626
0.8305224
0.83079666
0.8302482
0.8301111
0.8295626
0.8310709
0.8302482
0.8306595
0.8310709
0.83148223
0.83134514
0.83093375
0.83093375
0.83079666
0.8320307
0.8306595
0.83134514
0.8305224
0.83093375
0.8317565
0.831208
0.8305224
0.8296997
0.83148223
0.83079666
0.8317565
0.8303853
0.83148223
0.83134514
0.8316194
0.8295626
0.83134514
0.83148223
0.8302482
0.82997394
0.8305224
0.83093375
0.8310709
0.8303853
0.83134514
0.8306595
0.8306595
0.8305224
0.83093375
0.82997394
0.83134514
0.8290141
0.8310709
0.8301111
0.8306595
0.83079666
0.83093375
0.83093375
0.82997394
0.83079666
0.82997394
0.82928836
0.8310709
0.8302482
0.83079666
0.82997394
0.8301111
0.8303853
0.8318936
0.8306595
0.82942545
0.83093375
0.82997394
0.82942545
0.83134514
0.82997394
0.8306595
0.8296997
0.8305224
0.8318936
0.82942545
0.83093375
0.8305224
0.8306595
0.83093375
0.83079666
0.8296997
0.8305224
0.8306595
0.8296997
0.83148223
0.83079666
0.831208
0.8301111
0.8301111
0.8302482
0.8305224
0.8305224
0.82997394
0.82983685
0.83093375
0.8302482
0.8301111
0.831208
0.8306595
0.8305224
0.82983685
0.82942545
0.83093375
0.8301111
0.83079666
0.8302482
0.8296997
0.83079666
0.8290141
0.8295626
0.8303853
0.82983685
0.8296997
0.8310709
0.831208
0.82942545
0.8303853
0.831208
0.8303853
0.82997394
0.8321678
0.8305224
0.8302482
0.83148223
0.82997394
0.8301111
0.83079666
0.82983685
0.8301111
0.8302482
0.8296997
0.8301111
0.8303853
0.8290141
0.8306595
0.831208
0.82997394
0.82928836
0.82942545
0.8302482
0.82942545
0.8295626
0.8310709
0.8302482
0.83079666
0.8291512
0.83093375
0.8296997
0.8302482
0.82997394
0.8302482
0.82983685
0.8301111
0.8302482
0.8303853
0.8295626
0.8301111
0.8310709
0.8303853
0.8303853
0.82928836
0.8305224
0.82983685
0.82983685
0.83079666
0.8302482
0.82983685
0.8303853
0.8306595
0.8306595
0.82997394
0.831208
0.8306595
0.82983685
0.8301111
0.83093375
0.82942545
0.8296997
0.8290141
0.83079666
0.8301111
0.8295626
0.8306595
0.8295626
0.82997394
0.83093375
0.8296997
0.8303853
0.82928836
0.8295626
0.82983685
0.8301111
0.8296997
0.82983685
0.82983685
0.82983685
0.8301111
0.82983685
0.83093375
0.82983685
0.8302482
0.8291512
0.8305224
0.82983685
0.8291512
0.8296997
0.82983685
0.8296997
0.8302482
0.8302482
0.82997394
0.82997394
0.8296997
0.8302482
0.82983685
0.82928836
0.82997394
0.82942545
0.8303853
0.8302482
0.8301111
0.82983685
0.8296997
0.8296997
0.82942545
0.8296997
0.8295626
0.82983685
0.8301111
0.8301111
0.8290141
0.8301111
0.8296997
0.8296997
0.8318936
0.8296997
0.8301111
0.83079666
0.8291512
0.82983685
0.82983685
0.82928836
0.831208
0.82983685
0.8301111
0.82997394
0.82983685
0.82983685
0.82983685
0.8302482
0.82997394
0.82928836
0.82983685
0.8306595
0.8295626
0.8296997
0.8296997
0.8296997
0.8296997
0.82983685
0.82983685
0.82997394
0.82997394
0.8303853
0.8301111
0.8302482
0.8302482
0.8296997
0.8295626
0.8301111
0.82942545
0.82983685
0.8296997
0.8296997
0.8296997
0.8301111
0.82887703
0.8295626
0.82997394
0.8306595
0.8303853
0.8301111
0.82983685
0.82983685
0.82928836
0.8296997
0.8295626
0.8296997
0.8301111
0.8301111
0.8296997
0.82983685
0.8301111
0.8296997
0.82983685
0.8296997
0.8302482
0.83093375
0.8296997
0.82832855
0.8296997
0.8296997
0.82942545
0.8296997
0.8290141
0.82983685
0.8301111
0.82983685
0.8303853
0.82942545
0.82942545
0.8296997
0.82997394
0.8295626
0.82983685
0.8296997
0.8305224
0.8305224
0.8306595
0.8302482
0.8296997
0.8296997
0.8305224
0.8295626
0.8301111
0.8301111
0.82983685
0.82983685
0.8295626
0.82983685
0.82997394
0.8301111
0.82983685
0.82983685
0.82928836
0.82997394
0.8295626
0.8302482
0.8301111
0.82997394
0.8296997
0.82983685
0.82942545
0.8301111
0.8302482
0.8296997
0.8295626
0.8301111
0.82942545
0.82997394
0.82997394
0.82983685
0.82997394
0.82997394
0.82997394
0.8296997
0.8303853
0.82997394
0.82928836
0.8290141
0.8302482
0.8296997
0.82942545
0.8302482
0.8295626
0.82997394
0.8301111
0.8305224
0.8301111
0.8301111
0.82997394
0.82983685
0.8296997
0.8301111
0.82942545
0.83148223
0.8303853
0.82983685
0.82997394
0.8301111
0.82997394
0.82942545
0.82997394
0.8295626
0.8303853
0.8296997
0.8301111
0.83079666
0.82983685
0.82997394
0.8301111
0.8295626
0.8302482
0.8295626
0.8295626
0.8301111
0.82997394
0.8296997
0.8301111
0.82983685
0.8301111
0.82983685
0.82942545
0.8302482
0.8295626
0.8301111
0.8296997
0.8295626
0.8301111
0.8296997
0.8295626
0.8291512
0.8305224
0.8301111
0.8301111
0.8295626
0.8305224
0.8305224
0.8295626
0.8301111
0.8296997
0.82983685
0.82942545
0.8301111
0.8295626
0.8302482
0.8302482
0.8301111
0.83079666
0.8301111
0.8301111
0.8296997
0.82983685
0.82983685
0.8296997
0.82997394
0.82983685
0.8296997
0.8305224
0.82997394
0.8301111
0.82997394
0.8295626
0.8296997
0.8301111
0.82997394
0.8295626
0.8303853
0.8305224
0.82983685
0.8305224
0.8296997
0.82997394
0.8295626
0.82983685
0.8302482
0.8301111
0.8306595
0.8302482
0.8287399
0.8303853
0.8303853
0.82997394
0.8302482
0.8301111
0.82997394
0.8303853
0.83079666
0.8301111
0.8296997
0.8303853
0.82983685
0.82983685
0.8303853
0.82997394
0.8306595
0.82997394
0.8306595
0.8302482
0.82983685
0.8301111
0.8301111
0.8310709
0.82942545
0.8303853
0.8306595
0.8306595
0.82983685
0.8303853
0.8303853
0.8301111
0.8302482
0.8296997
0.8296997
0.8296997
0.8301111
0.8305224
0.8303853
0.831208
0.8301111
0.8296997
0.8296997
0.8302482
0.8305224
0.8302482
0.8302482
0.82983685
0.8302482
0.8306595
0.8305224
0.82983685
0.83079666
0.82997394
0.8305224
0.83079666
0.8305224
0.8303853
0.8310709
0.8310709
0.8303853
0.8302482
0.83148223
0.8302482
0.8290141
0.82983685
0.8302482
0.8305224
0.8306595
0.82983685
0.8305224
0.82997394
0.8305224
0.8301111
0.8302482
0.8296997
0.8305224
0.8306595
0.8301111
0.8301111
0.8305224
0.8303853
0.8306595
0.8303853
0.8302482
0.82983685
0.8291512
0.8305224
0.8303853
0.8303853
0.8303853
0.82997394
0.82997394
0.8305224
0.8305224
0.82997394
0.8302482
0.8305224
0.82997394
0.8303853
0.8306595
0.8303853
0.82997394
0.8305224
0.8303853
0.8305224
0.83093375
0.8306595
0.8306595
0.8303853
0.83093375
0.8301111
0.82997394
0.8296997
0.8302482
0.8306595
0.83079666
0.82997394
0.83093375
0.8302482
0.8301111
0.82997394
0.82997394
0.83079666
0.82942545
0.82983685
0.82997394
0.8301111
0.8301111
0.8303853
0.8302482
0.82983685
0.82997394
0.83093375
0.8302482
0.8305224
0.8301111
0.82997394
0.82997394
0.82983685
0.82928836
0.83079666
0.8303853
0.8305224
0.8305224
0.8303853
0.82997394
0.8306595
0.8303853
0.8303853
0.82928836
0.82983685
0.8303853
0.8302482
0.8302482
0.8296997
0.8301111
0.82983685
0.8296997
0.8301111
0.82983685
0.8296997
0.8302482
0.8296997
0.82997394
0.8301111
0.82983685
0.8295626
0.8296997
0.8301111
0.8305224
0.82942545
0.8296997
0.82983685
0.8303853
0.8295626
0.8305224
0.82942545
0.82997394
0.82983685
0.8291512
0.82997394
0.8301111
0.8295626
0.8301111
0.8301111
0.8295626
0.8296997
0.8301111
0.8303853
0.8306595
0.8295626
0.8296997
0.8301111
0.82942545
0.8296997
0.82997394
0.8296997
0.82928836
0.82983685
0.82997394
0.8301111
0.82997394
0.8301111
0.8302482
0.82997394
0.82928836
0.82983685
0.82997394
0.8296997
0.82983685
0.8306595
0.82983685
0.8301111
0.82997394
0.8295626
0.8303853
0.8296997
0.8295626
0.82997394
0.8306595
0.8302482
0.8295626
0.8295626
0.82997394
0.8295626
0.8301111
0.8303853
0.8296997
0.8306595
0.8296997
0.8296997
0.82997394
0.8302482
0.82983685
0.82942545
0.82942545
0.8296997
0.83093375
0.82997394
0.82997394
0.82983685
0.82983685
0.8296997
0.82983685
0.82997394
0.8305224
0.82997394
0.82997394
0.8302482
0.8296997
0.8296997
0.8296997
0.8295626
0.8301111
0.82997394
0.8301111
0.82983685
0.82942545
0.8295626
0.83079666
0.8303853
0.82997394
0.8301111
0.8302482
0.83148223
0.82928836
0.8301111
0.8302482
0.8302482
0.8296997
0.8305224
0.82997394
0.82997394
0.82983685
0.8296997
0.8305224
0.82983685
0.82942545
0.8295626
0.8296997
0.8295626
0.82997394
0.8302482
0.8303853
0.83079666
0.8296997
0.8303853
0.82997394
0.83093375
0.82997394
0.8303853
0.8306595
0.8295626
0.8302482
0.8306595
0.82997394
0.8305224
0.8303853
0.82983685
0.8302482
0.8301111
0.82997394
0.82997394
0.82997394
0.8296997
0.82983685
0.82983685
0.82983685
0.8303853
0.82997394
0.8295626
0.8301111
0.831208
0.8301111
0.8301111
0.8301111
0.8305224
0.82997394
0.8301111
0.82983685
0.82942545
0.8301111
0.8295626
0.8303853
0.8290141
0.8302482
0.82983685
0.82928836
0.8291512
0.8302482
0.8303853
0.8301111
0.8296997
0.82983685
0.82983685
0.8291512
0.8295626
0.8291512
0.8301111
0.82942545
0.82928836
0.82997394
0.82983685
0.8301111
0.8302482
0.8291512
0.82997394
0.8302482
0.82997394
0.82887703
0.82997394
0.82997394
0.82928836
0.8290141
0.8296997
0.82928836
0.82983685
0.82942545
0.82942545
0.8305224
0.8295626
0.8296997
0.8302482
0.8291512
0.8296997
0.8296997
0.8295626
0.8296997
0.8290141
0.8291512
0.82997394
0.8295626
0.82983685
0.82983685
0.8301111
0.82928836
0.8296997
0.82983685
0.82928836
0.8295626
0.8296997
0.8305224
0.8290141
0.82928836
0.8296997
0.8290141
0.82928836
0.8291512
0.8291512
0.82997394
0.8291512
0.8303853
0.8295626
0.82942545
0.8291512
0.8301111
0.8290141
0.8296997
0.8296997
0.8295626
0.8290141
0.82997394
0.82928836
0.8287399
0.82928836
0.8291512
0.8295626
0.8303853
0.8290141
0.8295626
0.82997394
0.8296997
0.8296997
0.82887703
0.82983685
0.8296997
0.82887703
0.82928836
0.83093375
0.82997394
0.8295626
0.8291512
0.82983685
0.8291512
0.82942545
0.82997394
0.8295626
0.82983685
0.8296997
0.82928836
0.82983685
0.8290141
0.8295626
0.8301111
0.8291512
0.8291512
0.8290141
0.82997394
0.8296997
0.82983685
0.82887703
0.8303853
0.82846564
0.82942545
0.8291512
0.82942545
0.8301111
0.8290141
0.82942545
0.82983685
0.82942545
0.8295626
0.82983685
0.82928836
0.8295626
0.8291512
0.8291512
0.8291512
0.8295626
0.8302482
0.82983685
0.8291512
0.8286028
0.8295626
0.82997394
0.8290141
0.8290141
0.8291512
0.8291512
0.8290141
0.8287399
0.82832855
0.8295626
0.82928836
0.82983685
0.8287399
0.8295626
0.82942545
0.8291512
0.8295626
0.8296997
0.82942545
0.8287399
0.82942545
0.8305224
0.8291512
0.8286028
0.82983685
0.82846564
0.8296997
0.8303853
0.82928836
0.8291512
0.8291512
0.82928836
0.8291512
0.82928836
0.82928836
0.8295626
0.8286028
0.82928836
0.82928836
0.82832855
0.8295626
0.8286028
0.8290141
0.8290141
0.82942545
0.8301111
0.8291512
0.8296997
0.8290141
0.8301111
0.8291512
0.82928836
0.8281914
0.82942545
0.8280543
0.8287399
0.82846564
0.82846564
0.82928836
0.82942545
0.82983685
0.82928836
0.83093375
0.8291512
0.8281914
0.82887703
0.82942545
0.82887703
0.82942545
0.8290141
0.8291512
0.82846564
0.82846564
0.8280543
0.8291512
0.8296997
0.82846564
0.8290141
0.8290141
0.8295626
0.8291512
0.8290141
0.8280543
0.82928836
0.8291512
0.82887703
0.82887703
0.82928836
0.82928836
0.8295626
0.8286028
0.82791716
0.8295626
0.82846564
0.8290141
0.82832855
0.8290141
0.82778007
0.82778007
0.8296997
0.82928836
0.82928836
0.82887703
0.8291512
0.82846564
0.82928836
0.82887703
0.8290141
0.8276429
0.8287399
0.8287399
0.8286028
0.82928836
0.8286028
0.82887703
0.8290141
0.82983685
0.82791716
0.82887703
0.82791716
0.82887703
0.8296997
0.82887703
0.82887703
0.82791716
0.8287399
0.82846564
0.82832855
0.82778007
0.8291512
0.82928836
0.82887703
0.8290141
0.8270945
0.82832855
0.82778007
0.8280543
0.82791716
0.8287399
0.8291512
0.8290141
0.82832855
0.8290141
0.82846564
0.8280543
0.8287399
0.8301111
0.82887703
0.8290141
0.8280543
0.82846564
0.8287399
0.82887703
0.8291512
0.8280543
0.8291512
0.8301111
0.82846564
0.8290141
0.82942545
0.8287399
0.8280543
0.82832855
0.8286028
0.82846564
0.82846564
0.8281914
0.82791716
0.8281914
0.8287399
0.8290141
0.8280543
0.8287399
0.82832855
0.8287399
0.8295626
0.8281914
0.82928836
0.82832855
0.82791716
0.82682025
0.82887703
0.8291512
0.8287399
0.82887703
0.8281914
0.82846564
0.82846564
0.8281914
0.82778007
0.8287399
0.8286028
0.8281914
0.8286028
0.8286028
0.8286028
0.8287399
0.82846564
0.8286028
0.8266831
0.82791716
0.8275058
0.82846564
0.8280543
0.82791716
0.82887703
0.8287399
0.8286028
0.82832855
0.8281914
0.82791716
0.82846564
0.82778007
0.82887703
0.82778007
0.82778007
0.82736874
0.82791716
0.8276429
0.8276429
0.8295626
0.82791716
0.82736874
0.8291512
0.8270945
0.82832855
0.8281914
0.8281914
0.82832855
0.8281914
0.82832855
0.8276429
0.8281914
0.8276429
0.8281914
0.8286028
0.8280543
0.82791716
0.8276429
0.8280543
0.82846564
0.82791716
0.82832855
0.8280543
0.82832855
0.8286028
0.8280543
0.82887703
0.8286028
0.8291512
0.82791716
0.82778007
0.82846564
0.8266831
0.8276429
0.8266831
0.8275058
0.8280543
0.8276429
0.8272316
0.8281914
0.8281914
0.8276429
0.8261346
0.8276429
0.8270945
0.8272316
0.8287399
0.82778007
0.8261346
0.82778007
0.8276429
0.82736874
0.82778007
0.8276429
0.8270945
0.8276429
0.82832855
0.8275058
0.8266831
0.8272316
0.8287399
0.8275058
0.82791716
0.8275058
0.8276429
0.82682025
0.8275058
0.8272316
0.8276429
0.8270945
0.82791716
0.82640886
0.82640886
0.8270945
0.82695735
0.8275058
0.82682025
0.8272316
0.8266831
0.82778007
0.82832855
0.8280543
0.826546
0.82682025
0.8266831
0.826546
0.82695735
0.8270945
0.82791716
0.82736874
0.82736874
0.8266831
0.8272316
0.82695735
0.826546
0.8270945
0.82695735
0.82832855
0.82682025
0.82640886
0.8266831
0.82791716
0.826546
0.82640886
0.8275058
0.826546
0.8272316
0.8266831
0.82736874
0.82695735
0.82640886
0.82778007
0.82736874
0.8262718
0.8266831
0.82778007
0.82640886
0.8255862
0.82640886
0.82682025
0.82695735
0.8261346
0.82682025
0.82846564
0.82682025
0.8257233
0.8261346
0.8272316
0.82640886
0.82640886
0.82682025
0.8270945
0.8266831
0.8266831
0.82640886
0.8270945
0.8266831
0.826546
0.8261346
0.8262718
0.826546
0.82695735
0.82531196
0.82599753
0.82736874
0.82682025
0.82682025
0.82640886
0.8261346
0.82599753
0.8281914
0.82599753
0.82586044
0.8261346
0.82640886
0.8261346
0.82695735
0.8261346
0.8286028
0.82599753
0.82640886
0.82599753
0.8257233
0.82599753
0.8281914
0.82586044
0.8280543
0.8261346
0.82599753
0.8266831
0.82640886
0.8270945
0.82736874
0.82682025
0.8286028
0.8262718
0.8266831
0.8266831
0.8257233
0.82640886
0.82599753
0.82695735
0.82682025
0.826546
0.8255862
0.8270945
0.82586044
0.82586044
0.8261346
0.82736874
0.8262718
0.82599753
0.82599753
0.8262718
0.8262718
0.82778007
0.8257233
0.8266831
0.8262718
0.82695735
0.8261346
0.82599753
0.8261346
0.82599753
0.82586044
0.8261346
0.8261346
0.8266831
0.8261346
0.8262718
0.82599753
0.8287399
0.826546
0.82586044
0.8261346
0.826546
0.8261346
0.82599753
0.82599753
0.826546
0.82599753
0.8270945
0.8262718
0.8257233
0.82586044
0.82599753
0.82599753
0.82599753
0.82586044
0.82586044
0.8261346
0.8272316
0.82682025
0.8261346
0.82778007
0.82586044
0.8266831
0.82599753
0.82599753
0.8261346
0.8251748
0.8261346
0.82599753
0.8261346
0.8262718
0.8257233
0.82599753
0.8257233
0.8250377
0.82586044
0.8257233
0.82682025
0.8262718
0.82682025
0.8257233
0.8270945
0.82640886
0.8250377
0.8255862
0.8261346
0.82586044
0.82599753
0.8261346
0.8247635
0.8261346
0.8272316
0.82599753
0.82640886
0.82640886
0.82736874
0.82599753
0.82599753
0.82586044
0.82599753
0.82599753
0.82640886
0.82586044
0.8261346
0.82599753
0.8262718
0.82586044
0.82544905
0.82640886
0.82544905
0.8246263
0.82490057
0.8257233
0.8257233
0.8255862
0.82531196
0.82490057
0.8257233
0.82586044
0.8247635
0.8261346
0.8250377
0.8261346
0.8255862
0.8262718
0.82586044
0.82586044
0.82586044
0.8262718
0.82682025
0.82531196
0.82586044
0.8247635
0.8255862
0.82531196
0.82531196
0.8257233
0.82544905
0.82586044
0.82586044
0.82544905
0.8250377
0.82599753
0.8255862
0.8262718
0.82531196
0.82586044
0.82531196
0.82544905
0.8257233
0.824215
0.82586044
0.8257233
0.82490057
0.8250377
0.82531196
0.82544905
0.82531196
0.8255862
0.82544905
0.82490057
0.8261346
0.82531196
0.82544905
0.82544905
0.82531196
0.8246263
0.82531196
0.82490057
0.8255862
0.82599753
0.8251748
0.8247635
0.8257233
0.8255862
0.82544905
0.8261346
0.8246263
0.82531196
0.8251748
0.82599753
0.8251748
0.82544905
0.82586044
0.8250377
0.82695735
0.82490057
0.8240779
0.82531196
0.82531196
0.8247635
0.82586044
0.82531196
0.82490057
0.82531196
0.82490057
0.82531196
0.82544905
0.8250377
0.8255862
0.82531196
0.8246263
0.82448924
0.82531196
0.8255862
0.82490057
0.8246263
0.82640886
0.8250377
0.8250377
0.8257233
0.8250377
0.8255862
0.82544905
0.82544905
0.8246263
0.82544905
0.8255862
0.8272316
0.8262718
0.82490057
0.8257233
0.82531196
0.82435215
0.82490057
0.8272316
0.82531196
0.82531196
0.82531196
0.8250377
0.82531196
0.8251748
0.8251748
0.8257233
0.82682025
0.8251748
0.82531196
0.8246263
0.82544905
0.8251748
0.82531196
0.8255862
0.8257233
0.8250377
0.8246263
0.82544905
0.82544905
0.82531196
0.8251748
0.82599753
0.82490057
0.8250377
0.82531196
0.82531196
0.8261346
0.8250377
0.8266831
0.824215
0.8251748
0.8255862
0.8250377
0.8250377
0.8246263
0.82435215
0.82490057
0.82531196
0.826546
0.8251748
0.82448924
0.82448924
0.82380366
0.82544905
0.8246263
0.82448924
0.82531196
0.82531196
0.8250377
0.82490057
0.8250377
0.82435215
0.8246263
0.82448924
0.8247635
0.8251748
0.82544905
0.8250377
0.8240779
0.82435215
0.8246263
0.82448924
0.8270945
0.82490057
0.8246263
0.8246263
0.8246263
0.8251748
0.82448924
0.8247635
0.8250377
0.82380366
0.82394075
