0.25298232
0.26806527
0.29590017
0.2884958
0.3030303
0.30947483
0.34032634
0.29781982
0.34512547
0.36048266
0.36048266
0.36487043
0.3645962
0.35444948
0.39558482
0.35883725
0.40134376
0.41615248
0.4147813
0.42040312
0.42108873
0.43891403
0.44206774
0.44439873
0.43891403
0.47703278
0.47977513
0.49458385
0.4801865
0.5022625
0.5119978
0.52927464
0.53777593
0.534348
0.5534074
0.5435349
0.5665707
0.5765803
0.58275056
0.56588507
0.59659946
0.61332786
0.5998903
0.61099684
0.60414094
0.62237763
0.62512
0.6345811
0.639106
0.6430824
0.6513095
0.6607706
0.667078
0.67434525
0.674071
0.68517756
0.68366927
0.6750308
0.6932675
0.6998492
0.69354177
0.70218015
0.7112299
0.71493214
0.7216509
0.71657753
0.72987795
0.7291924
0.748526
0.7529138
0.75702727
0.74262995
0.7616893
0.7542849
0.7586727
0.76607704
0.7647059
0.77142465
0.7711504
0.78116
0.77375567
0.7777321
0.784588
0.78678185
0.7954203
0.790484
0.79473466
0.79322636
0.8117373
0.8126971
0.80364734
0.81009185
0.81831896
0.82887703
0.82846564
0.8291512
0.82243246
0.8310709
0.82695735
0.8427259
