0.49170437
0.59262305
0.6707802
0.69505006
0.71452075
0.73920196
0.522693
0.7596325
0.77156174
0.76909363
0.7762238
0.77128756
0.7745784
0.7819827
0.7818456
0.7780063
0.79363775
0.77978885
0.7755382
0.7965172
0.78664476
0.7929521
0.7873303
0.77444124
0.721788
0.7995338
0.75209105
0.79967093
0.7889757
0.78074867
0.7914438
0.7736185
0.7925408
0.78280544
0.7762238
0.79062116
0.79775125
0.7933635
0.7924037
0.7940491
0.79967093
0.7647059
0.7943233
0.78966135
0.7925408
0.7980255
0.79514605
0.79171807
0.7908954
0.76004386
