0.29699713
0.2905526
0.2905526
0.2905526
0.2905526
0.2905526
0.2905526
0.2905526
0.2905526
0.2905526
0.2905526
0.2905526
0.2905526
0.2905526
0.2905526
0.2905526
0.2905526
0.2905526
0.2905526
0.2905526
0.2905526
0.2905526
0.2905526
0.2905526
0.2905526
0.2905526
0.2905526
0.2905526
0.2905526
0.2905526
0.2905526
0.2905526
0.2905526
0.2905526
0.2905526
0.2905526
0.2905526
0.2905526
0.2905526
0.2905526
0.2905526
0.2905526
0.2905526
0.2905526
0.2905526
0.2905526
0.2905526
0.2905526
0.2905526
0.2905526
0.2905526
0.2905526
0.2905526
0.2905526
0.2905526
0.2905526
0.2905526
0.2905526
0.2905526
0.2905526
0.2905526
0.2905526
0.2905526
0.2905526
0.2905526
0.2905526
0.2905526
0.2905526
0.2905526
0.2905526
0.2905526
0.2905526
0.2905526
0.2905526
0.2905526
0.2905526
0.2905526
0.2905526
0.2905526
0.2905526
0.2905526
0.2905526
0.2905526
0.2905526
0.2905526
0.2905526
0.2905526
0.2905526
0.2905526
0.2905526
0.2905526
0.2905526
0.2905526
0.2905526
0.2905526
0.2905526
0.2905526
0.2905526
0.2905526
0.2905526
0.2905526
0.2905526
0.2905526
0.2905526
0.2905526
0.2905526
0.2905526
0.2905526
0.2905526
0.2905526
0.29082683
0.2905526
0.2905526
0.2905526
0.2905526
0.29082683
0.29110107
0.29206088
0.29233512
0.29233512
0.29206088
0.29206088
0.29206088
0.29233512
0.29233512
0.29315782
0.29343206
0.294529
0.29329494
0.29329494
0.29315782
0.29548883
0.2937063
0.29548883
0.2960373
0.29713425
0.2983683
0.2998766
0.2998766
0.2998766
0.2998766
0.2998766
0.2998766
0.2998766
0.2998766
0.2998766
0.2998766
0.2998766
0.2998766
0.2998766
0.2998766
0.2998766
0.2998766
0.2998766
0.30111066
0.30179626
0.30426437
0.30508706
0.30508706
0.30714384
0.31098312
0.3075552
0.30933774
0.31125736
0.3122172
0.31509668
0.3167421
0.3170163
0.3170163
0.3215412
0.32126698
0.32359797
0.3238722
0.3246949
0.3237351
0.32963115
0.32332373
0.32634032
0.33470452
0.34018922
0.3355272
0.34142327
0.3377211
0.34594816
0.33648705
0.34457698
0.34581104
0.34718224
0.3477307
0.3500617
0.34951323
0.35129577
0.35198134
0.35280406
0.35993418
0.3600713
0.35499793
0.360894
0.36802414
0.3700809
0.3732346
0.3732346
0.37515426
0.37049225
0.37611407
0.3794049
0.37721103
0.38118744
0.37666255
0.37885645
0.38132456
0.38132456
0.38584945
0.3902372
0.39531058
0.3932538
0.39133415
0.4061429
0.4049088
0.40134376
0.4017551
0.3964075
0.40052104
0.3972302
0.4047717
0.39585903
0.40285206
0.40436035
0.40819964
0.41039354
0.4117647
0.4171123
0.41766077
0.41985464
0.42012888
0.41889483
0.41752365
0.42012888
0.42081448
0.42163718
0.42218566
0.42232278
0.42533937
0.4234197
0.4232826
0.42575073
0.4217743
0.42588782
0.4264363
0.4269848
0.4271219
0.4289044
0.42876732
0.42917866
0.43000138
0.43754286
0.4411079
0.43534896
0.45015767
0.44892362
0.45152888
0.44439873
0.44604415
0.44823804
0.45290005
0.45701358
0.4579734
0.4587961
0.45756206
0.45660222
0.45673934
0.45907035
0.4664747
0.46290964
0.45989305
0.4648293
0.46386945
0.47058824
0.4755245
0.4740162
0.481969
0.47991225
0.4771699
0.4851227
0.4873166
0.48841354
0.49088168
0.4881393
0.48704237
0.4864939
0.4903332
0.4949952
0.49718907
0.49444672
0.49389827
0.4934869
0.4958179
0.49513233
0.49664062
0.49773756
0.49924585
0.50089127
0.50102836
0.50143975
0.50239956
0.50377077
0.50253665
0.5032223
0.5026738
0.5066502
0.5062389
0.50788426
0.5071987
0.5080214
0.50939256
0.5088441
0.5125463
0.50761
0.50925547
0.50843275
0.5081585
0.51007813
0.5071987
0.5081585
0.50829566
0.50829566
0.5088441
0.50939256
0.5091183
0.5096668
0.5096668
0.5132319
0.51391745
0.5140546
0.5161113
0.51624846
0.51391745
0.5166598
0.51474017
0.51583713
0.5151515
0.5159742
0.51638556
0.5166598
0.5187166
0.51789385
0.51981354
0.51926506
0.520362
0.51926506
0.5188537
0.5199506
0.51981354
0.5196764
0.5233786
0.5215961
0.5187166
0.5189908
0.5265323
0.5243384
0.5269436
0.5258467
0.5274921
0.5265323
0.5279035
0.5279035
0.5274921
0.52762926
0.52762926
0.5283148
0.52927464
0.5284519
0.52927464
0.5283148
0.5280406
0.52872616
0.529686
0.532017
0.5328397
0.53311396
0.5333882
0.5348965
0.5333882
0.53626764
0.5364048
0.54106677
0.5420266
0.5373646
0.5435349
0.5466886
0.5543672
0.55601263
0.5598519
0.56094885
0.56081176
0.5561497
0.5590292
0.56341696
0.5631427
0.5625943
0.5625943
0.5650624
0.5682161
0.5665707
0.57232964
0.5715069
0.5695873
0.5726039
0.57178116
0.5754833
0.5805567
0.5783628
0.57726586
0.5804196
0.57246673
0.5794597
0.5805567
0.582065
0.5790484
0.58576715
0.58412176
0.58412176
0.58878374
0.58727545
0.5893322
0.5893322
0.5900178
0.589058
0.59111476
0.5942685
0.5933086
0.59317154
0.5927602
0.59262305
0.59413135
0.5938571
0.59714794
0.59358287
0.59454274
0.59646237
0.5982449
0.60153574
0.6023584
0.605375
0.60564923
0.6068833
0.6068833
0.6068833
0.60784316
0.6081174
0.6090772
0.6120938
0.611134
0.6107226
0.61346495
0.61346495
0.6120938
0.6127794
0.6116824
0.6131907
0.61332786
0.6136021
0.6105855
0.61236805
0.61703
0.61250514
0.6122309
0.6083916
0.60743177
0.6082545
0.6092143
0.6066091
0.608803
0.60482657
0.60935146
0.6072947
0.6057864
0.6072947
0.6037296
0.6008501
0.60702044
0.605375
0.6072947
0.60935146
0.60482657
0.60633487
0.6044152
0.60551214
0.6061977
0.6031811
0.6116824
0.6081174
0.6082545
0.60784316
0.6082545
0.6071575
0.6083916
0.60894006
0.60935146
0.6090772
0.6083916
0.60948855
0.61044836
0.61031127
0.6097628
0.611134
0.61236805
0.6105855
0.6101741
0.61497325
0.6120938
0.61387634
0.618127
0.6107226
0.6130536
0.614699
0.61634445
0.61387634
0.6136021
0.618127
0.6177156
0.61881256
0.6192239
0.61936104
0.62045795
0.6205951
0.61949813
0.62169206
0.62086934
0.6279994
0.62621695
0.6270396
0.62498283
0.6260798
0.6260798
0.6267654
0.62717676
0.62827367
0.6285479
0.62827367
0.62882215
0.6308789
0.62978196
0.62882215
0.6330728
0.63471824
0.63019335
0.634444
0.63129026
0.6352667
0.63225013
0.6336213
0.6329357
0.63225013
0.6334842
0.63334703
0.6345811
0.63732344
0.63430685
0.6385575
0.63622653
0.6363636
0.6393802
0.63581514
0.6406143
0.64500207
0.63581514
0.6412999
0.6389689
0.6374606
0.64020294
0.6399287
0.64843
0.64719594
0.64116275
0.63869464
0.63965446
0.6433566
0.646099
0.64034003
0.64500207
0.6448649
0.6423968
0.6473331
0.6514466
0.65405184
0.64404225
0.6474702
0.64664745
0.6529549
0.65268064
0.6473331
0.6539147
0.64911556
0.65199506
0.65405184
0.6543261
0.6528178
0.6514466
0.65364045
0.65556014
0.6546003
0.65556014
0.65336627
0.6544632
0.6539147
0.64911556
0.6517208
0.6561086
0.6556972
0.6567942
0.6573427
0.6569313
0.65747976
0.657754
0.65350336
0.65747976
0.65816534
