0.2905526
0.2905526
0.2905526
0.2905526
0.2905526
0.2905526
0.2905526
0.2905526
0.2905526
0.2905526
0.2905526
0.2905526
0.2905526
0.2905526
0.29507747
0.29905388
0.29384342
0.3139997
0.32181543
0.31948444
0.32400933
0.31948444
0.31907308
0.31797615
0.32250103
0.32565475
0.32647744
0.3277115
0.32634032
0.32757437
0.33484164
0.33676127
0.3330591
0.3362128
0.33909228
0.33950365
0.34567395
0.34677088
0.34663376
0.34087482
0.34457698
0.34649664
0.3499246
0.35513505
0.35362676
0.35568354
0.35499793
0.36171672
0.3637735
0.37104073
0.37378308
0.37488002
0.38543808
0.38434115
0.38201013
0.38365555
0.38516384
0.38845468
0.3839298
0.38900316
0.38722062
0.39435074
0.3954477
0.3979158
0.39599615
0.4047717
0.4047717
0.4046346
0.40586865
0.4186206
0.41286165
0.41670096
0.42369395
0.4279446
0.43521184
0.44837517
0.4472782
0.45317426
0.4504319
0.4509804
0.45632797
0.45989305
0.4587961
0.4688057
0.481969
0.48608255
0.4878651
0.4841629
0.48690525
0.49924585
0.5091183
0.5188537
0.52022487
0.5244755
0.5188537
0.5221445
0.5258467
0.5214589
0.52762926
0.5288633
0.5314685
0.5259838
0.53174275
0.52461267
0.5303716
0.5269436
0.5299602
0.53421086
0.5266694
0.53366244
0.5309201
0.5283148
0.53366244
0.5333882
0.53873575
0.53558207
0.5388729
0.5418895
0.54696286
0.5523104
0.5491567
0.5443576
0.550665
0.550665
0.5535445
0.55491567
0.5561497
0.5605375
0.5572467
0.558755
0.5676676
0.5672563
0.5682161
0.5712327
0.5728781
0.57232964
0.57383794
0.58014536
0.5780886
0.58014536
0.5852187
0.5898807
0.5894694
0.5912519
0.59797066
0.5987934
0.6037296
0.6016728
0.60647196
0.6044152
0.60798025
0.60852873
