0.2905526
0.2905526
0.2905526
0.2905526
0.2905526
0.2905526
0.2905526
0.2905526
0.29192376
0.3175648
0.3238722
0.32126698
0.3200329
0.32661456
0.31934732
0.34279445
0.34142327
0.33977786
0.34910187
0.35952282
0.36103112
0.37268615
0.37926778
0.3769368
0.3769368
0.37488002
0.38201013
0.39517346
0.4032634
0.40532017
0.41245028
0.40819964
0.41368437
0.41752365
0.41738653
0.41670096
0.41670096
0.41958043
0.4301385
0.4310983
0.42657343
0.42465377
0.43150967
0.42012888
0.42917866
0.42959002
0.43123543
0.43425202
0.43795422
0.43617168
0.4395996
0.44206774
0.4442616
0.45070615
0.45290005
0.45632797
0.44988346
0.45591664
0.45152888
0.4657891
0.47237077
0.47593582
0.47223365
0.47305635
0.48087206
0.46496642
0.46812013
0.4697655
0.4733306
0.47662142
0.4811463
0.48238036
0.48471138
0.4863568
0.48690525
0.49019608
0.4849856
0.48978472
0.48868778
0.4878651
0.48443714
0.4851227
0.4888249
0.48896202
0.4841629
0.48430002
0.4871795
0.4849856
0.48704237
0.4858083
0.4863568
0.49101877
0.4851227
0.48841354
0.48608255
0.486631
0.48745373
0.48471138
0.48827642
0.49074456
0.4903332
0.48978472
0.4918415
0.4928013
0.491293
0.49101877
0.49417248
0.49047032
0.49307555
0.49718907
0.49691486
0.50102836
0.4928013
0.49993145
0.49526945
0.4973262
0.49636638
0.5003428
0.49705195
0.5002057
0.51007813
0.50006855
0.50089127
0.49910873
0.50788426
0.5095297
0.4996572
0.5071987
0.5104895
0.51295763
0.5103524
0.500617
0.511038
0.51624846
0.5043192
0.5159742
0.51474017
0.51378036
0.5188537
0.5119978
0.5188537
0.51487726
0.5236528
0.52241874
0.5172083
0.52310437
0.5189908
0.5243384
0.5161113
0.527355
0.5199506
0.5214589
0.5254353
0.5228301
0.5235157
0.5248869
0.52872616
0.5310572
0.5298231
0.5318799
0.5398327
0.5350336
0.53722745
0.5394214
0.5412039
0.54326063
0.54600304
0.5466886
0.54956806
0.548334
0.55258465
0.55148774
0.5550528
0.5580694
0.558755
0.5590292
0.5612231
0.56190866
0.5636912
0.564651
0.565748
0.56890166
0.56890166
0.56780475
0.56986153
0.57040995
0.5715069
0.5713698
0.5735637
0.57424927
0.5737008
0.5730152
0.57383794
0.57863706
0.5790484
0.5780886
0.5789113
0.5784999
0.5813794
0.57973397
0.5813794
0.5839846
0.5823392
0.5835733
