0.2905526
0.2905526
0.2905526
0.2905526
0.2905526
0.2905526
0.2905526
0.2905526
0.2905526
0.2905526
0.2905526
0.2905526
0.2905526
0.2905526
0.2905526
0.2905526
0.2905526
0.2905526
0.2905526
0.2905526
0.2905526
0.2905526
0.2905526
0.2905526
0.2905526
0.2905526
0.2905526
0.2905526
0.2905526
0.2905526
0.2905526
0.2905526
0.2905526
0.2905526
0.2905526
0.2905526
0.2905526
0.2905526
0.2905526
0.2905526
0.2905526
0.2905526
0.2905526
0.2905526
0.2905526
0.2905526
0.2905526
0.2905526
0.2905526
0.2905526
0.2905526
0.2905526
0.2905526
0.2905526
0.2905526
0.2905526
0.2905526
0.2905526
0.2906897
0.29644865
0.29686
0.29699713
0.29713425
0.30494994
0.30508706
0.30344164
0.303853
0.3107089
0.30824077
0.3207185
0.31660497
0.31893596
0.32634032
0.32606608
0.32812285
0.33223638
0.33415604
0.3345674
0.33251062
0.34457698
0.34430274
0.34402853
0.34348005
0.3355272
0.34087482
0.34416565
0.34910187
0.35815164
0.35732895
0.36692718
0.3667901
0.36816126
0.3724119
0.3739202
0.37158918
0.3778966
0.37666255
0.3770739
0.38872892
0.39119703
0.40134376
0.3984643
0.40806252
0.40819964
0.41971755
0.41985464
0.4326066
0.4217743
0.43822843
0.4363088
0.4332922
0.44618127
0.44686687
0.46071574
0.45673934
0.44823804
0.45989305
0.45838475
0.4603044
0.45934457
0.47086248
0.46386945
0.46537775
0.46894282
0.46510354
0.46962842
0.47758123
0.46757165
0.46962842
0.47854108
0.4774441
0.481969
0.48320308
0.479638
0.4771699
0.48443714
0.47758123
0.47758123
0.48292884
0.48471138
0.48279172
0.48608255
0.4858083
0.4849856
0.49088168
0.49047032
0.4896476
0.48992184
0.4888249
0.49307555
0.4995201
0.49622926
0.49417248
0.4980118
0.50006855
0.5018511
0.5007542
0.49636638
0.50143975
0.500617
0.5011655
0.5022625
0.50308514
0.5022625
0.50198823
0.5003428
0.4995201
0.49842316
0.50253665
0.50555325
0.500617
