0.2905526
0.2905526
0.2905526
0.2905526
0.2905526
0.2905526
0.2905526
0.2905526
0.2905526
0.2905526
0.2905526
0.2905526
0.2905526
0.2905526
0.2905526
0.2905526
0.2905526
0.2905526
0.2905526
0.2905526
0.2905526
0.2905526
0.2905526
0.2905526
0.2905526
0.2905526
0.2905526
0.2905526
0.2905526
0.2905526
0.2905526
0.2905526
0.2905526
0.2905526
0.2905526
0.2905526
0.2905526
0.2905526
0.2905526
0.2905526
0.2905526
0.2905526
0.2905526
0.2905526
0.2905526
0.2905526
0.2905526
0.2905526
0.2905526
0.2905526
0.2905526
0.2905526
0.2905526
0.2905526
0.2905526
0.2905526
0.2905526
0.2905526
0.2905526
0.2905526
0.2905526
0.2905526
0.2905526
0.2905526
0.2905526
0.2905526
0.2905526
0.2905526
0.2905526
0.2905526
0.2905526
0.2905526
0.2905526
0.2905526
0.2905526
0.2905526
0.2905526
0.2905526
0.2905526
0.2905526
0.2905526
0.2905526
0.2905526
0.2905526
0.2905526
0.2905526
0.2905526
0.2905526
0.2905526
0.2905526
0.2905526
0.2905526
0.2905526
0.2905526
0.2905526
0.2905526
0.2905526
0.2905526
0.2905526
0.2905526
0.2905526
0.2905526
0.2905526
0.2905526
0.2905526
0.2905526
0.2905526
0.2905526
0.2905526
0.2905526
0.2905526
0.2905526
0.2905526
0.2905526
0.2905526
0.2905526
0.2905526
0.2905526
0.2905526
0.2905526
0.2905526
0.2905526
0.2905526
0.2905526
0.2905526
0.2905526
0.2905526
0.2905526
0.2905526
0.2905526
0.2905526
0.2905526
0.2905526
0.2905526
0.2905526
0.29137528
0.292198
0.292198
0.292198
0.292198
0.292198
0.29343206
0.29507747
0.29699713
0.29795694
0.29891676
0.29891676
0.29891676
0.29891676
0.29891676
0.29891676
0.29891676
0.29891676
0.29891676
0.29891676
0.29891676
0.29891676
0.29891676
0.29891676
0.29891676
0.29891676
0.2998766
0.30015084
0.30042505
0.30152202
0.30275607
0.30399013
0.30481285
0.30549842
0.30632114
0.3075552
0.3083779
0.31276566
0.31646785
0.3168792
0.31783903
0.31866172
0.3200329
0.31962156
0.31742766
0.31742766
0.3175648
0.3177019
0.31783903
0.31811327
0.31591937
0.31317702
0.3115316
0.31180584
0.3120801
0.3120801
0.31235433
0.3090635
0.30824077
0.30741808
0.30728096
0.30700672
0.30632114
0.30344164
0.30111066
0.30097353
0.30042505
0.2998766
0.30001372
0.30028796
0.30124778
0.303853
0.30577266
0.30700672
0.30810365
0.30865213
0.30878925
0.30878925
0.30865213
0.30865213
0.308515
0.308515
0.308515
0.31016043
0.3152338
0.31495956
0.31495956
0.31482244
0.31441107
0.3139997
0.31413683
0.3145482
0.31495956
0.31495956
0.31495956
0.31495956
0.31495956
0.31495956
0.31495956
0.31495956
0.31495956
0.31495956
0.31495956
0.31495956
0.31537092
0.31660497
0.31729054
0.31742766
0.3175648
0.3177019
0.31907308
0.32085562
0.32346085
0.32647744
0.32757437
0.32867134
0.32880846
0.32880846
0.32894558
0.32894558
0.32908267
0.33113945
0.33264774
0.33401892
0.3345674
0.3362128
0.33717263
0.33785823
0.33991498
0.34060058
0.3400521
0.33977786
0.33964074
0.33868092
0.337584
0.3353901
0.33580145
0.33593857
0.3362128
0.33662415
0.33676127
0.3377211
0.33909228
0.33936653
0.3400521
0.34114906
0.3416975
0.34252024
0.34293157
0.34348005
0.3438914
0.3437543
0.34608528
0.3477307
0.34869054
0.3499246
0.3508844
0.35129577
0.35198134
0.35266694
0.35348964
0.353901
0.3545866
0.35595778
0.35650623
0.3570547
0.3569176
0.3570547
0.3570547
0.3570547
0.35732895
0.3578774
0.35870013
0.358563
0.358563
0.35828876
0.35650623
0.35513505
0.35403812
0.35362676
0.3530783
0.3523927
0.35157
0.3514329
0.35129577
0.3514329
0.35184422
0.35225558
0.3523927
0.35266694
0.35266694
0.35266694
0.35266694
0.3530783
0.35335252
0.35335252
0.35376388
0.35403812
0.35431236
0.35444948
0.35444948
0.3548608
0.35513505
0.3563691
0.358563
0.35965994
0.36061978
0.3624023
0.36336213
0.3637735
0.36349925
0.3637735
0.3640477
0.36363637
0.3630879
0.36418483
0.3640477
0.36445907
0.3645962
0.36418483
0.3639106
0.36363637
0.36336213
0.36445907
0.36514467
0.36514467
0.365556
0.36610448
0.36651585
0.3667901
0.3667901
0.36747566
0.36829838
0.3687097
0.36994377
0.37062937
0.37104073
0.37131497
0.37117785
0.37104073
0.3709036
0.37049225
0.37035513
0.37035513
0.37035513
0.37049225
0.37035513
0.37062937
0.37186342
0.37254903
0.37296036
0.3732346
0.37268615
0.37296036
0.37268615
0.37117785
0.36994377
0.36912107
0.3687097
0.3685726
0.36843547
0.36802414
0.36802414
0.36788702
0.36761278
0.36733854
0.3670643
0.3670643
0.36733854
0.36733854
0.36747566
0.36747566
0.36761278
0.36761278
0.3677499
0.3677499
0.36733854
0.36692718
0.36720142
0.36692718
0.36651585
0.36637872
0.36596736
0.36569312
0.36610448
0.36596736
0.36596736
0.36665297
0.36665297
0.36665297
0.36733854
0.36720142
0.36761278
0.36802414
0.36829838
0.36912107
0.36980668
0.37035513
0.3709036
0.37145206
0.3717263
0.37200055
0.37213767
0.37254903
0.37282327
0.3732346
0.37350884
0.37364596
0.3739202
0.37433156
0.37446865
0.37460577
0.37419444
0.37419444
0.37405732
0.37433156
0.37501714
0.37570274
0.3770739
0.3777595
0.37817085
0.37913066
0.38036475
0.3809132
0.38173592
0.38214725
0.3831071
0.38379267
0.38420403
0.38447827
0.3846154
0.38516384
0.38530096
0.3855752
0.38571233
0.38598657
0.38653505
0.38667214
0.38694638
0.38722062
0.38735774
0.38749486
0.3877691
0.38790622
0.38818043
0.38845468
0.38900316
0.38914028
0.38941452
0.38941452
0.38955164
0.38982585
0.38982585
0.38996297
0.39037433
0.39051145
0.39119703
0.39256823
0.39311668
0.3932538
0.39352804
0.39366516
0.3939394
0.39407653
0.39462498
0.39517346
0.39599615
0.39668176
0.39750445
0.39805293
0.39819005
0.3984643
0.39914986
0.399287
0.39969835
0.4001097
0.40038392
0.4009324
0.40106952
0.40134376
0.4017551
0.40230358
0.40271494
0.4034005
0.40422323
0.40504593
0.40627998
0.40655422
0.40669134
0.40696558
0.40669134
0.40696558
0.40723982
0.4071027
0.40696558
0.40723982
0.40669134
0.40573153
0.40518305
0.4049088
0.40518305
0.40573153
0.40600577
0.4071027
0.4076512
0.4076512
0.4079254
0.40833676
0.40915948
0.4095708
0.4095708
0.40984505
0.41053066
0.41080487
0.410942
0.41121623
0.41121623
0.41190183
0.41245028
0.4125874
0.41286165
0.413273
0.41341013
0.41354725
0.41395858
0.4140957
0.41532975
0.415604
0.41587824
0.41532975
0.41532975
0.41464418
0.41574112
0.4162896
0.41697517
0.41752365
0.41889483
0.4193062
0.42067736
0.42204854
0.42314547
0.42383108
0.4247909
0.42533937
0.42506513
0.42506513
0.42506513
0.4254765
0.4254765
0.42520225
0.42520225
0.424928
0.42520225
0.42520225
0.42520225
0.42533937
0.42533937
0.42533937
0.42520225
0.42533937
0.42533937
0.42506513
0.42506513
0.42506513
0.424928
0.42437953
0.4239682
0.42424244
0.42451665
0.42437953
0.4247909
0.424928
0.42575073
0.4269848
0.42671055
0.4269848
0.42835596
0.4289044
0.4289044
0.4294529
0.43000138
0.43000138
0.42986426
0.42986426
0.42986426
0.43027562
0.43068695
0.43082407
0.43082407
0.43137255
0.43150967
0.4316468
0.43137255
0.43123543
0.4310983
0.4309612
0.4301385
0.42931578
0.4289044
0.4286302
0.42849308
0.42821884
0.42808172
0.42753324
0.42739612
0.4271219
0.42657343
0.42657343
0.42629918
0.4256136
0.42533937
0.42533937
0.4232826
0.42191142
0.42012888
0.41916907
0.41848347
0.417935
0.41683805
0.4162896
0.41615248
0.41574112
0.41587824
0.41574112
0.41574112
0.415604
0.41574112
0.415604
0.415604
0.415604
0.415604
0.41574112
0.41574112
0.415604
0.41574112
0.41546687
0.41519266
0.41519266
0.41546687
0.415604
0.41574112
0.41587824
0.41587824
0.41587824
0.41587824
0.41615248
0.41587824
0.41601536
0.41601536
0.41615248
0.41670096
0.41683805
0.41670096
0.4162896
0.41615248
0.4162896
0.41656384
0.41683805
0.41738653
0.4172494
0.4177979
0.41752365
0.41752365
0.41670096
0.41642672
0.41670096
0.41656384
0.41601536
0.41615248
0.41615248
0.41615248
0.41532975
0.41505554
0.41464418
0.41464418
0.41436994
0.41436994
0.41505554
0.4147813
0.41450706
0.41354725
0.41341013
0.41286165
0.41299877
0.41286165
0.41203895
0.4117647
0.4116276
0.41149047
0.4110791
0.4110791
0.410942
0.41080487
0.410942
0.41039354
0.41039354
0.41025642
0.41053066
0.41039354
0.4101193
0.4101193
0.4101193
0.4095708
0.40929657
0.40915948
0.40902236
0.40888524
0.40847388
0.40847388
0.408611
0.40806252
0.4079254
0.4071027
0.40573153
0.40518305
0.40436035
0.4032634
0.40298918
0.40271494
0.4024407
0.40216646
0.401618
0.40120664
0.401618
0.40134376
0.40148088
0.40148088
0.40134376
0.40148088
0.40106952
0.4009324
0.40106952
0.40106952
0.4009324
0.4009324
0.40120664
0.40106952
0.40106952
0.40106952
0.4009324
0.40079528
0.40065816
0.3999726
0.399287
0.39914986
0.399287
0.39914986
0.39914986
0.399287
0.3999726
0.39969835
0.399287
0.39901274
0.39887562
0.3984643
0.39805293
0.39764157
0.39764157
0.39709312
0.39668176
0.396956
0.39709312
0.3972302
0.39736733
0.39750445
0.39819005
0.39887562
0.39956123
0.40052104
0.4009324
0.40106952
0.40134376
0.40230358
0.4034005
0.40367475
0.4040861
0.40436035
0.4047717
0.4049088
0.40532017
0.40518305
0.40573153
0.4061429
0.40627998
0.4071027
0.4071027
0.4076512
0.4076512
0.40833676
0.40847388
0.408611
0.40902236
0.40888524
0.40929657
0.40915948
0.40915948
0.40915948
0.40929657
0.40984505
0.41066778
0.41066778
0.410942
0.4116276
0.4117647
0.41149047
0.41135335
0.4110791
0.4110791
0.41066778
0.41066778
0.41080487
0.410942
0.41121623
0.41121623
0.41149047
0.41135335
0.41190183
0.4117647
0.4117647
0.41217607
0.41245028
0.41272452
0.41272452
0.41286165
0.41299877
0.4131359
0.41354725
0.41382146
0.41395858
0.41436994
0.41450706
0.41464418
0.41505554
0.415604
0.41587824
0.41642672
0.41656384
0.41683805
0.41697517
0.41752365
0.41766077
0.41766077
0.41752365
0.4177979
0.41834635
0.4186206
0.4186206
0.41889483
0.41889483
0.41889483
0.41889483
0.41889483
0.4186206
0.4186206
0.4186206
0.4187577
0.41889483
0.41903195
0.41889483
0.41916907
0.41916907
0.41916907
0.41916907
0.41903195
0.41889483
0.41903195
0.41903195
0.41903195
0.41889483
0.41889483
0.41916907
0.4193062
0.41985464
0.41985464
0.41999176
0.42012888
0.42012888
0.41999176
0.420266
0.42040312
0.42067736
0.42081448
0.42191142
0.42259702
0.42314547
0.4234197
0.42369395
0.42451665
0.42506513
0.42616206
0.42725903
0.42725903
0.42739612
0.42753324
0.42753324
0.42767036
0.42767036
0.4279446
0.4279446
0.42808172
0.42821884
0.42835596
0.42835596
0.42835596
0.4286302
0.42876732
0.4289044
0.42876732
0.42876732
0.4286302
0.4289044
0.42904153
0.42904153
0.4289044
0.42917866
0.42917866
0.42931578
0.42931578
0.4294529
0.42959002
0.4294529
0.42986426
0.42959002
0.4294529
0.42931578
0.4294529
0.4294529
0.42931578
0.4294529
0.42959002
0.42959002
0.42972714
0.42959002
0.42959002
0.43000138
0.4301385
0.43000138
0.42986426
0.42986426
0.42986426
0.42986426
0.42986426
0.42986426
0.42986426
0.43000138
0.4301385
0.43000138
0.43000138
0.43000138
0.4301385
0.43027562
0.43068695
0.43068695
0.43068695
0.43054983
0.43000138
0.42972714
0.42959002
0.42931578
0.42904153
0.42821884
0.42808172
0.42808172
0.42821884
0.42821884
0.42808172
0.4279446
0.42780748
0.42780748
0.4279446
0.4279446
0.4279446
0.42780748
0.42780748
0.42780748
0.42780748
0.42767036
0.42780748
0.4279446
0.42808172
0.42821884
0.4286302
0.42876732
0.4289044
0.4294529
0.42931578
0.42917866
0.42917866
0.42917866
0.42904153
0.42904153
0.42904153
0.42917866
0.4289044
0.42904153
0.42904153
0.42917866
0.4294529
0.42959002
0.42986426
0.43027562
0.43027562
0.43054983
0.43068695
0.43068695
0.43082407
0.4309612
0.4310983
0.4310983
0.43137255
0.43137255
0.4316468
0.43192104
0.43219525
0.43205813
0.43205813
0.4324695
0.4324695
0.4326066
0.43288085
0.43288085
0.43301797
0.4331551
0.4331551
0.4332922
0.4332922
0.43342933
0.43370354
0.43370354
0.43384066
0.43370354
0.43384066
0.43397778
0.43397778
0.43397778
0.43397778
0.43384066
0.43397778
0.43397778
0.43425202
0.4341149
0.4341149
0.43425202
0.43425202
0.43438914
0.4346634
0.43438914
0.43452626
0.43452626
0.43452626
0.4346634
0.4346634
0.4346634
0.4348005
0.4348005
0.43493763
0.43493763
0.43521184
0.43534896
0.43534896
0.43534896
0.43548608
0.43548608
0.43534896
0.43548608
0.43548608
0.43548608
0.43534896
0.43548608
0.43548608
0.4356232
0.4356232
0.43589744
0.43603456
0.436583
0.43672013
0.43672013
0.43672013
0.43672013
0.43685725
0.43685725
0.43685725
0.43685725
0.43685725
0.43699437
0.4372686
0.43740574
0.43740574
0.43740574
0.43767998
0.4378171
0.43795422
0.43822843
0.43822843
0.43836555
0.43836555
0.43836555
0.43836555
0.43836555
0.43822843
0.43836555
0.43836555
0.43836555
0.43836555
0.43836555
0.43836555
0.43836555
0.43850267
0.43850267
0.4386398
0.4386398
0.4386398
0.4387769
0.4387769
0.4387769
0.43918827
0.43918827
0.43918827
0.43918827
0.43918827
0.4393254
0.4393254
0.43918827
0.43918827
0.43918827
0.4393254
0.43973672
0.43973672
0.43973672
0.43973672
0.43987384
0.44001096
0.44001096
0.4402852
0.4402852
0.4401481
0.4401481
0.4401481
0.4402852
0.4402852
0.44042233
0.44042233
0.44055945
0.44055945
0.44055945
0.44069657
0.44069657
0.4408337
0.4411079
0.4411079
0.4411079
0.4411079
0.44124502
0.44124502
0.44151926
0.44151926
0.44165638
0.4417935
0.44193062
0.44193062
0.44206774
0.44206774
0.44220486
0.4424791
0.4424791
0.44275331
0.44289044
0.44289044
0.44289044
0.44289044
0.44302756
0.44316468
0.44316468
0.44316468
0.4433018
0.44343892
0.44357604
0.44357604
0.44371316
0.44371316
0.44357604
0.44385028
0.4441245
0.4441245
0.4442616
0.4442616
0.4442616
0.44439873
0.44439873
0.44439873
0.44439873
0.44453585
0.44467297
0.44467297
0.4448101
0.44508433
0.44508433
0.44508433
0.4454957
0.4454957
0.4454957
0.4456328
0.4456328
0.4456328
0.4456328
0.4456328
0.44590703
0.4463184
0.4463184
0.44672975
0.44686687
0.44714108
0.44741532
0.44755244
0.44755244
0.44768956
0.44768956
0.44782668
0.44782668
0.44810092
0.44810092
0.44810092
0.44810092
0.44810092
0.44823804
0.44837517
0.4485123
0.4487865
0.44919786
0.44919786
0.44919786
0.44919786
0.44919786
0.44933498
0.4494721
0.44960922
0.44960922
0.44960922
0.44974634
0.44974634
0.44988346
0.44988346
0.45015767
0.4504319
0.4504319
0.4502948
0.4504319
0.4504319
0.45056903
0.45070615
0.45070615
0.45084327
0.45084327
0.4509804
0.4509804
0.4509804
0.4509804
0.45084327
0.45084327
0.45084327
0.45070615
0.4509804
0.4509804
0.45056903
0.45070615
0.45084327
0.45111752
0.45111752
0.45111752
0.45111752
0.45125464
0.45125464
0.45125464
0.45125464
0.45125464
0.45111752
0.45111752
0.45125464
0.45125464
0.45125464
0.45139176
0.45152888
0.45152888
0.45152888
0.45139176
0.45166597
0.45166597
0.45166597
0.45166597
0.45166597
0.45166597
0.45166597
0.4519402
0.45207733
0.45207733
0.45207733
0.45207733
0.45207733
0.45207733
0.45235157
0.45235157
0.4524887
0.4526258
0.4526258
0.4526258
0.4526258
0.4526258
0.4526258
0.45276293
0.45276293
0.45276293
0.45276293
0.45290005
0.45290005
0.45290005
0.45303717
0.45303717
0.45303717
0.45303717
0.45290005
0.45290005
0.45303717
0.45303717
0.45303717
0.45303717
0.45317426
0.45317426
0.45317426
0.45331138
0.45331138
0.45331138
0.45331138
0.45331138
0.45358562
0.45358562
0.45358562
0.45372275
0.45385987
0.45385987
0.45385987
0.45372275
0.45372275
0.45385987
0.453997
0.453997
0.453997
0.45427123
0.45440835
0.45454547
0.45454547
0.45454547
0.45454547
0.45454547
0.45468256
0.45481968
0.45481968
0.45509392
0.45523104
0.4556424
0.45577952
0.45550528
0.4556424
0.4556424
0.45591664
0.45605376
0.45619085
0.45632797
0.45687646
0.45687646
0.45701358
0.45701358
0.45728782
0.45769915
0.45769915
0.45783627
0.45783627
0.45783627
0.45783627
0.45783627
0.45783627
0.4579734
0.4579734
0.4581105
0.4581105
0.4587961
0.45893323
0.45893323
0.45893323
0.45934457
0.45920745
0.4594817
0.45975593
0.45975593
0.45989305
0.4601673
0.4601673
0.4601673
0.4603044
0.46085286
0.46098998
0.46098998
0.46085286
0.46098998
0.46098998
0.46098998
0.4611271
0.4611271
0.4611271
0.46153846
0.46153846
0.46194983
0.46208695
0.46208695
0.46208695
0.46222404
0.46236116
0.46249828
0.46249828
0.46249828
0.4626354
0.4626354
0.46277252
0.46290964
0.46290964
0.46290964
0.46318388
0.46373233
0.46386945
0.46386945
0.46400657
0.4641437
0.46441793
0.46441793
0.4642808
0.4642808
0.46455505
0.46455505
0.46441793
0.46455505
0.46455505
0.46455505
0.46441793
0.46441793
0.46441793
0.46455505
0.46469218
0.46496642
0.46496642
0.46510354
0.46496642
0.46496642
0.46496642
0.46496642
0.46510354
0.46524063
0.46524063
0.46537775
0.46537775
0.46537775
0.46524063
0.46537775
0.46537775
0.46537775
0.46537775
0.46537775
0.46551487
0.465652
0.46592623
0.46592623
0.46606335
0.46620047
0.46620047
0.46620047
0.4664747
0.4664747
0.46661183
0.46688604
0.46688604
0.46702316
0.46702316
0.46688604
0.46688604
0.46688604
0.46716028
0.46716028
0.46716028
0.46716028
0.4672974
0.4672974
0.4672974
0.46743453
0.46757165
0.46757165
0.46757165
0.46757165
0.46770877
0.467983
0.467983
0.46825722
0.46825722
0.46853146
0.46866858
0.46866858
0.46907994
0.46907994
0.46935418
0.4694913
0.47003976
0.470314
0.470314
0.470314
0.47045112
0.47058824
0.4709996
0.4709996
0.4712738
0.47154805
0.47154805
0.47168517
0.47168517
0.47168517
0.4719594
0.47209653
0.47209653
0.47237077
0.4725079
0.4725079
0.4725079
0.47237077
0.47237077
0.4727821
0.47305635
0.47319347
0.4733306
0.4734677
0.47360483
0.47360483
0.47360483
0.4734677
0.47360483
0.47374195
0.47360483
0.47387907
0.47387907
0.4740162
0.4740162
0.4740162
0.4740162
0.4740162
0.4740162
0.4740162
0.4740162
0.4740162
0.4741533
0.4742904
0.4742904
0.47442752
0.47442752
0.47442752
0.47442752
0.47442752
0.47456464
0.47470176
0.47470176
0.47456464
0.47456464
0.47456464
0.47442752
0.4742904
0.4742904
0.4741533
0.4742904
0.47456464
0.47470176
0.47456464
0.47470176
0.47456464
0.47456464
0.47470176
0.47470176
0.47470176
0.47470176
0.47456464
0.47442752
0.47456464
0.47456464
0.47456464
0.47456464
0.47456464
0.47470176
0.47483888
0.47483888
0.47483888
0.47483888
0.474976
0.47525024
0.47525024
0.47525024
0.47525024
0.47525024
0.47525024
0.4755245
0.4756616
0.4756616
0.4757987
0.47593582
0.47607294
0.47607294
0.47607294
0.47593582
0.47593582
0.47593582
0.4756616
0.4755245
0.4755245
0.4755245
0.4755245
0.4755245
0.4756616
0.4755245
0.4755245
0.4756616
0.4756616
0.4756616
0.4756616
0.4756616
0.4757987
0.4757987
0.47607294
0.47607294
0.47634718
0.47662142
0.47662142
0.47675854
0.47675854
0.47689566
0.47689566
0.4771699
0.47730702
0.4774441
0.47758123
0.47771835
0.47785547
0.4779926
0.47826684
0.47826684
0.4781297
0.4781297
0.4779926
0.4781297
0.4781297
0.4781297
0.4781297
0.47826684
0.47826684
0.47840396
0.47840396
0.47854108
0.4786782
0.47881532
0.47881532
0.47881532
0.4786782
0.47854108
0.47840396
0.47854108
0.47854108
0.4786782
0.4786782
0.4786782
0.4786782
0.4786782
0.4786782
0.47881532
0.47922665
0.47936377
0.479638
0.47977513
0.47977513
0.47977513
0.47991225
0.47991225
0.47991225
0.47991225
0.47977513
0.47991225
0.479638
0.479638
0.479638
0.479638
0.48004937
0.48004937
0.4801865
0.4801865
0.4801865
0.4801865
0.4801865
0.4801865
0.4801865
0.4801865
0.4801865
0.4801865
0.48004937
0.48004937
0.47977513
0.48004937
0.48004937
0.48004937
0.48004937
0.48004937
0.48004937
0.4801865
0.4803236
0.4801865
0.4803236
0.4803236
0.48059782
0.48059782
0.48073494
0.48073494
0.4810092
0.4810092
0.4810092
0.4811463
0.48128343
0.48128343
0.48142055
0.48142055
0.48128343
0.48128343
0.48128343
0.48142055
0.48155767
0.4816948
0.4816948
0.4818319
0.481969
0.48210612
0.48210612
0.48224324
0.48224324
0.48224324
0.48251748
0.4826546
0.4826546
0.48279172
0.48279172
0.48279172
0.48306596
0.48306596
0.48320308
0.4833402
0.4834773
0.4834773
0.4834773
0.48361441
0.48375154
0.48375154
0.48388866
0.48388866
0.48402578
0.48402578
0.48402578
0.4841629
0.4841629
0.48430002
0.48430002
0.48457426
0.4848485
0.4849856
0.4848485
0.4848485
0.4848485
0.4849856
0.4849856
0.4849856
0.4851227
0.48525983
0.48525983
0.48525983
0.48525983
0.48525983
0.48539695
0.48553407
0.48553407
0.48553407
0.48553407
0.48553407
0.48553407
0.4856712
0.4858083
0.48594543
0.48608255
0.48608255
0.48621967
0.48621967
0.4863568
0.4863568
0.4863568
0.48690525
0.48704237
0.4873166
0.4873166
0.4873166
0.4873166
0.4873166
0.48745373
0.48759085
0.48759085
0.48759085
0.48800218
0.48800218
0.48800218
0.48800218
0.48800218
0.48800218
0.4881393
0.4881393
0.48827642
0.48827642
0.48841354
0.48841354
0.48855066
0.48855066
0.48868778
0.4888249
0.4888249
0.48909914
0.48923627
0.4893734
0.48951048
0.4896476
0.48992184
0.48992184
0.48992184
0.4903332
0.49047032
0.49060744
0.49060744
0.49074456
0.49101877
0.49101877
0.491293
0.491293
0.49143013
0.49143013
0.49143013
0.49143013
0.49143013
0.49156725
0.49156725
0.49156725
0.49156725
0.49170437
0.49170437
0.49170437
0.49170437
0.4918415
0.4918415
0.4918415
0.49197862
0.49211574
0.49238998
0.49238998
0.4926642
0.4926642
0.4926642
0.4928013
0.49293843
0.4933498
0.49376115
0.49389827
0.49389827
0.49403536
0.49403536
0.49472097
0.4949952
0.49513233
0.49540657
0.49568078
0.49595502
0.49609214
0.49622926
0.49664062
0.49677774
0.49677774
0.49705195
0.4973262
0.49746332
0.4973262
0.4973262
0.49746332
0.49760044
0.49787468
0.4980118
0.49814892
0.49842316
0.49856025
0.49856025
0.49869737
0.49869737
0.49869737
0.4988345
0.4989716
0.49910873
0.49910873
0.49910873
0.49938297
0.49993145
0.49993145
0.50006855
0.5002057
0.5002057
0.5003428
0.50047994
0.500617
0.5007542
0.5007542
0.5007542
0.50089127
0.50089127
0.50089127
0.50089127
0.50102836
0.50102836
0.50102836
0.50102836
0.50102836
0.50102836
0.50102836
0.50102836
0.50102836
0.5011655
0.50102836
0.50102836
0.5011655
0.5013026
0.5013026
0.5013026
0.5013026
0.50143975
0.50143975
0.50157684
0.50143975
0.5013026
0.5013026
0.5013026
0.5013026
0.5013026
0.5013026
0.5013026
0.5013026
0.5013026
0.50143975
0.50143975
0.50157684
0.50157684
0.50157684
0.50157684
0.501714
0.5018511
0.5018511
0.50198823
0.5021253
0.5021253
0.5021253
0.5021253
0.5021253
0.5021253
0.50239956
0.50239956
0.50253665
0.50253665
0.50253665
0.50253665
0.50253665
0.50239956
0.50239956
0.50239956
0.50239956
0.50239956
0.50253665
0.50253665
0.50253665
0.5026738
0.5026738
0.5026738
0.5026738
0.5028109
0.5028109
0.5028109
0.5028109
0.5028109
0.5028109
0.5028109
0.5026738
0.50253665
0.50253665
0.50253665
0.5026738
0.5026738
0.5028109
0.5026738
0.5026738
0.50239956
0.5022625
0.50198823
0.50198823
0.5018511
0.5018511
0.5018511
0.5018511
0.5018511
0.5018511
0.5018511
0.5018511
0.50198823
0.5021253
0.50198823
0.5018511
0.501714
0.5018511
0.50239956
0.50239956
0.5026738
0.5026738
0.50253665
0.50253665
0.50253665
0.50253665
0.50253665
0.50239956
0.50253665
0.50253665
0.50253665
0.50239956
0.50239956
0.5022625
0.5022625
0.50239956
0.5028109
0.5028109
0.5028109
0.50308514
0.50308514
0.50294805
0.5032223
0.5032223
0.5032223
0.5032223
0.5032223
0.50308514
0.50308514
0.50294805
0.5032223
0.5034965
0.5036336
0.5036336
0.50377077
0.50377077
0.50390786
0.5041821
0.5043192
0.5043192
0.50459343
0.50459343
0.50459343
0.5047306
0.5048677
0.5048677
0.5050048
0.5050048
0.5050048
0.5050048
0.5050048
0.5050048
0.5050048
0.5050048
0.5051419
0.5051419
0.5051419
0.50527906
0.50541615
0.50541615
0.50541615
0.50541615
0.50541615
0.50541615
0.50555325
0.50555325
0.50555325
0.50555325
0.50555325
0.50555325
0.5056904
0.5058275
0.50596464
0.5061017
0.50596464
0.5061017
0.5061017
0.50596464
0.5058275
0.5058275
0.5058275
0.5058275
0.5058275
0.50596464
0.50596464
0.5061017
0.5061017
0.5061017
0.5062389
0.5062389
0.5062389
0.5062389
0.5061017
0.5061017
0.5061017
0.50596464
0.50596464
0.50596464
0.50596464
0.50596464
0.50596464
0.50596464
0.5061017
0.50637597
0.50637597
0.50637597
0.50637597
0.50637597
0.5065131
0.5065131
0.50637597
0.50637597
0.5065131
0.50637597
0.50637597
0.50637597
0.50637597
0.5062389
0.5062389
0.5062389
0.5061017
0.5061017
0.5061017
0.5061017
0.50637597
0.50637597
0.5062389
0.5062389
0.5062389
0.5062389
0.50637597
0.5061017
0.5061017
0.5061017
0.5062389
0.5062389
0.5061017
0.5061017
0.5062389
0.5062389
0.50637597
0.50637597
0.5062389
0.5062389
0.5065131
0.5065131
0.5066502
0.5066502
0.5066502
0.5066502
0.5066502
0.5066502
0.50678736
0.50692445
0.50692445
0.50692445
0.5066502
0.5066502
0.5066502
0.50637597
0.5062389
0.5062389
0.5062389
0.50637597
0.5061017
0.5061017
0.5061017
0.5061017
0.5061017
0.5061017
0.5061017
0.5061017
0.5061017
0.5061017
0.5061017
0.5061017
0.5058275
0.5058275
0.5058275
0.50596464
0.5061017
0.5062389
0.5065131
0.5065131
0.5066502
0.5066502
0.5066502
0.5066502
0.50678736
0.50678736
0.50692445
0.50692445
0.50692445
0.50706154
0.50706154
0.50706154
0.50706154
0.50706154
0.5071987
0.5073358
0.5073358
0.5073358
0.5073358
0.5073358
0.50761
0.50788426
0.50788426
0.5080214
0.5080214
0.5080214
0.5080214
0.5080214
0.5080214
0.50788426
0.50788426
0.5081585
0.5081585
0.5081585
0.5081585
0.50829566
0.50856984
0.508707
0.5088441
0.5088441
0.5089812
0.5088441
0.5088441
0.5088441
0.5088441
0.5088441
0.5088441
0.5088441
0.5089812
0.5089812
0.5091183
0.50925547
0.50925547
0.50925547
0.50925547
0.50925547
0.5089812
0.5088441
0.5088441
0.5088441
0.5088441
0.5088441
0.5088441
0.5088441
0.5088441
0.508707
0.50856984
0.50856984
0.508707
0.5088441
0.508707
0.5088441
0.5088441
0.5089812
0.5089812
0.5089812
0.5089812
0.5089812
0.5089812
0.5089812
0.5089812
0.5091183
0.5091183
0.5091183
0.50925547
0.5091183
0.50939256
0.50939256
0.50980395
0.50994104
0.50994104
0.51007813
0.51007813
0.5103524
0.5103524
0.5103524
0.5103524
0.5104895
0.5104895
0.5104895
0.5106266
0.51076376
0.51076376
0.51090086
0.51090086
0.51090086
0.511038
0.5111751
0.5111751
0.51131225
0.51144934
0.51144934
0.5117236
0.5117236
0.5117236
0.51186067
0.51186067
0.5119978
0.5121349
0.51227206
0.51227206
0.51240915
0.51240915
0.51240915
0.51240915
0.51240915
0.51240915
0.51240915
0.5125463
0.5126834
0.5126834
0.51295763
0.51295763
0.51295763
