0.2905526
0.2905526
0.2905526
0.2905526
0.2905526
0.2905526
0.2905526
0.2905526
0.2905526
0.2905526
0.2905526
0.2905526
0.2905526
0.2905526
0.2905526
0.2905526
0.2905526
0.2905526
0.2905526
0.2905526
0.2905526
0.2905526
0.2905526
0.2905526
0.2905526
0.2905526
0.2905526
0.2905526
0.2905526
0.2905526
0.2905526
0.2905526
0.2905526
0.2905526
0.2905526
0.2905526
0.2905526
0.2905526
0.2905526
0.2905526
0.292198
0.292198
0.29891676
0.29891676
0.29891676
0.29891676
0.30399013
0.30590978
0.30728096
0.31194296
0.30796653
0.30824077
0.303853
0.30824077
0.31194296
0.30810365
0.30810365
0.30974907
0.30878925
0.3122172
0.31660497
0.3137255
0.31811327
0.31811327
0.31811327
0.31907308
0.32126698
0.3229124
0.33031675
0.33113945
0.33059096
0.33292198
0.33470452
0.33662415
0.33648705
0.337584
0.33840668
0.3415604
0.34731933
0.3493761
0.35115865
0.35129577
0.3825586
0.4110791
0.41149047
0.40888524
0.4009324
0.3979158
0.3861237
0.39133415
0.4032634
0.41656384
0.42218566
0.4187577
0.42410532
0.4140957
0.413273
0.41971755
0.41450706
0.42054024
0.41971755
0.4234197
0.42629918
0.42657343
0.4409708
0.4424791
0.43973672
0.42808172
0.43521184
0.44535857
0.4402852
0.4371315
0.4394625
0.44439873
0.4487865
0.44823804
0.45427123
0.45701358
0.45728782
0.46194983
0.46167558
0.46249828
0.46153846
0.46592623
0.46098998
0.46866858
0.4664747
0.46853146
0.47305635
0.47058824
0.46702316
0.46935418
0.46812013
0.46921706
0.46661183
0.46757165
0.4626354
0.46400657
0.4657891
0.46702316
0.465652
0.46661183
0.46620047
0.46510354
0.46455505
0.463321
0.4648293
0.4642808
0.46606335
0.4663376
0.46716028
0.46839434
0.46907994
0.4688057
0.47017688
0.47045112
0.47305635
0.4734677
0.47305635
0.4719594
0.47223365
0.4719594
0.47319347
0.47538736
0.47538736
0.47593582
0.47730702
0.4742904
0.47387907
0.4755245
0.4755245
0.47634718
0.4756616
0.47730702
0.47908953
0.4774441
0.47689566
0.47771835
0.4789524
0.479638
0.4789524
0.4816948
0.4810092
0.481969
0.4811463
0.48251748
0.4833402
0.481969
0.48553407
0.48676813
0.4818319
0.4848485
0.48745373
0.48306596
0.4863568
0.48772797
0.4863568
0.48690525
0.48800218
0.48800218
0.48855066
0.49005896
0.48690525
0.49225286
0.49047032
0.49143013
0.49225286
0.49321267
0.491293
0.49417248
0.4926642
0.49526945
0.49321267
0.49252707
0.48375154
0.49362403
0.49458385
0.4973262
0.49609214
0.49472097
0.49814892
0.49760044
0.500617
0.49513233
0.50198823
0.49362403
0.49773756
0.49869737
0.50253665
0.50390786
0.5011655
0.50239956
0.50294805
0.5018511
0.50089127
0.5022625
0.50445634
0.5034965
0.5021253
0.50253665
0.50253665
0.5051419
0.5065131
0.5080214
0.5081585
0.50692445
0.5088441
0.50761
0.5117236
0.5088441
0.5096668
0.51007813
0.50939256
0.50994104
0.5117236
0.50994104
0.5115864
0.5115864
0.5104895
0.5135061
0.5130947
0.51542574
0.5151515
0.51432884
0.5176196
0.5130947
0.5157
0.5159742
0.51638556
0.5196764
0.52241874
0.5214589
0.5248869
0.5174825
0.5196764
0.5204991
0.5220074
0.5210476
0.52173316
0.52461267
0.5204991
0.51981354
0.5242013
0.52392703
0.5244755
0.52529824
0.52474976
0.52762926
0.53009737
0.5305087
0.53023446
0.53119427
0.53174275
0.5328397
0.53023446
0.53270257
0.5329768
0.53517073
0.5369533
0.5359934
0.53722745
0.5350336
0.5365419
0.5364048
0.5396956
0.53846157
0.54065543
0.5407925
0.5396956
0.5427122
0.5427122
0.54257506
0.5428493
0.5466886
0.5449061
0.5464144
0.54545456
0.54449475
0.548334
0.54997945
0.54956806
0.5481969
0.54805976
0.5462772
0.55162483
0.55011654
0.5547786
0.5534074
0.55710953
0.5561497
0.5591663
0.56149733
0.55848074
0.5598519
0.5588921
0.561086
0.5591663
0.5636912
0.5620458
0.564651
0.56533664
0.5635541
0.56588507
0.5642397
0.5641026
0.5641026
0.56547374
0.56698203
0.56890166
0.56643355
0.5726039
0.57040995
0.5701358
0.5691759
0.57315236
0.57644314
0.572741
0.5721925
0.57342654
0.5737008
0.57082134
0.57342654
0.5794597
0.57781434
0.58165365
0.5667078
0.57973397
0.57877415
0.5819279
0.5804196
0.58220214
0.5811052
0.58083093
0.5765803
0.58028245
0.5728781
0.5784999
0.5795969
0.58028245
0.5815165
0.5834362
0.57479775
0.58220214
0.58179075
0.5849445
0.5852187
0.58480734
0.5805567
0.5850816
0.5811052
0.58220214
0.5769916
0.58165365
0.5865899
0.58467025
0.5794597
0.58768684
0.58467025
0.5883724
0.58124226
0.5898807
0.5904292
0.58713835
0.58261347
0.5874126
0.58329904
0.59111476
0.5830248
0.58617854
0.5894694
0.5824763
0.59317154
0.5839846
0.59550256
0.59358287
0.5959139
0.5933086
0.5919375
0.5923488
0.5874126
0.58960646
0.59248596
0.59646237
0.59755933
0.5961881
0.59961605
0.59714794
0.59755933
0.5997532
0.598382
0.60112435
0.5972851
0.60263264
0.60181
0.5990676
0.60564923
0.5987934
0.5993418
0.5987934
0.59755933
0.5993418
0.60249555
0.6059235
0.60194707
0.60551214
0.6082545
0.60743177
0.6046894
0.6027698
0.60482657
0.6051008
0.60743177
0.6130536
0.60784316
0.6038667
0.6037296
0.6060606
0.6166187
0.6115453
0.6167558
0.6136021
0.61442477
0.6156589
0.6120938
0.6171672
0.6141506
0.61195666
0.6061977
0.6136021
0.61181957
0.610037
0.624023
0.61195666
0.6160702
0.6192239
0.6141506
0.6127794
0.61250514
0.61744136
0.62978196
0.62333745
0.61401343
0.6152475
0.62786233
0.62484574
0.6245715
0.6229261
0.62717676
0.61785275
0.62635404
0.6214178
0.6175785
0.61894965
0.624023
0.6211436
0.6315645
0.6192239
0.6296449
0.63033044
0.6300562
0.62868506
0.62786233
0.62347454
0.6315645
0.62923354
0.6359523
0.6389689
0.6380091
0.6275881
0.6337584
0.63225013
0.64212257
0.63732344
0.63951737
0.6397916
0.643768
0.6374606
0.63965446
0.6284108
0.63416976
0.6482929
0.6407514
0.63951737
0.64500207
0.64404225
0.65158373
0.65007544
0.63814616
0.6492527
0.64034003
0.64911556
0.6532291
0.6463732
0.6474702
0.6354038
0.6514466
0.65268064
0.6556972
0.6543261
0.65638286
0.653092
0.65939945
0.65651995
0.65898806
0.6626902
0.65597147
0.66296446
0.66200465
0.6636501
0.66488415
0.6631016
0.6615933
0.66735226
0.6711916
0.66803783
0.66748935
0.67201424
0.66748935
0.6710544
0.67050594
0.66940904
0.66748935
0.6769505
0.6707802
0.6677636
0.6732483
0.6780474
0.6820239
0.67585355
0.6754422
0.6776361
0.6790073
0.6699575
0.68037844
0.677499
0.6814754
0.68366927
0.6805156
0.6801042
0.6831208
0.68270946
0.6838064
0.6820239
0.6801042
0.6809269
0.68572605
0.6869601
0.6780474
0.68654877
0.683395
0.6849033
0.6835322
0.68120116
0.68819416
0.68476623
0.6883313
0.68819416
0.6907994
0.6801042
0.6894282
0.6870972
0.6855889
0.6883313
0.6849033
0.69121075
0.693816
0.69614697
0.6883313
0.6923077
0.68325794
0.68586314
0.6958728
0.69669545
0.6960099
0.69751817
0.6943645
0.6924448
0.7002605
0.6943645
0.6918963
0.69669545
0.6953243
0.705471
0.68805707
0.6931304
0.70122033
0.7017688
0.70451117
0.698478
0.7053339
0.7047854
0.70190597
0.70053476
0.70807624
0.70218015
0.707802
0.7072535
0.70739067
0.71054435
0.7032771
0.7068422
0.710133
0.7108186
0.7113671
0.70807624
0.70903605
0.7131496
0.7146579
0.70752776
0.71452075
0.70656794
0.7141094
0.7142465
0.7169889
0.7131496
0.7184972
0.71246403
0.7180858
0.71397233
0.717126
0.718223
0.7193199
0.7184972
0.71644044
0.71589196
0.7211024
0.7157548
0.72055393
0.7191828
0.7209653
0.718223
0.7237077
0.7201426
0.72672427
0.7248046
0.7226107
0.7231592
0.72192514
0.7246675
0.7237077
0.7290553
0.72425616
0.7235705
0.72590154
0.7276841
0.7285068
0.7296037
0.72343343
0.727547
0.72891814
0.7232963
0.7278212
0.72836965
0.7290553
0.7305636
0.7319347
0.7324832
0.72686136
0.7320719
0.73440284
0.7319347
0.7335802
0.72987795
0.73371726
0.73289454
0.73371726
0.7316605
0.7326203
0.73330593
0.7346771
0.7348142
0.73179764
0.7316605
0.7346771
0.73179764
0.7319347
0.7370081
0.7356369
0.7341286
0.733443
0.73673385
0.7374194
0.7385164
0.73824215
0.7459207
0.73371726
0.7348142
0.73879063
0.7339915
0.7390649
0.7400247
0.7379679
0.74057317
0.7385164
0.74372685
0.73508847
0.7400247
0.7360483
0.74112165
0.7346771
0.7489373
0.74770325
0.7400247
0.7402989
0.743864
0.7390649
0.74071026
0.74372685
0.7453723
0.748526
0.7444124
0.74660635
0.73961335
0.74921155
0.7453723
0.7500343
0.74962294
0.74139583
0.7486631
0.74276704
0.7493487
0.74976003
0.74962294
0.7448238
0.7464692
0.7503085
0.7498972
0.7498972
0.7488002
0.74674344
0.7501714
0.748526
0.7494858
0.7504456
0.7504456
0.7504456
0.7504456
0.7503085
0.7503085
0.75071985
0.7486631
0.7504456
0.750857
0.7509941
0.750857
0.7504456
0.7509941
0.7503085
0.750857
0.75113124
0.7512683
0.7516797
0.7512683
0.75154257
0.7514055
0.7509941
0.750857
0.75154257
0.74976003
0.7518168
0.7516797
0.75071985
0.7514055
0.7516797
0.75113124
0.75154257
0.75154257
0.75209105
0.7514055
0.75359935
0.7519539
0.75154257
0.75209105
0.7519539
0.7518168
0.75305086
0.7514055
0.7514055
0.7516797
0.7509941
0.75209105
0.75442207
0.7518168
0.7519539
0.7540107
0.7546963
0.75222814
0.7519539
0.7553819
0.75373644
0.7542849
0.75510764
0.75442207
0.75305086
0.75058275
0.75359935
0.7512683
0.75455916
0.7541478
0.7538736
0.7541478
0.7542849
0.7541478
0.7529138
0.75455916
0.7549705
0.7546963
0.7546963
0.7548334
0.7546963
0.7546963
0.75524473
0.75524473
0.7549705
0.7538736
0.75455916
0.75373644
0.7568902
0.7557932
0.7542849
0.7540107
0.7562046
0.7563417
0.7557932
0.7546963
0.7557932
0.755519
0.7568902
0.75702727
0.7540107
0.75743866
0.7571644
0.75606745
0.75661594
0.7568902
0.75593036
0.755519
0.7557932
0.75702727
0.75785
0.7568902
0.7571644
0.756753
0.75661594
0.75743866
0.7557932
0.7568902
0.7562046
0.75785
0.75593036
0.7571644
0.75853556
0.7573015
0.7586727
0.7588098
0.75908405
0.7573015
0.7597696
0.75894696
0.75702727
0.7603181
0.7573015
0.7571644
0.7571644
0.75894696
0.756753
0.7618264
0.7611408
0.7568902
0.7583985
0.75990677
0.7627862
0.7618264
0.7622378
0.76498014
0.76539147
0.7607295
0.7627862
0.7616893
0.7594954
0.76251197
0.76004386
0.76251197
0.7662142
0.7607295
0.7662142
0.75990677
0.76648843
0.7618264
0.7662142
0.76210064
0.7673111
0.7667627
0.7662142
0.767174
0.76607704
0.7686823
0.7666255
0.76703686
0.767174
0.7673111
0.767174
0.7662142
0.7662142
0.7673111
0.76744825
0.76593995
0.76689976
0.76607704
0.7673111
0.76703686
0.7677225
0.76758534
0.7673111
0.7679967
0.7673111
0.76744825
0.7686823
0.7679967
0.76744825
0.76827097
0.76744825
0.76827097
0.76744825
0.7686823
0.76909363
0.76895654
0.76758534
0.7686823
0.7696421
0.7693679
0.76909363
0.76977926
0.77005345
0.76991636
0.76854515
0.769505
0.7703277
0.76991636
0.76991636
0.77005345
0.77005345
0.77128756
0.77279586
0.7732072
0.7701906
0.77238446
0.77238446
0.7732072
0.7734814
0.7703277
0.7716989
0.7703277
0.7733443
0.77156174
0.77046484
0.7733443
0.7716989
0.7736185
0.7734814
0.77156174
0.7734814
0.7736185
0.77375567
0.7736185
0.77293295
0.7740299
0.77087617
0.7707391
0.77087617
0.7736185
0.7732072
0.7733443
0.77087617
0.771836
0.7740299
0.7710133
0.77375567
0.7733443
0.774167
0.774167
0.77375567
0.77142465
0.7745784
0.7736185
0.774167
0.77389276
0.7740299
0.774167
0.77142465
0.77444124
0.7740299
0.7734814
0.7745784
0.77279586
0.77430415
0.7745784
0.77293295
0.77444124
0.7748526
0.7745784
0.7751268
0.7747155
0.7747155
0.7755382
0.77526397
0.77444124
0.7749897
0.7745784
0.77581245
0.7755382
0.77526397
0.77540106
0.7747155
0.7760867
0.7755382
0.77594954
0.7751268
0.77636087
0.7760867
0.7762238
0.7762238
0.77690935
0.7756753
0.776498
0.77581245
0.7755382
0.77690935
0.7770465
0.77636087
0.77677226
0.77690935
0.7770465
0.77732074
0.77732074
0.777595
0.777595
0.7766351
0.77594954
0.7770465
0.77732074
0.777595
0.7777321
0.7777321
0.7777321
0.77732074
0.7780063
0.7777321
0.77828056
0.77745783
0.777595
0.77732074
0.77786916
0.77841765
0.77786916
0.77841765
0.777595
0.77841765
0.77841765
0.77828056
0.7780063
0.77882904
0.777595
0.7791033
0.7781434
0.77937746
0.777595
0.7786919
0.7780063
0.7781434
0.7786919
0.7780063
0.7800631
0.77937746
0.7785548
0.7785548
0.7789661
0.7802002
0.7786919
0.78033733
0.7796517
0.7791033
0.7796517
0.77978885
0.7789661
0.77978885
0.77828056
0.77924037
0.77841765
0.77937746
0.78033733
0.7785548
0.7786919
0.7800631
0.7804744
0.7791033
0.7781434
0.77937746
0.77992594
0.77978885
0.7795146
0.7806116
0.7800631
0.77937746
0.77978885
0.77978885
0.77978885
0.77677226
0.7802002
0.77992594
0.77841765
0.7800631
0.77745783
0.78143424
0.7795146
0.77992594
0.7780063
0.77992594
0.78143424
0.7777321
0.7806116
0.7802002
0.7780063
0.7795146
0.77992594
0.7800631
0.7791033
0.7800631
0.777595
0.78033733
0.77978885
0.7800631
0.7806116
0.77992594
0.7800631
0.7804744
0.78074867
0.7802002
0.78225696
0.7786919
0.7786919
0.77882904
0.78129715
0.7804744
0.77937746
0.7785548
0.78074867
0.7777321
0.7796517
0.7826683
0.7815714
0.7786919
0.78033733
0.7785548
0.77882904
0.7817085
0.7777321
0.7786919
0.78225696
0.7796517
0.78129715
0.7825312
0.7800631
0.7815714
0.77992594
0.7785548
0.7785548
0.7796517
0.7815714
0.77937746
0.7810229
0.78088576
0.77992594
0.78143424
0.7815714
0.78225696
0.7817085
0.7819827
0.7791033
0.7806116
0.7817085
0.78129715
0.7819827
0.78033733
0.77978885
0.7819827
0.78129715
0.78088576
0.78033733
0.77786916
0.77937746
0.7806116
0.77924037
0.78294253
0.7818456
0.7825312
0.7806116
0.7795146
0.78088576
0.7810229
0.7826683
0.78211987
0.7830797
0.78225696
0.78033733
0.78294253
0.7832168
0.78280544
0.78376526
0.7833539
0.78431374
0.78362817
0.7848622
0.78376526
0.7840395
0.7841766
0.78472507
0.7844508
0.78691894
0.7848622
0.78678185
0.78774166
0.7870561
0.78829014
0.78842723
0.7887015
0.78842723
0.7887015
0.7885644
0.7888386
0.7899355
0.7903469
0.79075825
0.79171807
0.78979844
0.78829014
0.7885644
0.7893871
0.79062116
0.7899355
0.79075825
0.79130673
0.78966135
0.791581
0.790484
0.79171807
0.7908954
0.79377484
0.7924037
0.7908954
0.793912
0.7925408
0.7955574
0.7910325
0.791581
0.7925408
0.79473466
0.7935006
0.7959687
0.79473466
0.7935006
0.793912
0.7948718
0.7959687
0.7963801
0.797477
0.79912245
0.79624295
0.7959687
0.79775125
0.7980255
0.79761416
0.799808
0.7995338
0.79829973
0.80076784
0.8020019
0.80556697
0.806801
0.8040587
0.7989853
0.8040587
0.80309886
0.8083093
0.8095434
0.8080351
0.81393117
0.8095434
0.81009185
0.81393117
0.80597836
0.8132456
0.80858356
0.81612504
0.8166735
0.8147539
0.81447965
0.81201154
0.8166735
0.8153024
0.8166735
0.8147539
0.81749624
0.8217469
0.82394075
0.8191416
0.82051283
0.81763333
0.8251748
0.82586044
0.82298094
0.8232552
0.8397093
0.82586044
0.8240779
0.83395034
0.8275058
0.8272316
0.8388866
0.8291512
0.833539
0.831208
0.8286028
0.834636
0.8280543
0.8366927
0.8364185
0.83148223
0.8331277
0.8325792
0.8420403
0.84930754
0.8375154
0.83929795
0.85808307
0.8419032
0.84396
0.8573975
0.8613739
0.85849446
0.86013985
0.8479364
0.84574246
0.8372412
0.8572604
0.8542438
0.8612368
0.860277
0.8667215
0.8524613
0.8706979
0.84862196
0.8612368
0.86109966
0.8550665
0.86205953
0.8550665
0.88290143
0.8652132
0.8667215
0.8767311
0.8612368
0.8578088
0.8735774
0.87398875
0.876594
0.8802962
0.8735774
0.8720691
0.8582202
0.8745372
0.8826272
0.8804333
0.8790621
0.8804333
0.87494856
0.8786508
0.8850953
0.885918
0.8844097
0.8800219
0.8844097
0.8857809
0.88482106
0.8800219
0.88536954
0.89085424
0.8815302
0.88386124
0.89016867
0.89016867
0.88687783
0.88139313
0.8885232
0.89058
0.8896202
0.88619226
0.89030576
0.89016867
0.9153983
0.89483064
0.90168655
0.8959276
0.89318526
0.88632935
0.90415466
0.88920885
0.90333194
0.90264636
0.90401757
0.8960647
0.9036062
0.897573
0.90415466
0.907994
0.89565337
0.9127931
0.9051145
0.919649
0.9078568
0.91389
0.90470314
0.90305775
0.90909094
0.90950227
0.9107363
0.90662277
0.9144385
0.923214
0.9097765
0.9122446
0.91059923
0.9151241
0.9148499
0.92006034
0.90771973
0.90963936
0.9123817
0.92156863
0.9241739
0.91868913
0.92252845
0.9236254
0.92938435
0.9291101
0.9262306
0.9296586
0.93582886
0.91567254
0.92239136
0.92088306
0.9307555
0.9221171
0.9230769
0.92897296
0.93884546
0.9399424
0.9381599
0.93925685
0.92801315
0.9329494
0.9256822
0.9311669
0.9174551
0.9356918
0.94021666
0.93034416
0.93788564
0.92883587
0.93802273
0.9356918
0.9396682
0.93322366
0.94268477
0.93980527
0.9419992
0.93925685
0.9425476
0.94076514
0.9430961
0.93473196
0.9389826
0.94282186
0.94337034
0.9436446
0.9465241
0.9444673
0.94816947
0.939531
0.9439188
0.94378173
0.9478952
0.9485808
0.94926643
0.9467983
0.93788564
0.9498149
0.9329494
0.94090223
0.94433016
0.9491293
0.931304
0.949952
0.94720966
0.9465241
0.9381599
0.9515974
0.9495407
0.9514603
0.9500891
0.9521459
0.9467983
0.9513232
0.9485808
0.95269436
0.9533799
0.93980527
0.9528315
0.9483066
0.95036334
0.95269436
0.9539284
0.95255727
0.952283
0.9498149
0.9537913
0.956945
0.9489922
0.9507747
0.95516247
0.95475113
0.9436446
0.9563965
0.95721924
0.9514603
0.956945
0.9554367
0.95420265
0.9548882
0.95571095
0.9544769
0.95667076
0.95612234
0.9573564
0.9485808
0.9554367
0.95667076
0.9565337
0.95365417
0.9573564
0.9558481
0.9548882
0.95859045
0.9583162
0.956945
0.9539284
0.95667076
0.9574935
0.959276
0.95721924
0.959276
0.95708215
0.9607843
0.959276
0.9574935
0.959276
0.95968735
0.9552996
0.9599616
0.960373
0.960373
0.95955026
0.96009874
0.95913893
0.9584533
0.960373
0.9613328
0.960373
0.960373
0.9584533
0.96105856
0.9590018
0.96105856
0.9618813
0.96119565
0.9617441
0.9622926
0.9621555
0.96311533
0.9632524
0.96407515
0.95817906
0.96270394
0.9613328
0.96256685
0.9599616
0.9620184
0.9624297
0.95968735
0.9632524
0.9618813
0.9632524
0.96256685
0.9632524
0.9609214
0.9614699
0.9638009
0.95516247
0.96352667
0.9607843
0.9644865
0.96270394
0.9618813
0.96352667
0.9622926
0.9647607
0.9633896
0.96462363
0.96160704
0.9632524
0.96421224
0.96407515
0.9633896
0.96558344
0.9651721
0.9669546
0.96421224
0.96311533
0.9677773
0.9644865
0.96503496
0.963938
0.9684629
0.96270394
0.9644865
0.9644865
0.9659948
0.96709174
0.96421224
0.9675031
0.9702454
0.96791446
0.9636638
0.96791446
0.9648979
0.9643494
0.96709174
0.96558344
0.9698341
0.9648979
0.9698341
0.9675031
0.9666804
0.96860003
0.9659948
0.9668175
0.9707939
0.9707939
0.969697
0.9683258
0.9699712
0.96860003
0.969697
0.9721651
0.96955985
0.967366
0.96955985
0.9698341
0.97353625
0.9712053
0.96955985
0.9687371
0.969697
0.97093105
0.9687371
0.96942276
0.9668175
0.9703826
0.97353625
0.9712053
0.9692856
0.9659948
0.97093105
0.96791446
0.9716166
0.96791446
0.9717537
0.96860003
0.97202796
0.9707939
0.97257644
0.97189087
0.9716166
0.97202796
0.9729878
0.9729878
0.97408473
0.9721651
0.9717537
0.9716166
0.97408473
0.9717537
0.974359
0.97243935
0.97394764
0.9729878
0.97257644
0.97189087
0.9753188
0.9721651
0.9703826
0.973262
0.97339916
0.9751817
0.9736734
0.974359
0.97408473
0.9751817
0.9706568
0.9712053
0.97559303
0.97490746
0.9713424
0.9742219
0.974359
0.9713424
0.9723022
0.9727136
0.97504455
0.97353625
0.97504455
0.9738105
0.97093105
0.9723022
0.97545594
0.9738105
0.9758673
0.97353625
0.9747703
0.974359
0.9758673
0.974359
0.9747703
0.9746332
0.9757302
0.974359
0.9738105
0.9731249
0.9761415
0.97408473
0.9761415
0.9751817
0.97545594
0.9761415
0.97504455
0.97559303
0.9746332
0.97641575
0.9758673
0.97449607
0.9736734
0.97490746
0.9761415
0.97641575
0.97641575
0.9761415
0.97641575
0.9762786
0.97600436
0.9768271
0.97696424
0.97792405
0.9762786
0.9776498
0.9762786
0.9753188
0.9751817
0.9762786
0.97545594
0.9772385
0.9761415
0.9757302
0.9716166
0.97641575
0.9781983
0.973262
0.9712053
0.974359
0.97806114
0.97504455
0.9768271
0.97655284
0.9772385
0.9746332
0.97641575
0.97669
0.9798437
0.97696424
0.97655284
0.9783354
0.97449607
0.9747703
0.97792405
0.97696424
0.9761415
0.9777869
0.97847253
0.97806114
0.97888386
0.97847253
0.97696424
0.9783354
0.9742219
0.9776498
0.9771013
0.9771013
0.9797066
0.97792405
0.97806114
0.97847253
0.97751266
0.9798437
0.9799808
0.97792405
0.9798437
0.97806114
0.9781983
0.97737557
0.9797066
0.97669
0.9798437
0.9787468
0.9798437
0.9798437
0.9798437
0.97806114
0.9783354
0.97888386
0.9783354
0.9792952
0.9798437
0.97847253
0.97847253
0.9776498
0.9797066
0.9781983
0.9798437
0.9798437
0.9797066
0.9783354
0.9799808
0.97806114
0.9786096
0.9776498
0.97847253
0.9798437
0.9783354
0.97847253
0.97806114
0.98244894
0.9798437
0.9798437
0.9786096
0.9798437
0.98025507
0.98039216
0.9797066
0.97792405
0.9791581
0.97737557
0.9786096
0.9799808
0.9801179
0.98039216
0.9777869
0.98052925
0.9806664
0.97888386
0.98190045
0.98052925
0.9806664
0.98052925
0.9772385
0.98025507
0.97669
0.9823118
0.9801179
0.98190045
0.97902095
0.98052925
0.9797066
0.9831345
0.9798437
0.9798437
0.982586
0.9827232
0.98354584
0.98025507
0.9771013
0.9821747
0.9808035
0.9823118
0.97792405
0.98025507
0.98176336
0.9823118
0.98340875
0.98176336
0.9823118
0.9831345
0.9829974
0.98244894
0.98190045
0.983683
0.98286027
0.9827232
0.9812149
0.98354584
0.9831345
0.98244894
0.98327166
0.98286027
0.982586
0.983683
0.98286027
0.9829974
0.9816262
0.98286027
0.983683
0.9838201
0.98327166
0.98340875
0.9829974
0.98354584
0.98395723
0.9787468
0.98395723
0.9861511
0.9875223
0.9831345
0.9842315
0.9827232
0.98642534
0.98286027
0.98573977
0.98244894
0.98327166
0.98340875
0.9846428
0.9827232
0.983683
0.98738515
0.98340875
0.9866996
0.98573977
0.98573977
0.98477995
0.98327166
0.9829974
0.9846428
0.98875636
0.9840943
0.9868367
0.9851913
0.98779655
0.98244894
0.9854655
0.983683
0.98436856
0.9856026
0.98628825
0.9853284
0.98286027
0.98477995
0.9856026
0.98491704
0.98779655
0.9823118
0.9866996
0.98738515
0.98395723
0.9842315
0.9868367
0.98875636
0.9890306
0.98642534
0.98793364
0.9868367
0.98889345
0.98628825
0.98779655
0.98656243
0.9869738
0.98491704
0.98793364
0.98875636
0.98889345
0.98930484
0.9869738
0.98834497
0.9884821
0.9886192
0.98738515
0.98875636
0.98889345
0.98793364
0.98930484
0.98875636
0.9897162
0.9897162
0.9897162
0.9886192
0.9890306
0.98889345
0.98724806
0.9871109
0.9890306
0.9897162
0.9890306
0.98985326
0.9886192
0.9909502
0.9890306
0.9914987
0.9886192
0.9914987
0.9897162
0.9910873
0.989579
0.9876594
0.9901275
0.98985326
0.99040174
0.99232143
0.989579
0.99136156
0.9897162
0.9901275
0.98889345
0.9916358
0.99122447
0.99191004
0.99136156
0.9916358
0.9910873
0.9914987
0.9905389
0.9924585
0.9924585
0.9910873
0.9924585
0.99122447
0.9924585
0.9920472
0.9924585
0.99177295
0.989579
0.9905389
0.9921843
0.99122447
0.9925956
0.9914987
0.9914987
0.9921843
0.9925956
0.9910873
0.99191004
0.9924585
0.9924585
0.9924585
0.99177295
0.9924585
0.9924585
0.9924585
0.9924585
0.9925956
0.9924585
0.9925956
0.9924585
0.99232143
0.9924585
0.9924585
0.9916358
0.9924585
0.9925956
0.9924585
0.9925956
0.9925956
0.9925956
0.9924585
0.9925956
0.9925956
0.9925956
0.9924585
0.9924585
0.9925956
0.9925956
0.9924585
0.9925956
0.99232143
0.9925956
0.9924585
0.9925956
0.9924585
0.99232143
0.9924585
0.99232143
0.99232143
0.9924585
0.9924585
0.99232143
0.9925956
0.9924585
0.9924585
0.9924585
0.9924585
0.9916358
0.9925956
0.9925956
0.99273276
0.9924585
0.9925956
0.99273276
0.9925956
0.9924585
0.9924585
0.9925956
0.9925956
0.9925956
0.9925956
0.9924585
0.9924585
0.9924585
0.9924585
0.9925956
0.9924585
0.9925956
0.9925956
0.9925956
0.9925956
0.9925956
0.9924585
0.9924585
0.9925956
0.9925956
0.9925956
0.9925956
0.9924585
0.9925956
0.9925956
0.9925956
0.9925956
0.99273276
0.9925956
0.9924585
0.9925956
0.9925956
0.9925956
0.99286985
0.9925956
0.9925956
0.9925956
0.9924585
0.9924585
0.9925956
0.9925956
0.9924585
0.9924585
0.9925956
0.9924585
0.9925956
0.9925956
0.99232143
0.9924585
0.9925956
0.9924585
0.9925956
0.9924585
0.9925956
0.99286985
0.9925956
0.99232143
0.9925956
0.99232143
0.9924585
0.9925956
0.9925956
0.9925956
0.99273276
0.99273276
0.99273276
0.9925956
0.99273276
0.9925956
0.9925956
0.9925956
0.9925956
0.9924585
0.9925956
0.9924585
0.9925956
0.9925956
0.99273276
0.9925956
0.9925956
0.9924585
0.99286985
0.9925956
0.99286985
0.99273276
0.9924585
0.99273276
0.9925956
0.9925956
0.9925956
0.99273276
0.99273276
0.9924585
0.99273276
0.9925956
0.9925956
0.99273276
0.9925956
0.9924585
0.9925956
0.9925956
0.9925956
0.99273276
0.9925956
0.9924585
0.9925956
0.9925956
0.9925956
0.9925956
0.9924585
0.9924585
0.9925956
0.9924585
0.9924585
0.9924585
0.9924585
0.9924585
0.9924585
0.9925956
0.9924585
0.9924585
0.9924585
0.9925956
0.9925956
0.9925956
0.9925956
0.9925956
0.9925956
0.99273276
0.9924585
0.9924585
0.9925956
0.9925956
0.9925956
0.26024956
0.26024956
0.26024956
0.26024956
0.26024956
0.26024956
0.26024956
0.26024956
0.26024956
0.26024956
0.26024956
0.26024956
0.26024956
0.26024956
0.26024956
0.26024956
0.26024956
0.26024956
0.26024956
0.26024956
0.26024956
0.26024956
0.26024956
0.26024956
0.26024956
0.26024956
0.26024956
0.26024956
0.26024956
0.26024956
0.26024956
0.26024956
0.26024956
0.26024956
0.26024956
0.26024956
0.26024956
0.26024956
0.26024956
0.26024956
0.26024956
0.26024956
0.26024956
0.26024956
0.26024956
0.26024956
0.26024956
0.26024956
0.26024956
0.26024956
0.26024956
0.26024956
0.26024956
0.26024956
0.26024956
0.26024956
0.26024956
0.26024956
0.26024956
0.26024956
0.26024956
0.26024956
0.26024956
0.26024956
0.26024956
0.26024956
0.26024956
0.26024956
0.26024956
0.26024956
0.26024956
0.26024956
0.26024956
0.26024956
0.26024956
0.26024956
0.26024956
0.26024956
0.26024956
0.26024956
0.26024956
0.26024956
0.26024956
0.26024956
0.26024956
0.26024956
0.26024956
0.26024956
0.26024956
0.26024956
0.26024956
0.26024956
0.26024956
0.26024956
0.26024956
0.26024956
0.26024956
0.26024956
0.26024956
0.26024956
0.26024956
0.26024956
0.26024956
0.26024956
0.26024956
0.26024956
0.26024956
0.26024956
0.26024956
0.26024956
0.26024956
0.26024956
0.26024956
0.26024956
0.26024956
0.26024956
0.26024956
0.26024956
0.26024956
0.26024956
0.26024956
0.26024956
0.26024956
0.26024956
0.26024956
0.26024956
0.26024956
0.26024956
0.26024956
0.26024956
0.26024956
0.26024956
0.26024956
0.26024956
0.26024956
0.26024956
0.26024956
0.26024956
0.26024956
0.26024956
0.26024956
0.26024956
0.26024956
0.26024956
0.26024956
0.26024956
0.26024956
0.26024956
0.26024956
0.26024956
0.26024956
0.26024956
0.26024956
0.26024956
0.26024956
0.26024956
0.26024956
0.26024956
0.26024956
0.26024956
0.26024956
0.26024956
0.26024956
0.26024956
0.26024956
0.26024956
0.26024956
0.26024956
0.26024956
0.26024956
0.26024956
0.26024956
0.26024956
0.26024956
0.26024956
0.26024956
0.26024956
0.26024956
0.26024956
0.26024956
0.26024956
0.26024956
0.26024956
0.26024956
0.26024956
0.26024956
0.26024956
0.26024956
0.26024956
0.26024956
0.26024956
0.26024956
0.26024956
0.26024956
0.26024956
0.26024956
0.26024956
0.26024956
0.26024956
0.26024956
0.26024956
0.26024956
0.26024956
0.26024956
0.26024956
0.26024956
0.26024956
0.26024956
0.26024956
0.26024956
0.26024956
0.26024956
0.26024956
0.26024956
0.26024956
0.26024956
0.26024956
0.26024956
0.26024956
0.26024956
0.26024956
0.26024956
0.26024956
0.26024956
0.26024956
0.26024956
0.26024956
0.26024956
0.26024956
0.26024956
0.26024956
0.26024956
0.26024956
0.26024956
0.26024956
0.26024956
0.26024956
0.26024956
0.26024956
0.26024956
0.26024956
0.26024956
0.26024956
0.26024956
0.26024956
0.26024956
0.26024956
0.26024956
0.26024956
0.26024956
0.26024956
0.26024956
0.26024956
0.26024956
0.26024956
0.26024956
0.26024956
0.26024956
0.26024956
0.26024956
0.26024956
0.26024956
0.26024956
0.26024956
0.26024956
0.26024956
0.26024956
0.26024956
0.26024956
0.26024956
0.26024956
0.26024956
0.26024956
0.26024956
0.26024956
0.26024956
0.26024956
0.26024956
0.26024956
0.26024956
0.26024956
0.26024956
0.26024956
0.26024956
0.26024956
0.26024956
0.26024956
0.26024956
0.26024956
0.26024956
0.26024956
0.26024956
0.26024956
0.26024956
0.26024956
0.26024956
0.26024956
0.26024956
0.26024956
0.26024956
0.26024956
0.26024956
0.26024956
0.26024956
0.26024956
0.26024956
0.26024956
0.26024956
0.26024956
0.26024956
0.26024956
0.26024956
0.26024956
0.26024956
0.26024956
0.26024956
0.26024956
0.26024956
0.26024956
0.26024956
0.26024956
0.26024956
0.26024956
0.26024956
0.26024956
0.26024956
0.26024956
0.26024956
0.26024956
0.26024956
0.26024956
0.26024956
0.26024956
0.26024956
0.26024956
0.26024956
0.26024956
0.26024956
0.26024956
0.26024956
0.26024956
0.26024956
0.26024956
0.26024956
0.26024956
0.26024956
0.26024956
0.26024956
0.26024956
0.26024956
0.26024956
0.26024956
0.26024956
0.26024956
0.26024956
0.26024956
0.26024956
0.26024956
0.26024956
0.26024956
0.26024956
0.26024956
0.26024956
0.26024956
0.26024956
0.26024956
0.26024956
0.26024956
0.26024956
0.26024956
0.26024956
0.26024956
0.26024956
0.26024956
0.26024956
0.26024956
0.26024956
0.26024956
0.26024956
0.26024956
0.26024956
0.26024956
0.26024956
0.26024956
0.26024956
0.26024956
0.26024956
0.26024956
0.26024956
0.26024956
0.26024956
0.26024956
0.26024956
0.26024956
0.26024956
0.26024956
0.26024956
0.26024956
0.26024956
0.26024956
0.26024956
0.26024956
0.26024956
0.26024956
0.26024956
0.26024956
0.26024956
0.26024956
0.26024956
0.26024956
0.26024956
0.26024956
0.26024956
0.26024956
0.26024956
0.26024956
0.26024956
0.26024956
0.26024956
0.26024956
0.26024956
0.26024956
0.26024956
0.26024956
0.26024956
0.26024956
0.26024956
0.26024956
0.26024956
0.26024956
0.26024956
0.26024956
0.26024956
0.26024956
0.26024956
0.26024956
0.26024956
0.26024956
0.26024956
0.26024956
0.26024956
0.26024956
0.26024956
0.26024956
0.26024956
0.26024956
0.26024956
0.26024956
0.26024956
0.26024956
0.26024956
0.26024956
0.26024956
0.26024956
0.26024956
0.26024956
0.26024956
0.26024956
0.26024956
0.26024956
0.26024956
0.26024956
0.26024956
0.26024956
0.26024956
0.26024956
0.26024956
0.26024956
0.26024956
0.26024956
0.26024956
0.26024956
0.26024956
0.26024956
0.26024956
0.26024956
0.26024956
0.26024956
0.26024956
0.26024956
0.26024956
0.26024956
0.26024956
0.26024956
0.26024956
0.26024956
0.26024956
0.26024956
0.26024956
0.26024956
0.26024956
0.26024956
0.26024956
0.26024956
0.26024956
0.26024956
0.26024956
0.26024956
0.26024956
0.26024956
0.26024956
0.26024956
0.26024956
0.26024956
0.26024956
0.26024956
0.26024956
0.26024956
0.26024956
0.26024956
0.26024956
0.26024956
0.26024956
0.26024956
0.26024956
0.26024956
0.26024956
0.26024956
0.26024956
0.26024956
0.26024956
0.26024956
0.26024956
0.26024956
0.26024956
0.26024956
0.26024956
0.26024956
0.26024956
0.26024956
0.26024956
0.26024956
0.26024956
0.26024956
0.26024956
0.26024956
0.26024956
