0.3023447
0.35664335
0.45591664
0.47113672
0.47003976
0.48402578
0.5073358
0.51926506
0.5248869
0.5353078
0.53421086
0.5409297
0.5479227
0.5543672
0.56382835
0.5710956
0.58028245
0.5804196
0.5897436
0.59358287
0.5989305
0.60263264
0.60798025
0.6182641
0.6215549
0.62786233
0.62978196
0.63965446
0.6389689
0.6445907
0.64321953
0.6423968
0.64911556
0.65405184
0.65789115
0.6622789
0.6637872
0.66584396
0.6651584
0.67269987
0.6739339
0.6784588
0.6785959
0.6853147
0.68654877
0.6892911
0.68956536
0.6905252
0.6918963
0.6928562
0.6953243
0.7003977
0.7016317
0.70204306
0.70355135
0.7082133
