0.2905526
0.2905526
0.2905526
0.2905526
0.2905526
0.2905526
0.2905526
0.2905526
0.2905526
0.2905526
0.2905526
0.2905526
0.2905526
0.2905526
0.2905526
0.2905526
0.2905526
0.2905526
0.2905526
0.2905526
0.2905526
0.2905526
0.2905526
0.2905526
0.2905526
0.2905526
0.2905526
0.2905526
0.2905526
0.2905526
0.2905526
0.2905526
0.2905526
0.2905526
0.2905526
0.2905526
0.2905526
0.2905526
0.2905526
0.2905526
0.2905526
0.2905526
0.2905526
0.2905526
0.2905526
0.2905526
0.2905526
0.2905526
0.2905526
0.2905526
0.2905526
0.2905526
0.2905526
0.2905526
0.2905526
0.2905526
0.2905526
0.2905526
0.2905526
0.2905526
0.2905526
0.2905526
0.2905526
0.2905526
0.2905526
0.2905526
0.2905526
0.2905526
0.2905526
0.2905526
0.2905526
0.2905526
0.2905526
0.2905526
0.2905526
0.2905526
0.2905526
0.2905526
0.2905526
0.2905526
0.2905526
0.2905526
0.2905526
0.2905526
0.2905526
0.2905526
0.2905526
0.2905526
0.2905526
0.2905526
0.2905526
0.2905526
0.2905526
0.2905526
0.2905526
0.2905526
0.2905526
0.2905526
0.2905526
0.2905526
0.2905526
0.2905526
0.2905526
0.2905526
0.2905526
0.2905526
0.2905526
0.2905526
0.2905526
0.2905526
0.2905526
0.2905526
0.2905526
0.2905526
0.2905526
0.2905526
0.2905526
0.2905526
0.2905526
0.2905526
0.2905526
0.2905526
0.2905526
0.2905526
0.2905526
0.2905526
0.2905526
0.2905526
0.2905526
0.2905526
0.2905526
0.2905526
0.2905526
0.2905526
0.2905526
0.2905526
0.2905526
0.2905526
0.2905526
0.2905526
0.2905526
0.2905526
0.2905526
0.2905526
0.2905526
0.2905526
0.2905526
0.2905526
0.2905526
0.2905526
0.2905526
0.2905526
0.2905526
0.2905526
0.2905526
0.2905526
0.2905526
0.2905526
0.29686
0.29891676
0.29891676
0.30056217
0.30494994
0.31029755
0.30728096
0.3130399
0.31962156
0.32085562
0.3223639
0.32181543
0.32702592
0.3253805
0.3283971
0.32496914
0.32757437
0.32702592
0.32359797
0.32853422
0.32867134
0.3292198
0.32963115
0.32675168
0.32853422
0.33525297
0.3292198
0.32976827
0.33964074
0.33964074
0.34197176
0.34361717
0.3484163
0.34814206
0.34649664
0.34855342
0.34869054
0.34882763
0.34814206
0.34718224
0.34882763
0.3507473
0.35129577
0.35184422
0.35184422
0.35280406
0.35211846
0.3560949
0.3530783
0.35897437
0.3545866
0.35280406
0.35952282
0.3593857
0.3600713
0.36061978
0.36034554
0.3670643
0.36185384
0.36569312
0.36596736
0.3662416
0.36363637
0.3652818
0.36445907
0.3652818
0.36843547
0.370218
0.3677499
0.3724119
0.3747429
0.38584945
0.3861237
0.38502672
0.3870835
0.38214725
0.3847525
0.38269573
0.3831071
0.38296998
0.38296998
0.38296998
0.38296998
0.38420403
0.38269573
0.38296998
0.38420403
0.3846154
0.38365555
0.38722062
0.38502672
0.3861237
0.38530096
0.3855752
0.38735774
0.38571233
0.38886604
0.38818043
0.38968873
0.39201975
0.39558482
0.39613327
0.39503634
0.3964075
0.3964075
0.3962704
0.399287
0.3994241
0.39681888
0.3986014
0.40052104
0.40148088
0.40202934
0.40189222
0.40271494
0.40298918
0.40298918
0.4040861
0.4040861
0.40422323
0.40449747
0.40367475
0.40449747
0.40353763
0.40422323
0.40436035
0.403949
0.4046346
0.40436035
0.40655422
0.40532017
0.40655422
0.40723982
0.40696558
0.40778828
0.40778828
0.40216646
0.401618
0.403949
0.40106952
0.40600577
0.40600577
0.4071027
0.4064171
0.40806252
0.40833676
0.40723982
0.40902236
0.4076512
0.40984505
0.40833676
0.40600577
0.40929657
0.40819964
0.40504593
0.41025642
0.40669134
0.40970793
0.40504593
0.40888524
0.40737695
0.4054573
0.40669134
0.4055944
0.40874812
0.4071027
0.41025642
0.4076512
0.4064171
0.40751407
0.41053066
0.40669134
0.40984505
0.4095708
0.41025642
0.41039354
0.4094337
0.4101193
0.40737695
0.40751407
0.41025642
0.40778828
0.40806252
0.40902236
0.40984505
0.41286165
0.40998217
0.4101193
0.41368437
0.41053066
0.4101193
0.41066778
0.41080487
0.41080487
0.41354725
0.41341013
0.4125874
0.410942
0.41368437
0.41464418
0.4147813
0.41491842
0.41532975
0.41587824
0.41615248
0.41601536
0.41532975
0.41642672
0.4162896
0.4193062
0.41670096
0.41683805
0.41697517
0.4172494
0.4171123
0.4177979
0.417935
0.41820925
0.417935
0.41807213
0.41807213
0.41820925
0.41834635
0.41820925
0.4177979
0.41738653
0.4177979
0.4177979
0.417935
0.4177979
0.417935
0.41766077
0.417935
0.4177979
0.417935
0.41766077
0.4177979
0.41766077
0.41752365
0.4177979
0.4177979
0.417935
0.4172494
0.41601536
0.41807213
0.4171123
0.41820925
0.41820925
0.41834635
0.41834635
0.41834635
0.41834635
0.41820925
0.41820925
0.41848347
0.417935
0.41546687
0.41834635
0.4186206
0.41601536
0.41574112
0.4186206
0.41848347
0.41642672
0.417935
0.4186206
0.41834635
0.41683805
0.4186206
0.4186206
0.41738653
0.41656384
0.41889483
0.4186206
0.41738653
0.4187577
0.4187577
0.4171123
0.4186206
0.4187577
0.4187577
0.41889483
0.41903195
0.41766077
0.41903195
0.41903195
0.41903195
0.41903195
0.41889483
0.41889483
0.41766077
0.4177979
0.41807213
0.4187577
0.41889483
0.41807213
0.41916907
0.420266
0.4194433
0.41971755
0.41958043
0.41834635
0.41999176
0.4186206
0.41999176
0.42067736
0.41971755
0.4193062
0.420266
0.42040312
0.41958043
0.42067736
0.42081448
0.42150006
0.42054024
0.41999176
0.42150006
0.41999176
0.42081448
0.42218566
0.42218566
0.42150006
0.42191142
0.42067736
0.42067736
0.42273414
0.42273414
0.4224599
0.42287123
0.42369395
0.42355683
0.4232826
0.42369395
0.4217743
0.42259702
0.42437953
0.42410532
0.4256136
0.42575073
0.42451665
0.42671055
0.42671055
0.42424244
0.42780748
0.42739612
0.42876732
0.43000138
0.42725903
0.42959002
0.42739612
0.4279446
0.4286302
0.4286302
0.43068695
0.42739612
0.42835596
0.42808172
0.42986426
0.42835596
0.42972714
0.4317839
0.43342933
0.43370354
0.4301385
0.43192104
0.43288085
0.43274373
0.43356642
0.43384066
0.43288085
0.43288085
0.43534896
0.4324695
0.43548608
0.43397778
0.4326066
0.43589744
0.43493763
0.43301797
0.43905115
0.4424791
0.4395996
0.4356232
0.42671055
0.42575073
0.42437953
0.4264363
0.4232826
0.42876732
0.4269848
0.42739612
0.43068695
0.42191142
0.4172494
0.42040312
0.4304127
0.43672013
0.4387769
0.44042233
0.44357604
0.4454957
0.44590703
0.44590703
0.4449472
0.45235157
0.45125464
0.45550528
0.465652
0.46290964
0.44919786
0.4472782
0.4504319
0.4519402
0.45893323
0.4556424
0.4581105
0.4611271
0.465652
0.45481968
0.45824763
0.46386945
0.45660222
0.45303717
0.45769915
0.45701358
0.4642808
0.4549568
0.46098998
0.46304676
0.46167558
0.45893323
0.4648293
0.46222404
0.47003976
0.46853146
0.4611271
0.4618127
0.46359524
0.467983
0.4657891
0.46716028
0.46140134
0.4611271
0.46921706
0.46290964
0.46825722
0.47154805
0.46935418
0.47209653
0.46770877
0.46702316
0.47086248
0.4709996
0.47305635
0.4719594
0.47387907
0.47223365
0.4733306
0.4719594
0.47237077
0.47305635
0.47086248
0.4727821
0.47223365
0.472645
0.4718223
0.46962842
0.47168517
0.47223365
0.4741533
0.47387907
0.4727821
0.4718223
0.47223365
0.472645
0.47113672
0.47168517
0.47319347
0.47305635
0.47305635
0.47319347
0.47374195
0.47223365
0.47223365
0.4725079
0.47374195
0.4742904
0.47483888
0.4709996
0.47305635
0.472645
0.47483888
0.4742904
0.47113672
0.47305635
0.47154805
0.47305635
0.47442752
0.47456464
0.47319347
0.47511312
0.47291923
0.47086248
0.4712738
0.47387907
0.47141093
0.47511312
0.4755245
0.47621006
0.4734677
0.47593582
0.47470176
0.47511312
0.4764843
0.47483888
0.47442752
0.47483888
0.47223365
0.47538736
0.47483888
0.474976
0.47319347
0.47511312
0.47360483
0.47442752
0.4725079
0.47538736
0.4741533
0.4741533
0.47360483
0.47387907
0.474976
0.47483888
0.47675854
0.4755245
0.4741533
0.4734677
0.47319347
0.47593582
0.47703278
0.4733306
0.47730702
0.47511312
0.4718223
0.4733306
0.4789524
0.47621006
0.4757987
0.4712738
0.47442752
0.47470176
0.47538736
0.47017688
0.47374195
0.47387907
0.47045112
0.47442752
0.4733306
0.4774441
0.4818319
0.47826684
0.47758123
0.4786782
0.4771699
0.48073494
0.4764843
0.47634718
0.47689566
0.47593582
0.470314
0.47387907
0.47840396
0.479638
0.4764843
0.47881532
0.4781297
0.47840396
0.4803236
0.48128343
0.4771699
0.47703278
0.47881532
0.47977513
0.48128343
0.47977513
0.47991225
0.47826684
0.47593582
0.48155767
0.48128343
0.4803236
0.4781297
0.4818319
0.47991225
0.48224324
0.48457426
0.47826684
0.4795009
0.48073494
0.48224324
0.4811463
0.48430002
0.48155767
0.4841629
0.48375154
0.48471138
0.48594543
0.48676813
0.48279172
0.48772797
0.48525983
0.4811463
0.49088168
0.48539695
0.4856712
0.48128343
0.4826546
0.47977513
0.47881532
0.4816948
0.48238036
0.47840396
0.48471138
0.4881393
0.48745373
0.48251748
0.48539695
0.4881393
0.4864939
0.48279172
0.48430002
0.4873166
0.4816948
0.48608255
0.4856712
0.4878651
0.48608255
0.48238036
0.49293843
0.48827642
0.4881393
0.48800218
0.49143013
0.49074456
0.48827642
0.48951048
0.49101877
0.4881393
0.491293
0.49513233
0.49225286
0.49362403
0.49101877
0.49389827
0.49170437
0.49005896
0.49362403
0.49088168
0.49293843
0.49019608
0.4948581
0.49417248
0.491293
0.49472097
0.49444672
0.49156725
0.5018511
0.4965035
0.4958179
0.49636638
0.491293
0.49595502
0.49718907
0.49554366
0.49842316
0.49760044
0.49376115
0.49540657
0.49307555
0.49746332
0.5002057
0.49389827
0.49910873
0.49773756
0.4988345
0.49773756
0.49842316
0.49979433
0.49993145
0.49526945
0.5011655
0.49869737
0.4988345
0.49705195
0.5034965
0.49677774
0.4980118
0.50239956
0.50239956
0.4995201
0.500617
0.49787468
0.50047994
0.5036336
0.49746332
0.49376115
0.5028109
0.49924585
0.5018511
0.5041821
0.5018511
0.5056904
0.50294805
0.50390786
0.50390786
0.5018511
0.501714
0.5047306
0.5013026
0.5032223
0.5056904
0.50157684
0.50541615
0.50541615
0.5028109
0.50294805
0.50294805
0.50459343
0.50239956
0.5058275
0.5051419
0.50555325
0.50596464
0.5058275
0.50637597
0.50596464
0.50541615
0.5058275
0.50596464
0.5061017
0.5050048
0.50555325
0.50390786
0.50459343
0.5061017
0.5062389
0.50637597
0.50692445
0.5036336
0.5058275
0.50555325
0.50541615
0.5066502
0.5050048
0.50527906
0.5061017
0.5065131
0.50527906
0.5066502
0.5065131
0.5071987
0.5048677
0.50843275
0.50527906
0.50596464
0.50761
0.5051419
0.5061017
0.50527906
0.50527906
0.5066502
0.5058275
0.50596464
0.50459343
0.50555325
0.50541615
0.5047306
0.5033594
0.5047306
0.50706154
0.50706154
0.50404495
0.5077472
0.5048677
0.50596464
0.50637597
0.5047306
0.50459343
0.5048677
0.5056904
0.50706154
0.5047306
0.50788426
0.50747293
0.50678736
0.50678736
0.5091183
0.50747293
0.5080214
0.50761
0.50761
0.508707
0.5088441
0.50761
0.50856984
0.50856984
0.508707
0.50843275
0.50856984
0.50692445
0.5088441
0.508707
0.50761
0.5089812
0.5089812
0.5102153
0.5096668
0.5088441
0.50843275
0.50829566
0.5081585
0.5080214
0.508707
0.50939256
0.5091183
0.5088441
0.50925547
0.50925547
0.5095297
0.51007813
0.50994104
0.51076376
0.5096668
0.5111751
0.511038
0.5104895
0.51076376
0.51076376
0.5111751
0.511038
0.51090086
0.51090086
0.5104895
0.50994104
0.5106266
0.511038
0.51090086
0.5103524
0.511038
0.51090086
0.51090086
0.51240915
0.51336896
0.51378036
0.51227206
0.5132319
0.5135061
0.51391745
0.5130947
0.51378036
0.51378036
0.51474017
0.51583713
0.5151515
0.51583713
0.51474017
0.51474017
0.51474017
0.51474017
0.51432884
0.514603
0.514603
0.51474017
0.5140546
0.5144659
0.514603
0.5141917
0.51474017
0.5144659
0.51474017
0.5151515
0.51542574
0.51474017
0.5151515
0.51542574
0.51528865
0.5151515
0.514603
0.51474017
0.51378036
0.5144659
0.5130947
0.51432884
0.5150144
0.51474017
0.51693404
0.51679695
0.51528865
0.51789385
0.5150144
0.5173454
0.518031
0.51693404
0.51542574
0.51528865
0.51583713
0.51679695
0.5161113
0.51679695
0.5157
0.5172083
0.51789385
0.51583713
0.5151515
0.5170712
0.51679695
0.5173454
0.5159742
0.51638556
0.5159742
0.5161113
0.51624846
0.51624846
0.51624846
0.51583713
0.51624846
0.5155629
0.51638556
0.5159742
0.51378036
0.51528865
0.51474017
0.514603
0.5170712
0.514603
0.51638556
0.51583713
0.5151515
0.5155629
0.51679695
0.51487726
0.51487726
0.5150144
0.5161113
0.5170712
0.5174825
0.51528865
0.51679695
0.51487726
0.51528865
0.51693404
0.51693404
0.5176196
0.51583713
0.51528865
0.5172083
0.51775676
0.51775676
0.5181681
0.5176196
0.5173454
0.51638556
0.5170712
0.5172083
0.518031
0.5185795
0.51844233
0.5185795
0.5181681
0.5176196
0.5195393
0.51940215
0.5204991
0.51981354
0.5206362
0.5196764
0.5196764
0.520362
0.5210476
0.52022487
0.5204991
0.5204991
0.5214589
0.5200878
0.52132183
0.52077335
0.5240642
0.5210476
0.52392703
0.5229672
0.5225559
0.525024
0.5244755
0.52392703
0.52310437
0.5229672
0.5244755
0.5242013
0.5254353
0.5236528
0.5255725
0.5243384
0.5263952
0.5266694
0.52680653
0.5274921
0.5255725
0.52762926
0.5295489
0.52927464
0.53215414
0.5288633
0.53215414
0.53023446
0.52927464
0.5314685
0.5288633
0.52927464
0.52927464
0.53270257
0.53023446
0.53023446
0.5298231
0.5324284
0.53270257
0.5329768
0.5318799
0.5333882
0.5313314
0.5329768
0.5333882
0.53311396
0.5328397
0.53475934
0.5344851
0.534348
0.53475934
0.5350336
0.53517073
0.53475934
0.53462225
0.5344851
0.53421086
0.53366244
0.53407377
0.5348965
0.53366244
0.5353078
0.53421086
0.5335253
0.53407377
0.53407377
0.53462225
0.5333882
0.5335253
0.5358563
0.5344851
0.53475934
0.5344851
0.5348965
0.5353078
0.53517073
0.53421086
0.53517073
0.5335253
0.53421086
0.534348
0.53407377
0.53407377
0.535445
0.53517073
0.5339367
0.5344851
0.5350336
0.53421086
0.5364048
0.5365419
0.536679
0.535445
0.5359934
0.53613055
0.535445
0.536679
0.5368161
0.53626764
0.5364048
0.5364048
0.53626764
0.53613055
0.5364048
0.53613055
0.5373646
0.53722745
0.5365419
0.5375017
0.5365419
0.5369533
0.5365419
0.5364048
0.5365419
0.53709036
0.5368161
0.5364048
0.5373646
0.5359934
0.5364048
0.5364048
0.53626764
0.5359934
0.536679
0.5359934
0.5364048
0.5364048
0.5364048
0.536679
0.5368161
0.5358563
0.5365419
0.53777593
0.53626764
0.53709036
0.53613055
0.5358563
0.53626764
0.5369533
0.5359934
0.5368161
0.5364048
0.5369533
0.5368161
0.53722745
0.5365419
0.536679
0.5375017
0.5368161
0.53763884
0.53709036
0.53709036
0.5369533
0.5373646
0.53777593
0.5368161
0.53722745
0.5368161
0.5365419
0.5368161
0.5365419
0.5373646
0.5373646
0.5375017
0.53777593
0.5405183
0.5381873
0.5379131
0.5379131
0.53846157
0.5380502
0.53859866
0.5396956
0.53846157
0.53859866
0.53859866
0.5423008
0.53859866
0.53846157
0.53873575
0.5412039
0.53859866
0.5381873
0.5380502
0.5383244
0.54024404
0.5373646
0.53777593
0.5396956
0.5380502
0.5420266
0.5379131
0.5368161
0.5368161
0.54024404
0.5392842
0.53763884
0.53859866
0.5369533
0.5423008
0.5375017
0.536679
0.53722745
0.53846157
0.53777593
0.53846157
0.53722745
0.5375017
0.5388729
0.53846157
0.53777593
0.5380502
0.53846157
0.5388729
0.53846157
0.5427122
0.53873575
0.5383244
0.5375017
0.5412039
0.5381873
0.5381873
0.5383244
0.53914714
0.5433978
0.53901
0.53901
0.54257506
0.53873575
0.5383244
0.54147816
0.54312354
0.543672
0.5435349
0.5405183
0.5392842
0.53914714
0.54326063
0.5423008
0.54298645
0.5427122
0.5380502
0.542438
0.541341
0.54326063
0.54312354
0.53996986
0.5433978
0.54408336
0.5395585
0.54065543
0.5420266
0.5423008
0.5421637
0.5420266
0.5379131
0.5420266
0.5421637
0.53859866
0.5427122
0.5418895
0.54408336
0.543672
0.5428493
0.5420266
0.54312354
0.5421637
0.54298645
0.5380502
0.5420266
0.5423008
0.5433978
0.5438091
0.54394627
0.5449061
0.5412039
0.54147816
0.54175234
0.54257506
0.5427122
0.54326063
0.54312354
0.54312354
0.543672
0.5428493
0.5442205
0.54161525
0.5435349
0.5438091
0.5435349
0.54257506
0.54312354
0.5433978
0.5449061
0.5438091
0.54545456
0.5433978
0.5442205
0.54312354
0.5381873
0.54326063
0.5428493
0.54326063
0.54326063
0.5423008
0.54298645
0.5433978
0.5428493
0.5428493
0.5427122
0.5423008
0.5427122
0.5428493
0.5427122
0.5427122
0.54326063
0.5433978
0.5427122
0.5435349
0.54326063
0.5442205
0.5418895
0.54312354
0.54559165
0.543672
0.54449475
0.5438091
0.5435349
0.54449475
0.54408336
0.5457288
0.5453174
0.5433978
0.54326063
0.5428493
0.54408336
0.54326063
0.543672
0.5433978
0.5443576
0.5433978
0.5428493
0.5435349
0.5435349
0.54394627
0.54394627
0.54463184
0.54312354
0.5442205
0.5447689
0.5442205
0.5435349
0.5442205
0.5438091
0.5438091
0.5443576
0.54463184
0.5438091
0.5428493
0.5447689
0.54463184
0.54394627
0.5449061
0.5447689
0.5451803
0.5464144
0.5449061
0.5464144
0.5450432
0.54545456
0.5468257
0.54463184
0.5462772
0.54545456
0.54600304
0.54449475
0.5462772
0.5458659
0.54545456
0.5453174
0.54394627
0.5435349
0.5464144
0.54545456
0.54326063
0.5466886
0.54655147
0.5498423
0.5447689
0.54709995
0.55107635
0.55011654
0.548334
0.5458659
0.54764843
0.55011654
0.55052793
0.5508021
0.5492938
0.54805976
0.5473742
0.5479227
0.551762
0.54764843
0.54956806
0.5481969
0.5477855
0.54860824
0.5532703
0.5528589
0.5498423
0.55093926
0.55107635
0.5503908
0.54997945
0.548334
0.55052793
0.54997945
0.5497052
0.54901963
0.5498423
0.55313313
0.5488825
0.55148774
0.5498423
0.550665
0.5481969
0.5488825
0.5502537
0.5508021
0.54943097
0.5512135
0.55107635
0.5557384
0.5523104
0.5521733
0.55313313
0.5527218
0.55244756
0.5527218
0.5512135
0.54956806
0.55011654
0.550665
0.550665
0.5513506
0.55093926
0.54943097
0.55093926
0.5502537
0.5498423
0.5528589
0.55395585
0.55107635
0.55162483
0.5543672
0.54997945
0.5532703
0.5523104
0.54997945
0.5538187
0.55313313
0.5542301
0.551762
0.55313313
0.5535445
0.5536816
0.55313313
0.5527218
0.5536816
0.5532703
0.5523104
0.55313313
0.5547786
0.55162483
0.5535445
0.55313313
0.55491567
0.5547786
0.55299604
0.5535445
0.55491567
0.55409294
0.5543672
0.5535445
0.55450433
0.55395585
0.5573838
0.55409294
0.55546415
0.5566982
0.55491567
0.5562869
0.55546415
0.5568353
0.5542301
0.55560124
0.55546415
0.5557384
0.5573838
0.55546415
0.5550528
0.555327
0.55601263
0.55560124
0.5562869
0.5551899
0.55546415
0.5557384
0.555327
0.5562869
0.55560124
0.5557384
0.5566982
0.55710953
0.55697244
0.5575209
0.5561497
0.5558755
0.55560124
0.5547786
0.5565611
0.5575209
0.5568353
0.5572467
0.5551899
0.55601263
0.5557384
0.5558755
0.5566982
0.55491567
0.55848074
0.5580694
0.55930346
0.5542301
0.5565611
0.5558755
0.5551899
0.5582065
0.55710953
0.55793226
0.555327
0.5562869
0.55793226
0.55861783
0.55793226
0.558755
0.5572467
0.5562869
0.5573838
0.5565611
0.5566982
0.55944055
0.5591663
0.5565611
0.55779517
0.561086
0.56190866
0.5562869
0.55861783
0.5573838
0.5573838
0.5591663
0.55642396
0.5568353
0.55930346
0.558755
0.5588921
0.55710953
0.55848074
0.55793226
0.558755
0.55944055
0.5590292
0.55861783
0.5598519
0.5597148
0.5591663
0.55848074
0.5575209
0.5566982
0.55930346
0.55930346
0.558755
0.5595777
0.55944055
0.5598519
0.5620458
0.5602633
0.558755
0.56040037
0.558755
0.55944055
0.55848074
0.5588921
0.5580694
0.5616344
0.5612231
0.5612231
0.5598519
0.56094885
0.55793226
0.56190866
0.5606746
0.5591663
0.5601261
0.5572467
0.5580694
0.55793226
0.5613602
0.5613602
0.5602633
0.558755
0.56040037
0.56190866
0.5613602
0.5617716
0.5601261
0.5636912
0.55848074
0.56040037
0.5595777
0.5605375
0.56190866
0.55793226
0.5601261
0.5602633
0.5605375
0.56040037
0.56081176
0.5573838
0.56040037
0.5620458
0.5630056
0.5625943
0.5601261
0.56232005
0.56040037
0.5597148
0.5641026
0.561086
0.5628685
0.5651995
0.5621829
0.5625943
0.56245714
0.5631427
0.5612231
0.5616344
0.55998904
0.56190866
0.56396544
0.56533664
0.55930346
0.5627314
0.5595777
0.5642397
0.5631427
0.5601261
0.5606746
0.55930346
0.5591663
0.56382835
0.56245714
0.5628685
0.5591663
0.5621829
0.5641026
0.55793226
0.5620458
0.5617716
0.5641026
0.5630056
0.5631427
0.5621829
0.56327987
0.5616344
0.56232005
0.56533664
0.5630056
0.5601261
0.56396544
0.5628685
0.56396544
0.5641026
0.56327987
0.56341696
0.56396544
0.5631427
0.56492525
0.56588507
0.5660222
0.56588507
0.56382835
0.5661593
0.56643355
0.5645139
0.56698203
0.565748
0.56547374
0.56588507
0.5675305
0.56588507
0.56190866
0.5641026
0.5675305
0.56547374
0.5642397
0.56341696
0.5660222
0.56794184
0.56684494
0.5656109
0.56629646
0.56533664
0.5650624
0.56492525
0.5665707
0.56780475
0.56547374
0.5672563
0.56396544
0.5660222
0.5661593
0.5661593
0.56876457
0.5671192
0.5675305
0.5699986
0.5684903
0.5660222
0.5671192
0.568079
0.5665707
0.56643355
0.5671192
0.56245714
0.56890166
0.56876457
0.5667078
0.56835324
0.564651
0.56890166
0.5651995
0.5675305
0.5684903
0.56780475
0.5660222
0.5697244
0.564651
0.5697244
0.56794184
0.57027286
0.57082134
0.56835324
0.56588507
0.56684494
0.5690388
0.5651995
0.56835324
0.568079
0.56794184
0.5691759
0.5697244
0.5699986
0.56835324
0.5690388
0.56890166
0.57191825
0.5701358
0.5695873
0.5701358
0.5684903
0.564651
0.5656109
0.56533664
0.5676676
0.5684903
0.56643355
0.5705471
0.56890166
0.5701358
0.56835324
0.5701358
0.5684903
0.57082134
0.5713698
0.57095844
0.56835324
0.5699986
0.5684903
0.5721925
0.568079
0.5691759
0.57027286
0.56876457
0.5690388
0.5686275
0.5671192
0.5682161
0.5676676
0.5675305
0.5686275
0.5661593
0.5671192
0.5705471
0.568079
0.5676676
0.57082134
0.56986153
0.5699986
0.568079
0.5690388
0.56986153
0.57027286
0.56945014
0.57178116
0.5695873
0.5701358
0.5697244
0.57082134
0.5730152
0.56986153
0.5701358
0.56986153
0.5691759
0.56780475
0.57027286
0.5667078
0.5701358
0.56780475
0.5682161
0.56986153
0.5695873
0.56931305
0.57082134
0.5706842
0.5706842
0.5701358
0.57191825
0.57040995
0.5713698
0.5712327
0.5705471
0.57040995
0.5705471
0.57191825
0.57082134
0.5713698
0.5712327
0.56890166
0.5713698
0.5701358
0.57232964
0.5715069
0.5710956
0.572741
0.57232964
0.56945014
0.5713698
0.5713698
0.5695873
0.5721925
0.5701358
0.57246673
0.57164407
0.5720554
0.57027286
0.5701358
0.5713698
0.5730152
0.57164407
0.57095844
0.57164407
0.5705471
0.57095844
0.57191825
0.5715069
0.57164407
0.57191825
0.5713698
0.5706842
0.5720554
0.57164407
0.5713698
0.5715069
0.5699986
0.5710956
0.5712327
0.5712327
0.5721925
0.5720554
0.57232964
0.5710956
0.5715069
0.5721925
0.5715069
0.57246673
0.5713698
0.5713698
0.57178116
0.5710956
0.57178116
0.5715069
0.5721925
0.57164407
0.57232964
0.5721925
0.5720554
0.57232964
0.5720554
0.57232964
0.5726039
0.57232964
0.5726039
0.57191825
0.57232964
0.57246673
0.5721925
0.5726039
0.57191825
0.572741
0.5726039
0.5726039
0.5730152
0.572741
0.57178116
0.5726039
0.57232964
0.572741
0.5726039
0.572741
0.5730152
0.57328945
0.5735637
0.57315236
0.57383794
0.5735637
0.57383794
0.5728781
0.5735637
0.5730152
0.5743864
0.5743864
0.57466066
0.57342654
0.57342654
0.5728781
0.5735637
0.5737008
0.5743864
0.5735637
0.57424927
0.573975
0.5745235
0.57424927
0.573975
0.57383794
0.5737008
0.57479775
0.5745235
0.57383794
0.57383794
0.5745235
0.57424927
0.5741122
0.5745235
0.5743864
0.5743864
0.57479775
0.57493484
0.57342654
0.5756205
0.5745235
0.5754833
0.5752091
0.5745235
0.5745235
0.57493484
0.57534623
0.5752091
0.57466066
0.5754833
0.57493484
0.57479775
0.575072
0.5754833
0.5760318
0.57493484
0.5752091
0.57534623
0.575072
0.5754833
0.57575756
0.575072
0.5758947
0.5756205
0.57575756
0.57493484
0.575072
0.57616895
0.5758947
0.5756205
0.5760318
0.5760318
0.57616895
0.5758947
0.57575756
0.57644314
0.5760318
0.57616895
0.5768545
0.57712877
0.57630605
0.57616895
0.57630605
0.5760318
0.5760318
0.57644314
0.5760318
0.57616895
0.57644314
0.57726586
0.57630605
0.57644314
0.5769916
0.57712877
0.57726586
0.5768545
0.5769916
0.5775401
0.57726586
0.577403
0.57726586
0.5768545
0.57712877
0.57712877
0.57726586
0.57712877
0.577403
0.57781434
0.57795143
0.5768545
0.577403
0.577403
0.57726586
0.57767725
0.5767174
0.5769916
0.577403
0.57712877
0.57781434
0.57726586
0.57795143
0.5768545
0.577403
0.5780886
0.5783628
0.577403
0.57795143
0.57767725
0.577403
0.5783628
0.5783628
0.57863706
0.57877415
0.577403
0.5782257
0.5784999
0.5784999
0.5783628
0.5789113
0.5789113
0.57877415
0.57918555
0.57781434
0.5790484
0.5783628
0.57877415
0.57877415
0.57877415
0.57877415
0.5789113
0.57877415
0.577403
0.5795969
0.57918555
0.5790484
0.5794597
0.57918555
0.57973397
0.57932264
0.57932264
0.57918555
0.5795969
0.57918555
0.57863706
0.5783628
0.5794597
0.57918555
0.5789113
0.5794597
0.57973397
0.57918555
0.5784999
0.57877415
0.58014536
0.5804196
0.58014536
0.5800082
0.5789113
0.57863706
0.5795969
0.57918555
0.5784999
0.5795969
0.5789113
0.57932264
0.5789113
0.5798711
0.5800082
0.58028245
0.5789113
0.58014536
0.5795969
0.5795969
0.5800082
0.5795969
0.5800082
0.5794597
0.5805567
0.5804196
0.57973397
0.57918555
0.58028245
0.5805567
0.580968
0.58083093
0.5800082
0.58069384
0.58069384
0.5798711
0.58014536
0.58028245
0.5800082
0.5804196
0.5800082
0.58028245
0.58014536
0.58014536
0.5798711
0.5800082
0.57877415
0.57973397
0.57932264
0.5805567
0.5805567
0.5804196
0.5804196
0.58124226
0.58069384
0.5813794
0.58069384
0.5805567
0.5805567
0.5819279
0.58124226
0.5811052
0.58083093
0.580968
0.5805567
0.58014536
0.5805567
0.5805567
0.5795969
0.58028245
0.58083093
0.58028245
0.58028245
0.5804196
0.580968
0.5805567
0.580968
0.58083093
0.5811052
0.5811052
0.5813794
0.5811052
0.58083093
0.58069384
0.5805567
0.5804196
0.58124226
0.580968
0.58083093
0.580968
0.58069384
0.580968
0.5811052
0.5813794
0.58124226
0.58124226
0.580968
0.5811052
0.5811052
0.582065
0.5815165
0.582065
0.58371043
0.58220214
0.5813794
0.5815165
0.5819279
0.58220214
0.5813794
0.58165365
0.5828877
0.58179075
0.5815165
0.5828877
0.584396
0.58329904
0.58124226
0.5823392
0.58316195
0.5819279
0.5834362
0.58275056
0.5828877
0.5819279
0.5823392
0.5835733
0.582065
0.58165365
0.58261347
0.58124226
0.5835733
0.5824763
0.58220214
0.5838475
0.58261347
0.5854929
0.58316195
0.5854929
0.5823392
0.5838475
0.5823392
0.5811052
0.58275056
0.58316195
0.5852187
0.5835733
0.58261347
0.582065
0.58480734
0.5824763
0.58124226
0.58412176
0.5839846
0.5828877
0.5828877
0.58425885
0.5849445
0.58316195
0.5834362
0.58329904
0.5849445
0.58261347
0.58412176
0.5834362
0.5819279
0.58275056
0.5830248
0.58371043
0.5853558
0.58425885
0.58425885
0.5849445
0.58329904
0.58412176
0.58371043
0.5815165
0.5850816
0.58480734
0.58425885
0.58329904
0.5838475
0.5852187
0.58576715
0.58371043
0.5839846
0.5835733
0.58576715
0.5815165
0.5859043
0.5845331
0.5839846
0.58576715
0.58371043
0.5860414
0.5834362
0.58563006
0.58576715
0.58576715
0.58576715
0.58576715
0.5853558
0.5849445
0.5850816
0.5850816
0.5854929
0.58467025
0.5852187
0.5852187
0.58563006
0.58563006
0.5853558
0.5835733
0.58371043
0.5852187
0.5854929
0.58563006
0.58576715
0.5849445
0.5852187
0.5850816
0.58329904
0.5853558
0.5853558
0.58576715
0.58563006
0.5850816
0.5849445
0.5854929
0.58576715
0.5854929
0.5860414
0.5860414
0.58563006
0.5850816
0.58480734
0.5870012
0.5839846
0.5853558
0.58617854
0.5860414
0.5854929
0.58617854
0.5859043
0.5865899
0.5852187
0.5864528
0.5852187
0.5870012
0.5870012
0.586727
0.586727
0.58631563
0.5864528
0.5859043
0.58617854
0.5859043
0.5852187
0.5850816
0.5845331
0.5845331
0.5853558
0.58576715
0.5849445
0.5852187
0.58576715
0.5853558
0.5854929
0.5850816
0.58617854
0.5853558
0.5859043
0.58617854
0.58576715
0.5860414
0.5853558
0.5849445
0.58563006
0.5854929
0.58617854
0.58617854
0.5860414
0.58563006
0.5860414
0.58467025
0.5853558
0.5853558
0.58576715
0.5854929
0.58576715
0.5853558
0.58576715
0.5864528
0.58617854
0.5852187
0.5853558
0.58576715
0.5849445
0.5850816
0.5850816
0.58631563
0.5845331
0.5859043
0.58576715
0.5860414
0.58576715
0.5845331
0.5853558
0.58631563
0.58631563
0.5864528
0.58576715
0.58617854
0.5870012
0.586727
0.5868641
0.5870012
0.586727
0.5865899
0.58631563
0.5864528
0.5864528
0.58576715
0.58713835
0.5870012
0.5864528
0.58631563
0.5854929
0.5864528
0.5860414
0.58631563
0.58631563
0.5859043
0.58617854
0.5864528
0.58617854
0.5860414
0.5864528
0.58617854
0.58617854
0.5870012
0.5868641
0.58768684
0.5879611
0.58768684
0.5875497
0.58809817
0.5874126
0.58713835
0.5883724
0.5885095
0.5875497
0.58713835
0.5874126
0.58768684
0.58864665
0.5868641
0.58727545
0.5879611
0.5870012
0.5864528
0.58809817
0.58768684
0.58713835
0.58727545
0.58768684
0.58809817
0.5883724
0.5875497
0.58768684
0.58809817
0.5882353
0.58727545
0.5882353
0.58864665
0.58864665
0.58809817
0.5883724
0.5882353
0.5893322
0.58878374
0.5885095
0.5882353
0.5889209
0.589058
0.58809817
0.5882353
0.58864665
0.5893322
0.589058
0.58960646
0.589058
0.5897436
0.5885095
0.5893322
0.5897436
0.58919513
0.5900178
0.5894694
0.589058
0.5894694
0.58919513
0.589058
0.58864665
0.58919513
0.5889209
0.5894694
0.58878374
0.58878374
0.58919513
0.58919513
0.5893322
0.5900178
0.5900178
0.5897436
0.59015495
0.58864665
0.58919513
0.5893322
0.5898807
0.5885095
0.5897436
0.5894694
0.5900178
0.59015495
0.59015495
0.59015495
0.589058
0.58864665
0.5889209
0.59029204
0.5894694
0.5905663
0.59029204
0.59029204
0.5908405
0.59097767
0.5907034
0.5894694
0.5894694
0.5905663
0.59152615
0.59180033
0.5907034
0.59111476
0.5912519
0.5908405
0.5908405
0.59097767
0.5912519
0.5907034
0.591389
0.5922117
0.59166324
0.59180033
0.59097767
0.5933086
0.5922117
0.5948169
0.5919375
0.5907034
0.59180033
0.59166324
0.59015495
0.59166324
0.59152615
0.5927602
0.59262305
0.5919375
0.5923488
0.59248596
0.59262305
0.591389
0.5928973
0.59303445
0.5922117
0.5923488
0.59262305
0.5928973
0.5934458
0.5934458
0.59317154
0.5920746
0.5928973
0.59303445
0.5948169
0.59372
0.5928973
0.59262305
0.59262305
0.5919375
0.5934458
0.59317154
0.59166324
0.59248596
0.5934458
0.5928973
0.59317154
0.59399426
0.5949541
0.5938571
0.59399426
0.5942685
0.59399426
0.5938571
0.5942685
0.59413135
0.59467983
0.5942685
0.59413135
0.5948169
0.5942685
0.5949541
0.5948169
0.5949541
0.5948169
0.59413135
0.59454274
0.5948169
0.5953654
0.59563965
0.5953654
0.5948169
0.5942685
0.5944056
0.59467983
0.59454274
0.5967366
0.5953654
0.5963252
0.59550256
0.5953654
0.5967366
0.59509116
0.59550256
0.5953654
0.5953654
0.5933086
0.5949541
0.5942685
0.59509116
0.5944056
0.5948169
0.5934458
0.5957768
0.59454274
0.5957768
0.59454274
0.59509116
0.5942685
0.5952283
0.5967366
0.5953654
0.59701085
0.5953654
0.59646237
0.5961881
0.59659946
0.5959139
0.5963252
0.59701085
0.5974222
0.5963252
0.5953654
0.5961881
0.598382
0.59755933
0.6003017
0.59605104
0.59714794
0.5968737
0.5967366
0.5968737
0.59701085
0.5957768
0.5967366
0.5974222
0.5989305
0.59797066
0.59755933
0.59714794
0.59701085
0.5959139
0.59701085
0.59714794
0.59810776
0.5961881
0.59865624
0.59605104
0.59563965
0.60112435
0.5992047
0.59701085
0.59755933
0.5963252
0.59755933
0.5974222
0.59810776
0.59797066
0.5974222
0.59755933
0.59810776
0.5982449
0.5992047
0.598382
0.59797066
0.59755933
0.5997532
0.59810776
0.5993418
0.5993418
0.59961605
0.59797066
0.5972851
0.598382
0.5989305
0.5997532
0.5992047
0.5987934
0.60153574
0.60194707
0.6013986
0.5982449
0.59851915
0.59851915
0.598382
0.5992047
0.6023584
0.5997532
0.59961605
0.59947896
0.5998903
0.5990676
0.5974222
0.5987934
0.59865624
0.5990676
0.5987934
0.5987934
0.59865624
0.60002744
0.59851915
0.59947896
0.59865624
0.60016453
0.5998903
0.60002744
0.5992047
0.60016453
0.60016453
0.60002744
0.60194707
0.60098726
0.5997532
0.60002744
0.5998903
0.5997532
0.5998903
0.6008501
0.60098726
0.60112435
0.6023584
0.6045523
0.60002744
0.60153574
0.6012615
0.5998903
0.6013986
0.5993418
0.6004388
0.60016453
0.5993418
0.6023584
0.600713
0.6012615
0.6008501
0.5997532
0.60016453
0.6016728
0.6020842
0.600713
0.60194707
0.600713
0.60002744
0.60153574
0.5989305
0.6004388
0.6008501
0.6004388
0.6005759
0.6008501
0.6004388
0.6008501
0.60153574
0.6013986
0.6012615
0.6008501
0.6013986
0.60002744
0.60016453
0.60098726
0.6003017
0.6005759
0.60153574
0.6003017
0.6008501
0.6004388
0.6020842
0.6008501
0.6020842
0.60112435
0.60112435
0.6027698
0.60194707
0.6012615
0.6022213
0.60194707
0.6003017
0.60098726
0.6008501
0.6012615
0.59961605
0.6016728
0.60194707
0.6037296
0.6020842
0.6016728
0.60263264
0.60153574
0.60194707
0.6022213
0.6020842
0.6016728
0.60181
0.6029069
0.6027698
0.6005759
0.60400385
0.6033183
0.6031811
0.6016728
0.6020842
0.60304403
0.6033183
0.6035925
0.60304403
0.6020842
0.6037296
0.60263264
0.6027698
0.60194707
0.6023584
0.60564923
0.6013986
0.6037296
0.60345536
0.6038667
0.60304403
0.6033183
0.6031811
0.60414094
0.6044152
0.6033183
0.60345536
0.6033183
0.6035925
0.6029069
0.6033183
0.60702044
0.6044152
0.60400385
0.6031811
0.6044152
0.6071575
0.6044152
0.6068833
0.6027698
0.6046894
0.6066091
0.6046894
0.6044152
0.60414094
0.60496366
0.60249555
0.60496366
0.60482657
0.605375
0.607706
0.6057864
0.60633487
0.6046894
0.6082545
0.6066091
0.60798025
0.60414094
0.60496366
0.6045523
0.60400385
0.6066091
0.605375
0.605375
0.6061977
0.6059235
0.6051008
0.6046894
0.60551214
0.6061977
0.60482657
0.6044152
0.6046894
0.60482657
0.60496366
0.60496366
0.60414094
0.6067462
0.6051008
0.6035925
0.6059235
0.607706
0.6042781
0.60633487
0.6038667
0.6051008
0.6042781
0.60784316
0.60633487
0.60633487
0.6029069
0.60414094
0.6042781
0.6044152
0.60304403
0.6035925
0.6044152
0.60400385
0.60496366
0.6081174
0.60194707
0.6059235
0.6045523
0.6060606
0.60784316
0.60194707
0.6052379
0.60647196
0.6046894
0.6046894
0.6059235
0.60702044
0.6042781
0.60482657
0.6051008
0.6029069
0.60633487
0.60400385
0.60564923
0.6038667
0.6061977
0.60784316
0.6051008
0.60784316
0.6046894
0.6086658
0.608803
0.6071575
0.60551214
0.6092143
0.6052379
0.6051008
0.6045523
0.6061977
0.6057864
0.6086658
0.6067462
0.60784316
0.6086658
0.6042781
0.60647196
0.6057864
0.6037296
0.60894006
0.60633487
0.60496366
0.605375
0.6061977
0.6059235
0.60414094
0.60743177
0.6082545
0.6059235
0.6059235
0.60647196
0.6075689
0.608803
0.6105855
0.61044836
0.60784316
0.6090772
0.6046894
0.6090772
0.60948855
0.608803
0.6075689
0.60345536
0.60482657
0.6072947
0.60894006
0.6052379
0.60551214
0.608803
0.60948855
0.605375
0.611134
0.6101741
0.60948855
0.60852873
0.610037
0.60948855
0.608803
0.607706
0.60647196
0.6061977
0.60852873
0.60647196
0.6059235
0.6046894
0.60894006
0.6090772
0.6059235
0.60852873
0.60564923
0.60743177
0.61031127
0.60702044
0.6061977
0.6060606
0.61099684
0.61085975
0.61044836
0.6051008
0.6060606
0.60633487
0.60496366
0.6090772
0.61236805
0.6092143
0.6082545
0.6066091
0.6059235
0.6083916
0.60935146
0.6083916
0.60633487
0.6057864
0.60633487
0.6068833
0.60948855
0.61085975
0.6083916
0.6086658
0.6083916
0.6060606
0.6090772
0.607706
0.610037
0.60852873
0.6115453
0.6081174
0.61085975
0.6114082
0.61085975
0.6115453
0.6112711
0.611134
0.6082545
0.6107226
0.6086658
0.61031127
0.61044836
0.6090772
0.60894006
0.61195666
0.61099684
0.611134
0.61387634
0.61099684
0.60894006
0.611134
0.6105855
0.60948855
0.61195666
0.6112711
0.6122309
0.6098999
0.6098999
0.61195666
0.6120938
0.6122309
0.6126423
0.6126423
0.6112711
0.6114082
0.6126423
0.6122309
0.61236805
0.61236805
0.61332786
0.6122309
0.61031127
0.6098999
0.60948855
0.61031127
0.6090772
0.61099684
0.611134
0.6097628
0.6114082
0.6116824
0.6152475
0.6122309
0.6116824
0.6116824
0.6130536
0.6130536
0.6136021
0.6112711
0.61181957
0.61291647
0.6116824
0.60935146
0.61085975
0.61085975
0.6105855
0.6120938
0.61250514
0.61181957
0.6096257
0.6112711
0.6116824
0.61250514
0.61181957
0.61031127
0.61085975
0.61346495
0.6120938
0.6116824
0.6136021
0.61236805
0.6122309
0.6130536
0.6126423
0.6142877
0.61250514
0.6130536
0.6122309
0.6136021
0.61195666
0.61195666
0.61044836
0.61387634
0.6127794
0.61291647
0.6131907
0.61291647
0.6136021
0.61195666
0.614699
0.6114082
0.6156589
0.61579597
0.6127794
0.61250514
0.6131907
0.61332786
0.61291647
0.61332786
0.6141506
0.61387634
0.6142877
0.6126423
0.6130536
0.611134
0.61538464
0.6126423
0.6136021
0.61538464
0.61236805
0.6142877
0.61579597
0.61442477
0.6131907
0.611134
0.6145619
0.61730427
0.61579597
0.61483616
0.6151104
0.6131907
0.614699
0.6130536
0.61401343
0.61689293
0.61497325
0.614699
0.61497325
0.61703
0.6115453
0.61538464
0.61648154
0.61497325
0.6142877
0.61442477
0.61387634
0.61483616
0.61648154
0.61579597
0.6156589
0.6167558
0.6152475
0.61401343
0.6162073
0.61442477
0.6166187
0.6152475
0.61703
0.6137392
0.61483616
0.6137392
0.6166187
0.61730427
0.61730427
0.61730427
0.61798984
0.6171672
0.61798984
0.61881256
0.61798984
0.61730427
0.61579597
0.6136021
0.61497325
0.61648154
0.6152475
0.6155217
0.6184012
0.61634445
0.6186755
0.6177156
0.6182641
0.6185383
0.6160702
0.6171672
0.6175785
0.61648154
0.6185383
0.614699
0.61332786
0.6155217
0.61744136
0.61634445
0.6155217
0.6166187
0.6171672
0.6177156
0.6167558
0.6156589
0.6162073
0.6162073
0.61936104
0.61730427
0.61634445
0.61703
0.61730427
0.61798984
0.6166187
0.6166187
0.61579597
0.61634445
0.61634445
0.6184012
0.61538464
0.614699
0.6166187
0.6162073
0.61689293
0.6152475
0.61648154
0.61703
0.6162073
0.618127
0.6190868
0.61881256
0.61689293
0.61634445
0.61593306
0.6152475
0.61689293
0.61744136
0.6167558
0.61648154
0.6175785
0.6175785
0.6171672
0.61894965
0.6152475
0.6152475
0.61936104
0.6166187
0.61593306
0.61648154
0.61634445
0.6142877
0.61593306
0.61744136
0.6166187
0.61593306
0.6166187
0.61881256
0.6175785
0.61744136
0.61744136
0.6166187
0.6162073
0.61648154
0.6171672
0.61798984
0.6200466
0.6166187
0.6210064
0.61798984
0.62086934
0.61798984
0.6167558
0.6199095
0.6177156
0.62086934
0.6186755
0.6171672
0.61744136
0.6177156
0.6192239
0.6177156
0.6200466
0.6186755
0.61894965
0.61785275
0.61538464
0.6175785
0.6190868
0.61744136
0.61894965
0.61689293
0.618127
0.61798984
0.61894965
0.6200466
0.6185383
0.61894965
0.6196353
0.6207322
0.61881256
0.62045795
0.6184012
0.6210064
0.61894965
0.61881256
0.6184012
0.61894965
0.6177156
0.6182641
0.61648154
0.6156589
0.6177156
0.61894965
0.6185383
0.61881256
0.6186755
0.6190868
0.61894965
0.61949813
0.61881256
0.62018377
0.6196353
0.6210064
0.62045795
0.6210064
0.6192239
0.6197724
0.6196353
0.61881256
0.61881256
0.6190868
0.6185383
0.6199095
0.6197724
0.6211436
0.6214178
0.6214178
0.6210064
0.6190868
0.6199095
0.62086934
0.6200466
0.6205951
0.62333745
0.6205951
0.62045795
0.6211436
0.62045795
0.6210064
0.62018377
0.6215549
0.6210064
0.62032086
0.6210064
0.6205951
0.6236117
0.6207322
0.6210064
0.6207322
0.62128067
0.62196624
0.6207322
0.6210064
0.6205951
0.62086934
0.6200466
0.6197724
0.62237763
0.6214178
0.6197724
0.6211436
0.61949813
0.61798984
0.6199095
0.6200466
0.62128067
0.62128067
0.6207322
0.6226519
0.62032086
0.62128067
0.62128067
0.6210064
0.62196624
0.6229261
0.62086934
0.6211436
0.6226519
0.62320036
0.62237763
0.6210064
0.62045795
0.6205951
0.6214178
0.6221034
0.62320036
0.6211436
0.62237763
0.6225147
0.62196624
0.62169206
0.6211436
0.62128067
0.62196624
0.62169206
0.6229261
0.6230632
0.6225147
0.62196624
0.6215549
0.62169206
0.62278897
0.6244344
0.6221034
0.6229261
0.62182915
0.6215549
0.6225147
0.62086934
0.62182915
0.6215549
0.6222405
0.6226519
0.6226519
0.62196624
0.62320036
0.6226519
0.624023
0.6244344
0.6244344
0.62512
0.62621695
0.6236117
0.62333745
0.62347454
0.62237763
0.62320036
0.62278897
0.62512
0.62512
0.6238859
0.6225147
0.6245715
0.6237488
0.6221034
0.62278897
0.62347454
0.6241602
0.6237488
0.6226519
0.6237488
0.62333745
0.62333745
0.6245715
0.6241602
0.62333745
0.6237488
0.624023
0.62484574
0.624023
0.62429726
0.62347454
0.6245715
0.6244344
0.6244344
0.6244344
0.62470865
0.62470865
0.62484574
0.62429726
0.62347454
0.6237488
0.6241602
0.6237488
0.6244344
0.6245715
0.62470865
0.62429726
0.62484574
0.62498283
0.62470865
0.6236117
0.6226519
0.6237488
0.6238859
0.62347454
0.6245715
0.62512
0.62484574
0.62484574
0.6252571
0.6241602
0.62512
0.624023
0.6255313
0.62498283
0.62512
0.6252571
0.6253942
0.6252571
0.62512
0.624023
0.624023
0.6241602
0.6241602
0.6255313
0.6245715
0.6266283
0.6267654
0.62470865
0.62566847
0.6270396
0.6259427
0.6264911
0.6269025
0.62498283
0.62566847
0.62429726
0.62621695
0.6267654
0.6259427
0.62621695
0.6270396
0.6264911
0.62580556
0.6259427
0.6255313
0.62635404
0.6267654
0.6252571
0.62635404
0.6267654
0.6269025
0.62484574
0.62470865
0.62621695
0.6270396
0.6267654
0.62635404
0.6269025
0.6269025
0.6266283
0.6270396
0.6270396
0.62580556
0.6266283
0.6270396
0.62731385
0.6259427
0.62621695
0.62731385
0.62635404
0.62731385
0.6275881
0.6269025
0.6275881
0.6269025
0.62717676
0.6252571
0.6264911
0.6266283
0.62717676
0.62621695
0.62566847
0.6260798
0.6267654
0.62621695
0.62621695
0.6267654
0.6267654
0.62566847
0.6255313
0.6252571
0.6253942
0.6270396
0.6264911
0.6289593
0.62621695
0.62566847
0.6269025
0.6266283
0.62470865
0.62484574
0.6259427
0.6260798
0.6255313
0.6260798
0.6267654
0.6259427
0.6255313
0.62621695
0.62635404
0.6264911
0.6267654
0.62827367
0.6275881
0.62580556
0.6267654
0.6270396
0.6259427
0.6284108
0.6275881
0.62731385
0.6266283
0.6270396
0.6269025
0.62882215
0.62621695
0.62635404
0.6296449
0.6266283
0.6270396
0.6266283
0.6260798
0.6295077
0.6285479
0.6266283
0.6266283
0.62580556
0.62731385
0.6275881
0.627451
0.6266283
0.6293706
0.627451
0.627451
0.62731385
0.62635404
0.62717676
0.62717676
0.62717676
0.6269025
0.62717676
0.62717676
0.6290964
0.62772524
0.6279994
0.63033044
0.62717676
0.6269025
0.6275881
0.62772524
0.6279994
0.6281366
0.62717676
0.62786233
0.62827367
0.62621695
0.6290964
0.62827367
0.62868506
0.62827367
0.6289593
0.6264911
0.62882215
0.6295077
0.6275881
0.6275881
0.6255313
0.6267654
0.6266283
0.6270396
0.62786233
0.6275881
0.6285479
0.62786233
0.62882215
0.6279994
0.6285479
0.6279994
0.6281366
0.6270396
0.6275881
0.627451
0.62786233
0.62868506
0.6285479
0.62827367
0.63019335
0.62882215
0.6285479
0.6285479
0.6289593
0.62827367
0.62868506
0.62772524
0.6284108
0.62827367
0.62772524
0.62868506
0.62868506
0.6299191
0.63033044
0.62868506
0.62827367
0.6281366
0.62868506
0.62868506
0.6285479
0.62882215
0.627451
0.627451
0.62882215
0.6290964
0.63115317
0.62868506
0.62923354
0.62731385
0.62772524
0.6285479
0.62868506
0.6295077
0.6285479
0.62786233
0.6289593
0.62827367
0.62923354
0.6295077
0.6285479
0.62868506
0.6290964
0.6290964
0.62923354
0.62882215
0.62923354
0.6300562
0.6275881
0.6289593
0.6289593
0.62978196
0.6289593
0.6299191
0.627451
0.62923354
0.6296449
0.6295077
0.6290964
0.6290964
0.62772524
0.6290964
0.6293706
0.6293706
0.62923354
0.6295077
0.6300562
0.62923354
0.6293706
0.62978196
0.63033044
0.62978196
0.63019335
0.6296449
0.62868506
0.6295077
0.6296449
0.6281366
0.6299191
0.6299191
0.6296449
0.6293706
0.62923354
0.6289593
0.62978196
0.62978196
0.62978196
0.63019335
0.62978196
0.6296449
0.62923354
0.6279994
0.63033044
0.6293706
0.6306047
0.6295077
0.6308789
0.6290964
0.6295077
0.6285479
0.6300562
0.62882215
0.63019335
0.6299191
0.6306047
0.631016
0.6281366
0.6308789
0.6304676
0.6296449
0.6296449
0.63033044
0.6308789
0.6300562
0.62978196
0.63019335
0.6308789
0.63033044
0.6289593
0.62868506
0.6299191
0.63019335
0.63074183
0.63074183
0.6306047
0.6306047
0.6299191
0.63129026
0.6308789
0.6299191
0.62882215
0.6293706
0.63074183
0.63115317
0.6284108
0.6300562
0.63115317
0.63074183
0.63115317
0.6299191
0.6293706
0.62923354
0.63033044
0.6300562
0.631016
0.63115317
0.63074183
0.627451
0.6296449
0.6289593
0.6300562
0.63074183
0.63115317
0.63074183
0.6295077
0.6304676
0.6314274
0.6299191
0.6299191
0.631016
0.631016
0.63019335
0.632113
0.631016
0.6314274
0.63074183
0.631016
0.6315645
0.63115317
0.63019335
0.63115317
0.6304676
0.631016
0.63115317
0.6308789
0.6315645
0.63115317
0.6314274
0.62978196
0.6315645
0.63170165
0.631016
0.63183874
0.631016
0.63115317
0.6314274
0.6306047
0.63074183
0.631016
0.6315645
0.631016
0.6304676
0.63074183
0.6315645
0.6315645
0.63129026
0.63115317
0.631016
0.63074183
0.6319759
0.6314274
0.6299191
0.63170165
0.63170165
0.63033044
0.63115317
0.63183874
0.6329357
0.63115317
0.63225013
0.6304676
0.6299191
0.6314274
0.63183874
0.631016
0.6308789
0.6314274
0.63033044
0.63183874
0.6308789
0.63115317
0.6308789
0.632113
0.6300562
0.63129026
0.6308789
0.63183874
0.632113
0.6304676
0.63074183
0.632113
0.632113
0.6319759
0.6306047
0.63225013
0.632113
0.6308789
0.63115317
0.6323872
0.6325243
0.63225013
0.63183874
0.63225013
0.6323872
0.632113
0.63129026
0.6314274
0.63279855
0.6319759
0.6325243
0.63279855
0.6325243
0.63225013
0.632113
0.63033044
0.6315645
0.63225013
0.63170165
0.6325243
0.6325243
0.6325243
0.63170165
0.6323872
0.6325243
0.6323872
0.63074183
0.63183874
0.63266146
0.6325243
0.63115317
0.63225013
0.63183874
0.63225013
0.63170165
0.6306047
0.63225013
0.6319759
0.63266146
0.632113
0.63129026
0.6325243
0.63266146
0.63279855
0.6323872
0.63266146
0.63129026
0.63183874
0.63279855
0.6325243
0.631016
0.632113
0.63115317
0.63266146
0.6319759
0.63074183
0.63279855
0.6325243
0.6323872
0.63129026
0.63225013
0.6323872
0.6329357
0.6323872
0.6330728
0.63183874
0.6323872
0.6325243
0.63279855
0.6323872
0.6329357
0.6329357
0.63320994
0.63266146
0.63279855
0.632113
0.63183874
0.6323872
0.6319759
0.6323872
0.6325243
0.6323872
0.6329357
0.6330728
0.63279855
0.632113
0.63266146
0.6319759
0.6323872
0.6329357
0.6329357
0.63334703
0.6325243
0.63334703
0.6330728
0.6323872
0.63183874
0.63279855
0.6329357
0.63320994
0.63183874
0.63279855
0.6330728
0.6325243
0.631016
0.6330728
0.63334703
0.6330728
0.63320994
0.63320994
0.63320994
0.6323872
0.6325243
0.6329357
0.63320994
0.6325243
0.63334703
0.6330728
0.63320994
0.63279855
0.63279855
0.63183874
0.63334703
0.63279855
0.63320994
0.63334703
0.63320994
0.63266146
0.63334703
0.6336213
0.6330728
0.6338955
0.6319759
0.63334703
0.63320994
0.6329357
0.63320994
0.6336213
0.6334842
0.63334703
0.63320994
0.6314274
0.632113
0.6315645
0.63279855
0.6329357
0.63320994
0.6334842
0.6334842
0.6337584
0.6330728
0.63170165
0.6329357
0.63183874
0.6336213
0.6323872
0.6334842
0.6334842
0.63320994
0.6330728
0.63279855
0.6334842
0.63334703
0.6334842
0.6334842
0.63334703
0.6329357
0.6337584
0.63320994
0.63334703
0.6337584
0.6334842
0.6329357
0.6330728
0.63320994
0.6329357
0.63266146
0.63334703
0.6336213
0.6334842
0.6330728
0.6329357
0.6336213
0.6330728
0.6329357
0.63320994
0.6334842
0.63320994
0.6340326
0.6334842
0.6337584
0.6329357
0.6337584
0.6338955
0.6330728
0.6337584
0.6345811
0.6340326
0.63320994
0.6340326
0.6337584
0.6336213
0.63334703
0.6336213
0.6330728
0.6338955
0.6338955
0.6330728
0.63471824
0.6337584
0.63430685
0.63334703
0.6338955
0.6336213
0.6330728
0.6334842
0.63320994
0.6340326
0.6337584
0.6340326
0.6338955
0.6340326
0.6334842
0.63334703
0.63416976
0.6340326
0.634444
0.6337584
0.6337584
0.63416976
0.6337584
0.63416976
0.6337584
0.6340326
0.6337584
0.63416976
0.63430685
0.6336213
0.63320994
0.63416976
0.6338955
0.6340326
0.6334842
0.6334842
0.63416976
0.63430685
0.6345811
0.6340326
0.63430685
0.6336213
0.6336213
0.6336213
0.6340326
0.6338955
0.6349925
0.6340326
0.63485533
0.6340326
0.6330728
0.6345811
0.6337584
0.63416976
0.634444
0.63416976
0.6340326
0.63416976
0.63416976
0.63471824
0.63416976
0.63416976
0.63430685
0.63430685
0.6340326
0.6349925
0.6340326
0.634444
0.6330728
0.632113
0.634444
0.63430685
0.63416976
0.63485533
0.6340326
0.63471824
0.63416976
0.63430685
0.63416976
0.634444
0.6345811
0.6340326
0.634444
0.63471824
0.63485533
0.6345811
0.63430685
0.63485533
0.6337584
0.6345811
0.63471824
0.63471824
0.6334842
0.6351296
0.6349925
0.6345811
0.63416976
0.63416976
0.63430685
0.6345811
0.63430685
0.634444
0.63416976
0.6338955
0.63430685
0.6340326
0.6340326
0.6345811
0.63430685
0.6345811
0.634444
0.63430685
0.6329357
0.63471824
0.634444
0.6345811
0.63471824
0.6345811
0.6345811
0.63416976
0.6345811
0.6338955
0.6345811
0.63485533
0.6345811
0.63485533
0.63471824
0.6352667
0.6351296
0.6351296
0.6345811
0.6349925
0.63471824
0.6345811
0.6345811
0.63471824
0.63485533
0.63471824
0.634444
0.634444
0.6351296
0.63416976
0.63485533
0.63471824
0.634444
0.6340326
0.6338955
0.6338955
0.6352667
0.6351296
0.6345811
0.6349925
0.6352667
0.6349925
0.634444
0.63471824
0.6349925
0.63581514
0.63430685
0.6351296
0.6351296
0.63567805
0.63485533
0.6360894
0.6354038
0.6352667
0.6355409
0.6352667
0.63581514
0.6351296
0.6360894
0.6359523
0.6363636
0.6349925
0.6354038
0.63567805
0.634444
0.6360894
0.6351296
0.6349925
0.6351296
0.6354038
0.63485533
0.6352667
0.6354038
0.6355409
0.6354038
0.63663787
0.63567805
0.6363636
0.6363636
0.6360894
0.6354038
0.6365008
0.63622653
0.6365008
0.636775
0.6363636
0.6363636
0.636775
0.6359523
0.6359523
0.63485533
0.636775
0.63622653
0.6355409
0.63663787
0.6363636
0.6363636
0.63663787
0.6370492
0.6359523
0.6363636
0.6363636
0.63663787
0.6370492
0.63663787
0.6369121
0.6370492
0.636775
0.63663787
0.636775
0.63622653
0.63718635
0.63718635
0.63567805
0.63622653
0.63718635
0.6369121
0.6370492
0.6374606
0.63718635
0.6370492
0.6370492
0.6369121
0.6370492
0.6374606
0.6365008
0.636775
0.6369121
0.636775
0.6369121
0.63718635
0.6370492
0.63718635
0.6374606
0.6369121
0.636775
0.63663787
0.63718635
0.63732344
0.6369121
0.63732344
0.6374606
0.6370492
0.6365008
0.63718635
0.6369121
0.63663787
0.6374606
0.6380091
0.6369121
0.6385575
0.6360894
0.6370492
0.6374606
0.6374606
0.6380091
0.6374606
0.6382833
0.63718635
0.63718635
0.6370492
0.6374606
0.6378719
0.63773483
0.63732344
0.63814616
0.63773483
0.63814616
0.6378719
0.6378719
0.6382833
0.6382833
0.6374606
0.6378719
0.6378719
0.6375977
0.6375977
0.6378719
0.6378719
0.63773483
0.6382833
0.6382833
0.6382833
0.6380091
0.63814616
0.6380091
0.6382833
0.6384204
0.63814616
0.6384204
0.6389689
0.63814616
0.6385575
0.6384204
0.63883173
0.6384204
0.63869464
0.6384204
0.6385575
0.63883173
0.6380091
0.6382833
0.6384204
0.6378719
0.6385575
0.63814616
0.63814616
0.6382833
0.6382833
0.6385575
0.63869464
0.63869464
0.63814616
0.63869464
0.63883173
0.6392431
0.63883173
0.6389689
0.639106
0.6389689
0.63951737
0.6393802
0.6397916
0.6385575
0.6406143
0.64020294
0.63965446
0.639106
0.63951737
0.6393802
0.6399287
0.6399287
0.6400658
0.63951737
0.6404772
0.63883173
0.6393802
0.6392431
0.6400658
0.6393802
0.63965446
0.64034003
0.63951737
0.6393802
0.6399287
0.64020294
0.6399287
0.6399287
0.6415741
0.63965446
0.6392431
0.63965446
0.6407514
0.6397916
0.64020294
0.6404772
0.6404772
0.63965446
0.64034003
0.63965446
0.6407514
0.6399287
0.6400658
0.64020294
0.64020294
0.64034003
0.6399287
0.6407514
0.64034003
0.6423968
0.6397916
0.6412999
0.6392431
0.63951737
0.6397916
0.6406143
0.641437
0.64034003
0.6406143
0.6399287
0.6418483
0.6400658
0.63951737
0.6400658
0.6399287
0.64020294
0.6397916
0.6408885
0.64102566
0.64020294
0.64034003
0.64212257
0.64034003
0.63965446
0.64102566
0.6404772
0.6404772
0.6407514
0.64020294
0.6429453
0.6397916
0.6407514
0.6407514
0.6407514
0.6407514
0.6406143
0.64102566
0.6418483
0.64171124
0.64102566
0.6422597
0.6418483
0.64212257
0.6419855
0.6408885
0.6408885
0.64116275
0.6408885
0.6422597
0.64171124
0.6418483
0.6408885
0.6430824
0.6404772
0.64116275
0.64267105
0.64116275
0.6407514
0.6406143
0.64253396
0.64102566
0.6429453
0.64102566
0.6415741
0.64267105
0.6412999
0.6408885
0.6408885
0.6422597
0.6412999
0.6422597
0.6408885
0.6423968
0.6415741
0.64116275
0.6408885
0.6408885
0.641437
0.6408885
0.6429453
0.64116275
0.6415741
0.64116275
0.64363086
0.6418483
0.6434938
0.64212257
0.643768
0.64171124
0.6412999
0.6422597
0.64253396
0.64212257
0.64212257
0.6430824
0.6415741
0.6418483
0.6433566
0.6434938
0.64212257
0.6423968
0.6407514
0.64253396
0.6430824
0.64116275
0.64116275
0.641437
0.64253396
0.64102566
0.64321953
0.64212257
0.6418483
0.6430824
0.64417934
0.6419855
0.6428082
0.64267105
0.643768
0.64171124
0.6430824
0.64253396
0.6422597
0.6423968
0.64363086
0.6419855
0.64267105
0.6430824
0.6429453
0.6447278
0.64321953
0.64321953
0.6423968
0.6422597
0.6447278
0.64321953
0.6423968
0.643768
0.6448649
0.64513916
0.64417934
0.64417934
0.64404225
0.6443165
0.6439051
0.6422597
0.643768
0.64513916
0.6428082
0.6428082
0.6428082
0.6434938
0.643768
0.64417934
0.64363086
0.6447278
0.64500207
0.64513916
0.6444536
0.64267105
0.6433566
0.64513916
0.6444536
0.64363086
0.64363086
0.64363086
0.6433566
0.64363086
0.64513916
0.64267105
0.6434938
0.6444536
0.6429453
0.6444536
0.6434938
0.6433566
0.6430824
0.64404225
0.64417934
0.6444536
0.6452763
0.6443165
0.6452763
0.6445907
0.64321953
0.64363086
0.6454134
0.6454134
0.64555055
0.64555055
0.6439051
0.6454134
0.6445907
0.6452763
0.64513916
0.64555055
0.64568764
0.6452763
0.6452763
0.6458248
0.64513916
0.6443165
0.6445907
0.6447278
0.6458248
0.6458248
0.6445907
0.64555055
0.6462361
0.64568764
0.6454134
0.6462361
0.646099
0.64664745
0.64705884
0.6459619
0.64568764
0.6467846
0.6458248
0.6469217
0.6444536
0.64651036
0.64568764
0.6463732
0.6469217
0.6473331
0.64500207
0.6458248
0.6469217
0.6474702
0.64705884
0.6469217
0.64555055
0.64664745
0.6462361
0.646099
0.64664745
0.646099
0.6469217
0.6462361
0.6469217
0.6477444
0.6473331
0.64568764
0.64705884
0.6463732
0.64651036
0.6473331
0.64719594
0.64705884
0.64705884
0.6467846
0.6469217
0.64651036
0.64719594
0.64705884
0.64719594
0.646099
0.64664745
0.6477444
0.6463732
0.64719594
0.64719594
0.6474702
0.6469217
0.6474702
0.6474702
0.64760727
0.6473331
0.64705884
0.64719594
0.6467846
0.64719594
0.64719594
0.64719594
0.64651036
0.6467846
0.6462361
0.64705884
0.6469217
0.64705884
0.6467846
0.64760727
0.6477444
