0.29699713
0.2961744
0.30741808
0.30645823
0.31742766
0.31194296
0.31797615
0.31660497
0.33484164
0.3385438
0.3300425
0.35321543
0.35252982
0.37529138
0.39037433
0.39147127
0.4076512
0.41368437
0.41382146
0.42780748
0.4409708
0.4457699
0.47237077
0.47730702
0.4926642
0.51090086
0.5295489
0.53709036
0.5503908
0.56684494
0.56341696
0.5745235
0.5775401
0.5894694
0.6004388
0.6081174
0.5992047
0.61195666
0.61730427
0.6145619
0.6352667
0.6378719
0.64212257
0.6430824
0.6592623
0.6666667
0.67434525
0.67269987
0.674071
0.6932675
0.68723434
0.68819416
0.6969697
0.69367886
0.70218015
0.7017688
0.70807624
0.7215138
0.7248046
0.73179764
0.73536265
0.73454
0.7361854
0.7393391
0.73179764
0.75222814
0.74770325
0.7563417
0.7546963
0.75373644
0.75305086
0.7611408
0.7596325
0.7592212
0.7686823
0.76607704
0.7751268
0.78129715
0.77293295
0.7815714
0.78527355
0.7900727
0.79212946
0.80063075
0.79925954
0.8043329
0.80460715
0.81255996
0.8187303
0.8196901
0.82311803
0.8247635
0.82682025
0.8334019
0.83285344
0.84423417
0.84766215
0.8479364
0.8513643
0.84917045
0.85081583
0.84930754
0.8557521
0.8676813
0.87385166
0.8771425
0.87741673
0.87988484
0.88468397
0.8849582
0.87782806
0.8781023
0.8831757
0.8857809
0.89332235
0.89181405
0.89058
0.89016867
0.8960647
0.89880705
0.8949678
0.8997669
0.8982586
0.90264636
0.909228
0.9078568
0.90963936
0.9044289
0.9093651
0.9129302
0.91553545
0.92102015
0.9177293
0.92156863
0.9221171
0.9251337
0.92156863
0.9212944
0.92993283
0.93198955
0.93185246
0.931304
0.9258193
0.9297957
0.9292472
0.9341835
0.9351433
0.9400795
0.9421363
0.9399424
0.94474155
0.94624984
0.94337034
0.94419307
0.9454271
0.94871795
0.9505005
0.9505005
0.9500891
0.9535171
0.95173454
0.9507747
0.95187163
0.9521459
0.9528315
0.9573564
0.9563965
0.95516247
0.95913893
0.9558481
0.9539284
0.9624297
0.9590018
0.9648979
0.9613328
0.960373
0.9629782
0.9643494
0.9618813
0.96160704
0.95913893
0.96558344
0.9681887
0.9684629
0.96654326
0.97189087
0.97010833
0.9717537
0.969697
0.9653092
0.967366
0.97202796
0.9687371
0.9714795
0.9746332
0.9687371
0.9762786
0.9753188
0.97600436
0.97641575
0.9776498
0.9761415
0.98244894
0.9814891
0.9845057
0.9868367
0.9856026
0.9851913
0.981352
0.9838201
0.9861511
0.9861511
0.98505414
0.9866996
0.98889345
0.98724806
0.98656243
0.9880707
0.9880707
0.990676
0.98834497
0.98642534
0.9916358
0.98875636
0.99040174
0.9914987
0.9886192
0.9921843
0.99191004
0.9924585
0.99177295
0.99177295
0.9921843
0.99232143
0.993007
0.99191004
0.99273276
0.99286985
0.99273276
0.99341834
0.9936926
0.9939668
0.99273276
0.9920472
0.9939668
0.99424106
0.99286985
0.99588645
0.993007
0.99437815
0.99328125
0.99478954
0.9950638
0.99588645
0.99424106
0.99670917
0.99629784
0.99670917
0.99588645
0.99670917
0.99670917
0.99574935
0.99670917
0.99670917
0.9979432
0.99670917
0.99670917
0.99670917
0.9968463
0.99780613
0.9971205
0.9969834
0.9979432
0.9983546
0.99670917
0.99670917
0.9968463
0.99780613
0.9983546
0.99670917
0.9983546
0.9975319
0.99821746
0.9983546
0.9983546
0.99780613
0.9975319
0.9983546
0.9983546
0.9983546
0.9983546
0.9983546
0.9983546
0.9983546
0.9983546
0.9983546
0.9983546
0.9983546
0.9983546
0.9983546
0.9983546
0.9983546
0.9983546
0.9983546
0.9983546
0.9983546
0.9983546
0.9983546
0.9983546
0.9983546
0.9983546
0.9983546
0.9983546
0.9983546
0.9983546
0.9983546
0.9983546
0.9983546
0.9983546
0.9983546
0.9983546
0.9983546
0.9983546
0.9983546
0.9983546
0.9983546
0.9983546
0.9983546
0.9983546
0.9983546
0.9983546
0.9983546
0.9983546
0.9983546
0.9983546
0.9983546
0.9983546
0.9983546
0.9983546
0.9983546
0.9983546
0.9983546
0.9983546
0.9983546
0.9983546
0.9983546
0.9983546
0.9983546
0.9983546
0.9983546
0.9983546
0.9983546
0.9983546
0.9983546
0.9983546
0.9983546
0.9983546
0.9983546
0.9983546
0.9983546
0.9983546
0.9983546
0.9983546
0.9983546
0.9983546
0.9983546
0.9983546
0.9983546
0.9983546
0.9983546
0.9983546
0.9983546
0.9983546
0.9983546
0.9983546
0.9983546
0.9983546
0.9983546
0.9983546
0.9983546
0.9983546
0.9983546
0.9983546
0.9983546
0.9983546
0.9983546
0.9983546
0.9983546
0.9983546
0.9983546
0.9983546
0.9983546
0.9983546
0.9983546
0.9983546
0.9983546
0.9983546
0.9983546
0.9983546
0.9983546
0.9983546
0.9983546
0.9983546
0.9983546
0.9983546
0.9983546
0.9983546
0.9983546
0.9983546
0.9983546
0.9983546
0.9983546
0.9983546
0.9983546
0.9983546
0.9983546
0.9983546
0.9983546
0.9983546
0.9983546
0.9983546
0.9983546
0.9983546
0.9983546
0.9983546
0.9983546
0.9983546
0.9983546
0.9983546
0.9983546
0.9983546
0.9983546
0.9983546
0.9983546
0.9983546
0.9983546
0.9983546
0.9983546
0.9983546
0.9983546
0.9983546
0.9983546
0.9983546
0.9983546
0.9983546
0.9983546
0.9983546
0.9983546
0.9983546
0.9983546
0.9983546
0.9983546
0.9983546
0.9983546
0.9983546
0.9983546
0.9983546
0.9983546
0.9983546
0.9983546
0.9983546
0.9983546
0.9983546
0.9983546
0.9983546
0.9983546
0.9983546
0.9983546
0.9983546
0.9983546
0.9983546
0.9983546
0.9983546
0.9983546
0.9983546
0.9983546
0.9983546
0.9983546
0.9983546
0.9983546
0.9983546
0.9991773
0.9983546
0.9983546
0.9983546
0.9983546
0.9983546
0.9983546
0.9983546
0.9983546
0.9983546
0.9983546
0.9983546
0.9983546
0.9983546
0.9983546
0.9983546
0.9983546
0.9983546
0.9983546
0.9983546
0.9983546
0.9983546
0.9983546
0.9983546
0.9983546
0.99890304
0.9983546
0.9983546
0.9983546
0.9983546
0.9983546
0.9983546
0.99890304
0.9983546
0.9983546
0.9990402
0.9983546
0.9983546
0.9983546
0.9983546
0.99876595
0.9983546
0.9983546
0.9990402
0.9993144
0.9983546
0.9983546
0.9983546
0.9983546
1.0
0.9983546
0.9983546
0.9983546
0.9983546
0.9983546
0.9983546
0.9983546
0.9993144
0.9983546
0.9983546
0.99876595
0.9983546
0.9991773
0.99876595
0.99876595
0.99890304
0.9983546
0.9983546
0.9983546
0.9983546
0.9983546
0.9983546
0.9983546
0.99890304
0.9983546
0.99890304
0.9998629
0.9983546
0.9983546
0.9983546
0.99876595
0.9983546
0.9983546
0.99890304
0.9983546
0.9983546
0.9983546
0.99890304
0.9983546
0.9990402
0.9993144
0.99972576
0.9983546
0.9990402
0.9990402
1.0
0.99958867
0.9983546
0.99890304
0.9993144
0.9983546
0.99890304
0.9983546
0.9983546
0.99958867
0.99890304
1.0
0.9983546
0.9983546
1.0
0.99972576
0.9983546
0.99890304
0.99890304
0.99958867
0.9983546
0.9983546
0.9983546
0.9983546
0.9983546
0.9983546
0.99890304
1.0
0.9983546
0.9983546
0.9983546
1.0
0.99890304
0.99972576
0.99958867
0.9983546
0.9994515
0.9983546
1.0
0.9983546
0.9993144
0.9983546
0.99972576
0.99890304
0.99958867
1.0
0.9990402
1.0
0.9983546
1.0
0.9983546
0.9983546
0.9990402
0.9983546
0.9983546
0.9983546
0.99890304
0.9993144
1.0
0.9993144
0.9983546
0.9983546
0.9998629
0.9983546
1.0
0.99876595
0.9993144
0.9990402
0.9993144
0.9993144
0.9998629
0.9983546
0.9993144
0.9983546
0.9983546
0.99876595
0.9983546
0.9994515
0.9991773
0.9984917
0.9983546
1.0
1.0
1.0
0.9991773
0.9993144
1.0
0.9993144
0.9991773
0.9994515
0.9994515
0.9993144
0.99890304
1.0
1.0
0.9993144
