0.31016043
0.36980668
0.39901274
0.4217743
0.44810092
0.46921706
0.470314
0.49513233
0.50788426
0.50198823
0.52762926
0.52927464
0.53462225
0.52913755
0.5381873
0.5453174
0.5497052
0.5617716
0.56588507
0.5697244
0.564651
0.5790484
0.58467025
0.5870012
0.5839846
0.5912519
0.5893322
0.59659946
0.607706
0.607706
0.60633487
0.6229261
0.61936104
0.6279994
0.6296449
0.62827367
0.63279855
0.63485533
0.64102566
0.63965446
0.64760727
0.651858
0.64952695
0.65706843
0.660085
0.6599479
0.65665704
0.6607706
0.6636501
0.6655697
0.66790074
0.66899765
0.6699575
