0.29384342
0.32044426
0.3647333
0.37104073
0.4348005
0.465652
0.5062389
0.529686
0.5381873
0.57534623
0.5879611
0.61730427
0.6259427
0.6502125
0.6561086
0.6707802
0.68874264
0.6924448
0.71287537
0.7193199
0.73577404
0.75593036
0.7641574
0.7686823
0.77745783
0.7762238
0.790484
0.800905
0.8147539
0.8122858
0.81996435
0.8340875
0.8454683
0.84930754
0.85547787
0.8623337
0.869601
0.8750857
0.87645686
0.88098174
0.8771425
0.89071715
0.8941451
0.9036062
0.89866996
0.8966132
0.9151241
0.917318
0.9133416
0.92403674
0.9229398
0.9300699
0.93541753
0.93788564
0.9440559
0.9467983
0.94474155
0.95022625
0.95118606
0.95571095
0.95324284
0.95804197
0.95708215
0.956945
0.9599616
0.96421224
0.96256685
0.9684629
0.9681887
0.9729878
0.9746332
0.9742219
0.9717537
0.9762786
0.9721651
0.97339916
0.98244894
0.98286027
0.9823118
0.9827232
0.9851913
0.98587686
0.98985326
0.9910873
0.9916358
0.9916358
0.98875636
0.99026465
0.9925956
0.993007
0.9924585
0.99232143
0.99437815
0.99437815
0.9938297
0.9971205
0.9939668
0.9938297
0.99739474
0.9964349
0.99629784
0.99725765
0.99725765
0.9983546
0.9983546
0.9983546
0.9975319
0.99725765
0.9983546
0.9983546
0.9983546
0.9983546
0.9983546
0.9983546
0.9983546
0.9983546
0.99739474
0.9983546
0.9983546
0.9983546
0.9983546
0.9983546
0.9983546
0.9983546
0.9983546
0.9983546
0.9983546
0.9983546
0.9983546
0.9983546
0.9983546
0.9983546
0.9983546
0.9983546
0.9983546
0.9983546
0.9983546
0.9983546
0.9983546
0.9983546
0.9983546
0.9983546
0.9983546
0.9983546
0.9983546
0.9983546
0.9983546
0.9983546
0.9983546
0.99876595
0.9983546
0.9983546
0.9983546
0.9998629
0.99876595
