0.2905526
0.2905526
0.33648705
0.37721103
0.45989305
0.453997
0.47593582
0.48951048
0.5136432
0.5398327
0.53160566
0.54545456
0.5488825
0.54408336
0.5550528
0.5598519
0.5583436
0.56698203
0.56245714
0.5651995
0.56890166
0.5672563
0.5769916
0.5684903
0.5695873
0.57191825
0.572741
0.57712877
0.5875497
0.5756205
0.5804196
0.57534623
0.5790484
0.57630605
0.57712877
0.5775401
0.5859043
0.5754833
0.60345536
0.5967366
0.6098999
0.607706
0.5865899
0.6107226
0.6020842
0.5870012
0.6137392
0.5933086
0.61689293
0.6052379
0.6096257
0.61236805
0.61730427
0.61483616
0.60948855
0.6215549
0.6115453
0.61648154
0.6210064
0.6236117
0.6066091
0.6275881
0.61730427
0.60852873
0.61346495
0.62333745
0.6281366
0.6130536
0.6222405
0.6236117
0.6290964
0.6177156
0.6315645
0.6334842
0.62347454
0.63225013
0.62484574
0.6279994
0.62470865
0.63279855
0.62827367
0.6267654
0.6336213
0.6323872
0.63334703
0.62882215
0.63416976
0.63581514
0.6349925
0.63129026
0.6392431
0.6319759
0.63951737
0.6393802
0.6428082
0.63485533
0.63965446
0.6430824
0.63718635
0.6360894
0.63951737
0.64102566
0.6400658
0.6443165
0.6430824
0.6408885
0.6428082
0.6439051
0.6434938
0.6439051
0.6469217
0.6459619
0.64417934
0.6463732
0.6477444
0.6469217
0.6463732
0.6469217
0.64760727
0.64856714
0.6478815
0.64760727
0.64705884
0.64843
0.6477444
0.65117234
0.6478815
0.65103525
0.65103525
0.65254354
0.65117234
0.6508981
0.6513095
0.65556014
0.6567942
0.6517208
0.6513095
0.6584396
0.6524064
0.6517208
0.6558344
0.65405184
0.6583025
0.6529549
0.6567942
0.6544632
0.6556972
0.653092
0.6585767
0.65967363
0.6537776
0.6583025
0.6599479
0.6591252
0.65939945
0.65501165
0.66543263
0.65706843
0.6636501
0.66035926
0.6669409
0.66543263
0.6661182
0.6606335
0.6669409
0.6617304
0.66104484
0.67036885
0.667078
0.6640614
0.67187715
0.6646099
0.6683121
0.6725627
0.668175
0.66598105
0.6646099
0.6731112
0.6736597
0.67283696
0.674071
0.6725627
0.67269987
0.675168
0.6755793
0.67640203
0.6755793
0.67832166
0.6785959
0.675168
0.6790073
0.6790073
0.67832166
0.6791444
0.6794186
0.68024135
0.6795557
0.6754422
0.6816125
0.6820239
0.6806527
0.68133825
0.6838064
0.6829837
0.68188673
0.6850405
0.6853147
0.6820239
0.6850405
0.6838064
0.68366927
0.686823
0.6854518
0.6862745
0.6854518
0.6886055
0.6886055
0.68915397
0.6876457
0.68668586
0.6860003
0.6879199
0.6901138
0.6894282
0.6890169
0.690388
0.6888797
0.69271904
0.6945016
0.68956536
0.69121075
0.6923077
0.6909365
0.6884684
0.6924448
0.6945016
0.6958728
0.69203347
0.6954614
0.69367886
0.6962841
0.6953243
0.69669545
0.69614697
0.69271904
0.6968326
0.69765526
0.69559854
0.69669545
0.6988894
0.69957495
0.6962841
0.69573563
0.6983409
0.69916356
0.6934046
0.6962841
0.6994378
0.69902647
0.69957495
0.69916356
0.69957495
0.7017688
0.7009461
0.70122033
0.70053476
0.6987522
0.700809
0.7046483
0.7024544
0.70300287
0.7023173
0.6998492
0.7046483
0.7023173
0.7016317
0.7038256
0.70204306
0.70314
0.7032771
0.7061566
0.7058824
0.7082133
0.70355135
0.7061566
0.70368844
0.707802
0.7053339
0.7057452
0.7091732
0.7097216
0.7084876
0.7097216
0.7082133
0.70656794
0.6994378
0.7076649
0.70944744
0.71095574
0.7110928
0.7093103
0.70944744
0.71150416
0.7121898
0.71150416
0.710133
0.71150416
0.71287537
0.7106815
0.70889896
0.7106815
0.70889896
0.71301246
0.7117784
0.7113671
0.7142465
0.7131496
0.7131496
0.7161662
0.7161662
0.71506923
0.71397233
0.7195941
0.71740025
0.71753734
0.71794873
0.7156177
0.7180858
0.7186343
0.7202797
0.7191828
0.7152064
0.71794873
0.7195941
0.7186343
0.72494173
0.7232963
0.7211024
0.72645
0.7232963
0.72123957
0.71753734
0.7180858
0.7215138
0.7231592
0.71890855
0.7231592
0.7245304
0.7223365
0.7195941
0.7187714
0.7231592
0.72590154
0.72535306
0.7230221
0.72041684
0.71397233
0.7195941
0.72041684
0.7226107
0.7221994
0.7223365
0.7221994
0.7232963
0.7224736
0.7216509
0.7245304
0.7261758
0.72727275
0.7263129
0.72836965
0.7187714
0.7278212
0.72823256
0.7291924
0.73042643
0.7280954
0.72974086
0.7296037
0.7300151
0.7301522
0.7305636
0.7309749
0.73138624
0.7301522
0.7263129
0.7260387
0.7286439
0.7316605
0.7305636
0.7335802
0.7320719
0.7290553
0.7339915
0.73454
0.73508847
0.73275745
0.7294666
0.7339915
0.73522556
0.73536265
0.73289454
0.731112
0.72974086
0.7356369
0.7300151
0.7354998
0.7348142
0.7385164
0.7389277
0.7315234
0.7307007
0.7346771
0.73124915
0.731112
0.7374194
0.7374194
0.7330317
0.7400247
0.72974086
0.7324832
0.7385164
0.73385435
0.73179764
0.7378308
0.7394762
0.73988754
0.73289454
0.73769367
0.7402989
0.7378308
0.7330317
0.7393391
0.7370081
0.73536265
0.73920196
0.73289454
0.7346771
0.7349513
0.72974086
0.73673385
0.7375566
0.74125874
0.7375566
0.7371452
0.7386535
0.7393391
0.73920196
0.7408474
0.7386535
0.73810506
0.7315234
0.7375566
0.74276704
0.73769367
0.7389277
0.74112165
0.7445496
0.7356369
0.73975044
0.73577404
0.7361854
0.74358976
0.73426574
0.73728234
0.7386535
0.73988754
0.74221855
0.73591113
0.7418072
0.73426574
0.7401618
0.74276704
0.7378308
0.7402989
0.7423557
0.73920196
0.7416701
0.73879063
0.74276704
0.7401618
0.7423557
0.7418072
0.73988754
0.73591113
0.73659676
0.74468666
0.74276704
0.73879063
0.7401618
0.74139583
0.7419443
0.74071026
0.74071026
0.74276704
0.7416701
0.7424928
0.73961335
0.74221855
0.7371452
0.73879063
0.73577404
0.7401618
0.7360483
0.7419443
0.7361854
0.7390649
0.7444124
0.74276704
0.7374194
0.7408474
0.74262995
0.74262995
0.7430413
0.7434526
0.7433155
0.74509805
0.74139583
0.74112165
0.7429041
0.7402989
0.743864
0.7409845
0.7394762
0.7429041
0.74509805
0.7430413
0.7457836
0.74674344
0.7448238
0.7379679
0.7434526
0.7464692
0.7423557
0.7445496
0.74523515
0.7455094
0.74317837
0.7423557
0.7408474
0.74317837
0.743864
0.7416701
0.74262995
0.7418072
0.7429041
0.74564654
0.74057317
0.74139583
0.73824215
0.74770325
0.748526
0.7378308
0.7449609
0.7424928
0.7468806
0.7470177
0.74619496
0.7448238
0.7424928
0.7488002
0.7424928
0.74619496
0.7472919
0.7445496
0.74523515
0.7449609
0.7470177
0.7478404
0.743864
0.747429
0.74756616
0.7478404
0.7470177
0.7448238
0.74509805
0.7470177
0.7400247
0.7455094
0.7459207
0.7455094
0.7463321
0.74660635
0.74262995
0.747429
0.74756616
0.74057317
0.7448238
0.74660635
0.7483889
0.74057317
0.748526
0.7501714
0.74523515
0.7479775
0.7486631
0.74811465
0.74674344
0.74756616
0.74674344
0.7479775
0.74770325
0.74715483
0.7453723
0.74605787
0.7472919
0.7493487
0.7464692
0.7448238
0.7464692
0.74756616
0.74770325
0.74907446
0.7483889
0.7430413
0.7457836
0.74509805
0.7430413
0.74605787
0.747429
0.747429
0.7464692
0.74660635
0.7479775
0.74619496
0.74619496
0.74660635
0.7464692
0.74619496
0.7478404
0.7468806
0.7463321
0.74770325
0.7394762
0.74468666
0.74564654
0.7444124
0.74619496
0.7453723
0.74468666
0.74619496
0.7444124
0.74523515
0.74619496
0.7448238
0.7464692
0.74674344
0.7455094
0.74564654
0.74605787
0.74674344
0.74715483
0.74674344
0.74523515
0.7463321
0.7455094
0.7457836
0.74523515
0.7459207
0.7455094
0.7449609
0.7429041
0.74523515
0.7434526
0.7455094
0.74523515
0.7472919
0.7470177
0.7448238
0.7459207
0.7434526
0.7463321
0.74619496
0.7472919
0.7470177
0.74523515
0.7444124
0.743864
0.74674344
0.7457836
0.7459207
0.7448238
0.74825174
0.7463321
0.7470177
0.7459207
0.7463321
0.7449609
0.747429
0.7444124
0.7444124
0.74523515
0.7463321
0.74564654
0.743864
0.74605787
0.7448238
0.7457836
0.74715483
0.7459207
0.7455094
0.7478404
0.7468806
0.74811465
0.74413824
0.74674344
0.7453723
0.7464692
0.74564654
0.7455094
0.74564654
0.747429
0.74564654
0.7449609
0.7453723
0.7463321
0.747429
0.7459207
0.7449609
0.7459207
0.7444124
0.7448238
0.74564654
0.74674344
0.7464692
0.7453723
0.7472919
0.74660635
0.74674344
0.7468806
0.74619496
0.7449609
0.74619496
0.74619496
0.7464692
0.7453723
0.74523515
0.74413824
0.7448238
0.7459207
0.7457836
0.74715483
0.7449609
0.7459207
0.74674344
0.74811465
0.7449609
0.74674344
0.7472919
0.74674344
0.74605787
0.7449609
0.74660635
0.74811465
0.75222814
0.74674344
0.7455094
0.74523515
0.7463321
0.7459207
0.7457836
0.7464692
0.7464692
0.7470177
0.7470177
0.7464692
0.7468806
0.74660635
0.7459207
0.7493487
0.74523515
0.7464692
0.747429
0.7494858
0.7468806
0.74811465
0.74564654
0.7453723
0.74427533
0.7464692
0.7463321
0.74619496
0.7483889
0.7479775
0.7472919
0.7453723
0.7479775
0.7445496
0.74756616
0.74660635
0.74413824
0.7478404
0.7453723
0.75113124
0.7463321
0.74674344
0.7493487
0.7504456
0.74962294
0.7464692
0.7564788
0.7453723
0.75263953
0.75071985
0.747429
0.7444124
0.7503085
0.7470177
0.74715483
0.7479775
0.7486631
0.7483889
0.74674344
0.75209105
0.75154257
0.7470177
0.7449609
0.7483889
0.74811465
0.7549705
0.74674344
0.7498972
0.75222814
0.74756616
0.7486631
0.7479775
0.750857
0.7464692
0.7514055
0.7470177
0.74907446
0.750857
0.75071985
0.75058275
0.7488002
0.7493487
0.75071985
0.7488002
0.74770325
0.7486631
0.7494858
0.7533251
0.74976003
0.7498972
0.7529138
0.7486631
0.7500343
0.7501714
0.75113124
0.75209105
0.75154257
0.75359935
0.7501714
0.7498972
0.74907446
0.74962294
0.75113124
0.7500343
0.7500343
0.7512683
0.75209105
0.7500343
0.7533251
0.7542849
0.75154257
0.7516797
0.75442207
0.75305086
0.75058275
0.75263953
0.7557932
0.75154257
0.7523653
0.75209105
0.7525024
0.7514055
0.7546963
0.7538736
0.7527766
0.7533251
0.75455916
0.7538736
0.75359935
0.753188
0.7546963
0.7557932
0.75305086
0.75359935
0.75442207
0.7518168
0.75305086
0.7540107
0.75305086
0.7525024
0.76045525
0.7579871
0.7519539
0.7586727
0.7538736
0.7538736
0.75606745
0.7546963
0.755519
0.75442207
0.7542849
0.75455916
0.7541478
0.75510764
0.7541478
0.7557932
0.7553819
0.7571644
0.75757575
0.7562046
0.7553819
0.7586727
0.76059234
0.75812423
0.75908405
0.7607295
0.7556561
0.7583985
0.7579871
0.75593036
0.7582613
0.7622378
0.7568902
0.76402026
0.7618264
0.7579871
0.7573015
0.75743866
0.7626491
0.7618264
0.7564788
0.76004386
0.7588098
0.76360893
0.7627862
0.7618264
0.76210064
0.7618264
0.7588098
0.75908405
0.76045525
0.760181
0.7596325
0.7642945
0.76498014
0.7626491
0.76498014
0.7658028
0.7656657
0.76141506
0.7641574
0.7586727
0.7622378
0.76703686
0.76292336
0.7631976
0.76539147
0.76498014
0.7611408
0.7678596
0.76196355
0.76744825
0.76059234
0.7607295
0.7631976
0.7633347
0.7666255
0.7641574
0.76744825
0.7618264
0.76744825
0.7667627
0.7610037
0.7658028
0.7678596
0.7693679
0.76854515
0.76196355
0.7656657
0.7627862
0.7612779
0.7663513
0.7626491
0.76607704
0.7662142
0.76292336
0.7658028
0.7637461
0.7696421
0.7692308
0.7622378
0.76744825
0.76141506
0.7693679
0.7627862
0.7678596
0.76539147
0.7710133
0.7707391
0.7678596
0.76648843
0.7652544
0.7594954
0.7677225
0.769505
0.7663513
0.7707391
0.7678596
0.76909363
0.7656657
0.77142465
0.76840806
0.7692308
0.76689976
0.7667627
0.76827097
0.7627862
0.7631976
0.7710133
0.77156174
0.76840806
0.767174
0.7688194
0.7688194
0.7678596
0.76292336
0.76251197
0.771836
0.7730701
0.7722474
0.76552856
0.7725216
0.7677225
0.7726587
0.77540106
0.7663513
0.7721102
0.77046484
0.7740299
0.774167
0.7703277
0.7592212
0.7740299
0.7740299
0.7678596
0.7703277
0.77005345
0.77238446
0.7677225
0.77128756
0.77046484
0.77581245
0.767174
0.7677225
0.771836
0.7748526
0.7736185
0.7693679
0.7693679
0.76758534
0.7730701
0.7707391
0.76909363
0.7740299
0.7681338
0.76443166
0.771836
0.76689976
0.7736185
0.7725216
0.76840806
0.77581245
0.7673111
0.77444124
0.77389276
0.77444124
0.7745784
0.7686823
0.77005345
0.76744825
0.77594954
0.7666255
0.7730701
0.7736185
0.76909363
0.771836
0.7707391
0.77540106
0.77156174
0.7736185
0.7707391
0.7749897
0.7693679
0.7725216
0.7693679
0.7760867
0.7751268
0.7749897
0.7692308
0.76593995
0.77636087
0.76689976
0.77677226
0.7747155
0.7755382
0.7770465
0.764843
0.7732072
0.77128756
0.7647059
0.77677226
0.7716989
0.77142465
0.76251197
0.7751268
0.7760867
0.7745784
0.77046484
0.77594954
0.77293295
0.7716989
0.7749897
0.7703277
0.7706019
0.7747155
0.77677226
0.77128756
0.77786916
0.7696421
0.76991636
0.76991636
0.7736185
0.77279586
0.7638832
0.7681338
0.776498
0.7688194
0.77786916
0.77142465
0.7751268
0.7780063
0.7756753
0.77841765
0.7791033
0.77238446
0.7786919
0.77430415
0.7656657
0.7710133
0.7762238
0.777595
0.7771836
0.76456875
0.7693679
0.7760867
0.7736185
0.7796517
0.77594954
0.77238446
0.7771836
0.7647059
0.774167
0.7734814
0.7770465
0.7802002
0.78129715
0.77732074
0.77540106
0.77828056
0.774167
0.7749897
0.77677226
0.7749897
0.77293295
0.7781434
0.77156174
0.76977926
0.776498
0.77375567
0.7747155
0.7770465
0.7760867
0.76593995
0.77540106
0.78116
0.77690935
0.7791033
0.77197313
0.7693679
0.77636087
0.7770465
0.77924037
0.77581245
0.7693679
0.7747155
0.7755382
0.776498
0.77786916
0.7692308
0.78088576
0.77444124
0.78088576
0.7762238
0.7802002
0.78074867
0.776498
0.77156174
0.78116
0.776498
0.76991636
0.7791033
0.77745783
0.77581245
0.7762238
0.769505
0.77828056
0.7722474
0.7785548
0.7770465
0.7795146
0.7780063
0.7770465
0.7806116
0.77882904
0.77293295
0.776498
0.7777321
0.78129715
0.7832168
0.77882904
0.7770465
0.7781434
0.7826683
0.7815714
0.77732074
0.7762238
0.7789661
0.7780063
0.77197313
0.7771836
0.7819827
0.77046484
0.774167
0.77732074
0.77732074
0.7786919
0.77677226
0.77526397
0.77581245
0.777595
0.77636087
0.77732074
0.77745783
0.7716989
0.7789661
0.7770465
0.78225696
0.7755382
0.77786916
0.7791033
0.78033733
0.777595
0.7832168
0.7781434
0.77924037
0.78143424
0.77882904
0.77841765
0.7815714
0.7785548
0.7740299
0.7785548
0.77786916
0.7766351
0.7802002
0.78033733
0.7830797
0.7789661
0.77924037
0.7771836
0.7756753
0.7770465
0.77828056
0.7796517
0.77924037
0.78116
0.7786919
0.77444124
0.78033733
0.77594954
0.7786919
0.7791033
0.77526397
0.7833539
0.7826683
0.7832168
0.77732074
0.77978885
0.7789661
0.7781434
0.7810229
0.77882904
0.7832168
0.7766351
0.7815714
0.7810229
0.78211987
0.78088576
0.78074867
0.78362817
0.7785548
0.77828056
0.7841766
0.7802002
0.7804744
0.77594954
0.7833539
0.77937746
0.78129715
0.77882904
0.7841766
0.7785548
0.777595
0.77841765
0.7777321
0.7795146
0.78211987
0.77786916
0.7796517
0.78239405
0.78116
0.7815714
0.7791033
0.77992594
0.7791033
0.77937746
0.78088576
0.77677226
0.77937746
0.7833539
0.78472507
0.7804744
0.7810229
0.78225696
0.77978885
0.78143424
0.7830797
0.7795146
0.78431374
0.77841765
0.7802002
0.7810229
0.7800631
0.78129715
0.78280544
0.78129715
0.78116
0.7796517
0.7796517
0.7756753
0.7817085
0.77690935
0.77882904
0.77828056
0.78074867
0.7789661
0.7804744
0.77594954
0.7810229
0.7795146
0.7786919
0.78129715
0.77937746
0.7802002
0.7796517
0.7795146
0.78294253
0.7810229
0.7810229
0.78074867
0.7818456
0.7804744
0.7840395
0.7815714
0.78033733
0.78280544
0.77430415
0.7810229
0.7806116
0.78431374
0.7804744
0.7848622
0.7795146
0.7832168
0.78116
0.78376526
0.7795146
0.78211987
0.78074867
0.7817085
0.78239405
0.783491
0.7830797
0.78294253
0.7817085
0.78472507
0.7818456
0.7819827
0.7832168
0.7795146
0.78143424
0.7825312
0.77992594
0.7826683
0.7825312
0.78129715
0.78294253
0.7786919
0.78129715
0.7841766
0.78294253
0.78376526
0.7819827
0.78541064
0.78294253
0.7819827
0.78116
0.78239405
0.78362817
0.7810229
0.78116
0.78239405
0.78143424
0.77937746
0.78362817
0.7817085
0.7819827
0.78376526
0.777595
0.78376526
0.78294253
0.77937746
0.77677226
0.78143424
0.78129715
0.78239405
0.78280544
0.7817085
0.7825312
0.7789661
0.78390235
0.78280544
0.783491
0.783491
0.7815714
0.7830797
0.7815714
0.7819827
0.7832168
0.78376526
0.78472507
0.7844508
0.78431374
0.78294253
0.78472507
0.78472507
0.77937746
0.7830797
0.78376526
0.78513646
0.77786916
0.7826683
0.7826683
0.7844508
0.78376526
0.7830797
0.78691894
0.784588
0.78280544
0.78239405
0.78225696
0.78280544
0.7830797
0.78294253
0.78431374
0.7832168
0.78239405
0.78225696
0.7841766
0.7802002
0.7833539
0.78431374
0.78294253
0.7844508
0.78362817
0.7833539
0.7848622
0.7833539
0.7841766
0.7830797
0.7833539
0.7840395
0.78431374
0.78280544
0.7849993
0.784588
0.783491
0.7832168
0.78362817
0.78390235
0.78280544
0.783491
0.78527355
0.78390235
0.7841766
0.7840395
0.784588
0.7849993
0.78390235
0.78431374
0.78431374
0.7860963
0.7859591
0.784588
0.78582203
0.7844508
0.7849993
0.78294253
0.7849993
0.78472507
0.7833539
0.7859591
0.7817085
0.78376526
0.7856849
0.78211987
0.7844508
0.784588
0.78472507
0.78362817
0.78513646
0.7840395
0.784588
0.78472507
0.78513646
0.7856849
0.7841766
0.78623337
0.7859591
0.784588
0.7844508
0.7855478
0.78472507
0.784588
0.7848622
0.784588
0.78678185
0.784588
0.7832168
0.78541064
0.78472507
0.7860963
0.78513646
0.7844508
0.7849993
0.7849993
0.78664476
0.7848622
0.784588
0.7849993
0.7848622
0.78362817
0.78431374
0.7855478
0.78431374
0.7860963
0.7856849
0.7848622
0.7856849
0.7848622
0.78664476
0.78582203
0.78623337
0.78541064
0.7818456
0.78472507
0.78691894
0.7880159
0.7873303
0.7876046
0.78376526
0.78623337
0.78623337
0.78390235
0.7871932
0.783491
0.78116
0.78774166
0.78691894
0.78664476
0.7840395
0.7873303
0.7865076
0.7871932
0.7863705
0.7856849
0.7863705
0.7855478
0.7865076
0.7863705
0.78623337
0.7870561
0.7856849
0.78678185
0.78623337
0.7870561
0.7870561
0.7871932
0.78774166
0.7878788
0.78842723
0.7844508
0.7874674
0.7876046
0.7873303
0.7849993
0.78829014
0.7889757
0.7870561
0.7871932
0.78513646
0.78829014
0.78541064
0.7865076
0.78527355
0.7878788
0.78678185
0.7876046
0.7860963
0.78664476
0.78664476
0.7873303
0.7832168
0.7859591
0.7876046
0.7878788
0.7855478
0.78582203
0.7871932
0.78815305
0.7878788
0.7874674
0.78582203
0.78664476
0.7874674
0.784588
0.78664476
0.7849993
0.7878788
0.7860963
0.78527355
0.78815305
0.78376526
0.7878788
0.78842723
0.7863705
0.78678185
0.78815305
0.78815305
0.7887015
0.7880159
0.78829014
0.7873303
0.7880159
0.7870561
0.78664476
0.7865076
0.78582203
0.78623337
0.7873303
0.78664476
0.78815305
0.7880159
0.78664476
0.7873303
0.7870561
0.7871932
0.7874674
0.78691894
0.7878788
0.78678185
0.7887015
0.78691894
0.7878788
0.78842723
0.7888386
0.7874674
0.78623337
0.78691894
0.78829014
0.7871932
0.78691894
0.78829014
0.7878788
0.78815305
0.7893871
0.7888386
0.78911287
0.7888386
0.78842723
0.78815305
0.7888386
0.7887015
0.78924996
0.7899355
0.7871932
0.78979844
0.7889757
0.7889757
0.78911287
0.7885644
0.78829014
0.79062116
0.7893871
0.7908954
0.7888386
0.78979844
0.7876046
0.7908954
0.7865076
0.7910325
0.78842723
0.7899355
0.7893871
0.79130673
0.78966135
0.78774166
0.79075825
0.79062116
0.7902098
0.791581
0.7919923
0.7902098
0.79130673
0.791581
0.79171807
0.7903469
0.79171807
0.7910325
0.79075825
0.7914438
0.79130673
0.7918552
0.79171807
0.791581
0.791581
0.79116964
0.7902098
0.7919923
0.7910325
0.7918552
0.791581
0.7919923
0.79171807
0.78691894
0.7908954
0.79075825
0.79212946
0.7902098
0.79116964
0.79212946
0.7903469
0.79075825
0.78979844
0.7914438
0.79212946
0.791581
0.7918552
0.79130673
0.79267794
0.7930893
0.7925408
0.79226655
0.7929521
0.7925408
0.79267794
0.7925408
0.7933635
0.7940491
0.79363775
0.7925408
0.78979844
0.79212946
0.7924037
0.79226655
0.7919923
0.792815
0.7925408
0.7918552
0.7924037
0.79171807
0.79226655
0.793912
0.792815
0.7918552
0.7929521
0.7935006
0.793912
0.7929521
0.79322636
0.7933635
0.7925408
0.7930893
0.792815
0.79267794
0.7924037
0.7918552
0.7925408
0.7929521
0.7919923
0.7933635
0.79322636
0.7935006
0.7930893
0.7925408
0.7902098
0.79322636
0.7935006
0.7935006
0.7925408
0.7933635
0.7933635
0.7933635
0.7935006
0.7924037
0.79322636
0.791581
0.79363775
0.7944604
0.79418623
0.7948718
0.7933635
0.792815
0.7933635
0.7929521
0.7948718
0.79418623
0.792815
0.79267794
0.79377484
0.79363775
0.79418623
0.7933635
0.79418623
0.79363775
0.7935006
0.793912
0.79377484
0.7935006
0.7929521
0.79418623
0.79322636
0.79514605
0.7933635
0.79322636
0.79377484
0.7943233
0.7935006
0.7933635
0.79418623
0.792815
0.7933635
0.7935006
0.7950089
0.7950089
0.7940491
0.7954203
0.79377484
0.7940491
0.79363775
0.79418623
0.79363775
0.793912
0.793912
0.7943233
0.7943233
0.7940491
0.7935006
0.79514605
0.7943233
0.79363775
0.79459757
0.793912
0.7943233
0.79322636
0.7944604
0.79171807
0.79528314
0.7935006
0.7959687
0.7935006
0.79459757
0.79363775
0.7950089
0.79473466
0.79418623
0.79363775
0.793912
0.79363775
0.79473466
0.79377484
0.79418623
0.79418623
0.79569453
0.7944604
0.79569453
0.7959687
0.79665434
0.793912
0.79459757
0.7944604
0.7940491
0.793912
0.7944604
0.7940491
0.79377484
0.79459757
0.7950089
0.79418623
0.79418623
0.793912
0.7948718
0.79459757
0.7944604
0.7943233
0.79569453
0.79459757
0.7958316
0.79418623
0.79418623
0.7944604
0.7959687
0.7948718
0.79679143
0.79624295
0.79569453
0.7955574
0.7958316
0.7948718
0.7950089
0.7954203
0.79514605
0.7954203
0.79610586
0.79528314
0.7948718
0.79459757
0.79473466
0.7918552
0.7950089
0.7959687
0.7944604
0.79514605
0.7955574
0.7958316
0.7958316
0.7959687
0.7958316
0.79610586
0.79665434
0.7959687
0.7958316
0.7970657
0.79679143
0.793912
0.7963801
0.7970657
0.797477
0.7954203
0.79528314
0.79679143
0.7954203
0.79665434
0.7950089
0.7958316
0.7954203
0.79459757
0.79610586
0.7958316
0.79459757
0.7950089
0.79514605
0.79610586
0.7954203
0.7958316
0.7954203
0.7959687
0.7954203
0.79679143
0.7965172
0.7958316
0.7959687
0.7955574
0.79610586
0.7958316
0.7973399
0.79624295
0.7963801
0.7972028
0.79679143
0.7958316
0.7959687
0.79610586
0.7973399
0.7959687
0.79775125
0.79624295
0.7958316
0.797477
0.7980255
0.7965172
0.79761416
0.7972028
0.7959687
0.79665434
0.797477
0.79816264
0.7959687
0.79665434
0.79775125
0.7980255
0.79679143
0.797477
0.7963801
0.7973399
0.7972028
0.7969286
0.7973399
0.79775125
0.7980255
0.7984369
0.79775125
0.7965172
0.7969286
0.7978884
0.79624295
0.79679143
0.79761416
0.7970657
0.79816264
0.7972028
0.7965172
0.79679143
0.797477
0.7969286
0.79679143
0.7958316
0.7970657
0.7984369
0.7987111
0.7965172
0.7984369
0.7965172
0.797477
0.7984369
0.79665434
0.7980255
0.7972028
0.79679143
0.79816264
0.79761416
0.7980255
0.79775125
0.79775125
0.7973399
0.7984369
0.7987111
0.7978884
0.79775125
0.79775125
0.79829973
0.7987111
0.79761416
0.79829973
0.79665434
0.7965172
0.79665434
0.79665434
0.7970657
0.7972028
0.79761416
0.7980255
0.7970657
0.79816264
0.7970657
0.7978884
0.7978884
0.7973399
0.7978884
0.7984369
0.7973399
0.79775125
0.79816264
0.7987111
0.7978884
0.79775125
0.7984369
0.7980255
0.797477
0.798574
0.79665434
0.798574
0.79829973
0.7984369
0.79912245
0.79816264
0.797477
0.7984369
0.798574
0.7980255
0.7989853
0.7978884
0.7978884
0.7980255
0.798574
0.7987111
0.79829973
0.7989853
0.7988482
0.79775125
0.7980255
0.79816264
0.7989853
0.79775125
0.7980255
0.79912245
0.798574
0.7980255
0.79925954
0.7978884
0.7980255
0.79829973
0.7978884
0.79761416
0.79624295
0.7988482
0.79925954
0.798574
0.79925954
0.79967093
0.79816264
0.797477
0.79925954
0.7999452
0.7999452
0.79816264
0.79925954
0.7995338
0.798574
0.798574
0.79816264
0.79912245
0.7984369
0.79967093
0.7973399
0.7989853
0.7987111
0.79925954
0.7995338
0.798574
0.79925954
0.79610586
0.79925954
0.7993967
0.79912245
0.7987111
0.79925954
0.7995338
0.79925954
0.7987111
0.798574
0.7995338
0.7999452
0.7984369
0.79967093
0.799808
0.7973399
0.80008227
0.80008227
0.79829973
0.7984369
0.79829973
0.7989853
0.79967093
0.79912245
0.8002194
0.7999452
0.80008227
0.799808
0.79912245
0.799808
0.80008227
0.799808
0.7993967
0.80063075
0.799808
0.80008227
0.7999452
0.79967093
0.799808
0.8003565
0.80008227
0.8002194
0.7988482
0.7989853
0.799808
0.800905
0.80063075
0.80076784
0.8003565
0.7993967
0.7989853
0.7999452
0.80076784
0.800905
0.80008227
0.79925954
0.8003565
0.800905
0.8003565
0.7993967
0.80008227
0.80008227
0.8004936
0.799808
0.79967093
0.799808
0.8002194
0.7984369
0.799808
0.8010421
0.7999452
0.7999452
0.800905
0.8002194
0.799808
0.7989853
0.7988482
0.7999452
0.80117923
0.80076784
0.800905
0.79925954
0.80117923
0.799808
0.80008227
0.7995338
0.8010421
0.8002194
0.8002194
0.799808
0.8003565
0.8003565
0.7995338
0.8003565
0.8003565
0.80008227
0.7993967
0.800905
0.80076784
0.8003565
0.8010421
0.800905
0.80117923
0.80063075
0.8013163
0.8010421
0.799808
0.8013163
0.8010421
0.8013163
0.8013163
0.8010421
0.80159056
0.800905
0.8013163
0.80076784
0.80159056
0.80117923
0.80076784
0.80159056
0.800905
0.8013163
0.8010421
0.8002194
0.8004936
0.800905
0.80159056
0.80076784
0.80063075
0.8010421
0.8004936
0.800905
0.80076784
0.8014535
0.8018648
0.8020019
0.8014535
0.8002194
0.8013163
0.80159056
0.80117923
0.8013163
0.80159056
0.8014535
0.80117923
0.8014535
0.8018648
0.80117923
0.80117923
0.80117923
0.8013163
0.80117923
0.7999452
0.80076784
0.80159056
0.80076784
0.800905
0.800905
0.800905
0.80213904
0.8018648
0.80159056
0.8018648
0.8013163
0.80159056
0.80063075
0.8017277
0.8010421
0.80159056
0.8010421
0.8014535
0.8010421
0.8002194
0.8018648
0.80076784
0.80076784
0.80227613
0.8014535
0.8018648
0.80076784
0.8020019
0.8010421
0.8020019
0.8010421
0.8014535
0.80213904
0.80063075
0.80159056
0.80159056
0.80213904
0.80213904
0.8025504
0.8020019
0.8028246
0.8020019
0.8025504
0.8018648
0.8025504
0.8014535
0.8017277
0.8018648
0.8017277
0.80309886
0.80159056
0.80227613
0.8014535
0.80159056
0.8024133
0.8018648
0.80227613
0.80213904
0.80227613
0.8026875
0.8026875
0.80227613
0.8024133
0.8024133
0.8017277
0.8028246
0.8024133
0.8035102
0.8026875
0.80213904
0.80296177
0.80309886
0.8028246
0.8024133
0.80227613
0.8024133
0.80309886
0.8017277
0.8020019
0.80213904
0.80309886
0.8017277
0.8026875
0.80378443
0.8025504
0.8025504
0.8025504
0.8028246
0.8028246
0.803236
0.8033731
0.8026875
0.80296177
0.8035102
0.80364734
0.8026875
0.8035102
0.8033731
0.8020019
0.8033731
0.8025504
0.8026875
0.8028246
0.8033731
0.8033731
0.80227613
0.80364734
0.8040587
0.803236
0.8040587
0.8026875
0.80309886
0.8018648
0.8033731
0.80378443
0.803236
0.80447006
0.8035102
0.803236
0.80364734
0.80364734
0.8026875
0.8033731
0.8033731
0.8033731
0.8026875
0.8033731
0.803236
0.8035102
0.8020019
0.8026875
0.8033731
0.8039216
0.80378443
0.8043329
0.8035102
0.8028246
0.80364734
0.80378443
0.8043329
0.80447006
0.8047443
0.803236
0.80309886
0.803236
0.8035102
0.8039216
0.8043329
0.80364734
0.8033731
0.8028246
0.80378443
0.80378443
0.8033731
0.803236
0.8040587
0.8043329
0.8040587
0.8035102
0.80447006
0.8040587
0.80447006
0.8052927
0.8048814
0.8041958
0.803236
0.8033731
0.8033731
0.8047443
0.8039216
0.8039216
0.8041958
0.80460715
0.8047443
0.80378443
0.80460715
0.8040587
0.8040587
0.8043329
0.803236
0.8043329
0.8043329
0.8043329
0.8040587
0.8041958
0.8040587
0.80460715
0.8041958
0.80460715
0.80460715
0.8057041
0.8057041
0.8058412
0.8039216
0.8057041
0.8054299
0.8058412
0.80460715
0.8057041
0.8050185
0.8052927
0.8040587
0.8041958
0.8054299
0.8048814
0.8052927
0.80447006
0.8043329
0.8050185
0.8047443
0.8039216
0.80597836
0.8054299
0.8054299
0.8057041
0.80611545
0.8050185
0.8041958
0.8052927
0.8058412
0.80666393
0.8048814
0.8057041
0.80611545
0.80447006
0.80515563
0.80556697
0.8047443
0.8058412
0.8043329
0.8033731
0.80611545
0.8050185
0.8052927
0.80666393
0.80515563
0.8052927
0.8050185
0.80556697
0.8065268
0.8048814
0.80611545
0.80515563
0.80515563
0.8054299
0.8057041
0.8054299
0.80515563
0.80515563
0.8063897
0.8069382
0.80666393
0.8057041
0.8058412
0.80611545
0.8052927
0.8063897
0.80515563
0.80597836
0.8054299
0.8048814
0.8065268
0.80515563
0.80460715
0.80707526
0.80611545
0.80597836
0.8072124
0.8065268
0.8065268
0.8052927
0.8050185
0.8072124
0.80611545
0.80666393
0.8058412
0.8052927
0.80556697
0.8047443
0.8072124
0.8063897
0.80556697
0.80556697
0.80556697
0.80611545
0.8062526
0.80707526
0.8050185
0.8057041
0.80515563
0.80666393
0.8072124
0.80597836
0.8052927
0.806801
0.80611545
0.80597836
0.80515563
0.8052927
0.8073495
0.8062526
0.80556697
0.8063897
0.8083093
0.8065268
0.8083093
0.80762374
0.8072124
0.8054299
0.8052927
0.8065268
0.80611545
0.8072124
0.80899495
0.8073495
0.8063897
0.80858356
0.8069382
0.80597836
0.80762374
0.806801
0.80597836
0.8057041
0.8069382
0.8069382
0.8058412
0.80597836
0.8081722
0.80762374
0.8072124
0.8080351
0.8062526
0.8072124
0.8077609
0.80707526
0.8057041
0.8077609
0.80899495
0.8087207
0.8065268
0.80707526
0.80666393
0.8073495
0.8073495
0.8087207
0.8087207
0.80666393
0.80666393
0.80762374
0.80844647
0.807898
0.80913204
0.8087207
0.8083093
0.80913204
0.807898
0.8073495
0.80748665
0.8072124
0.8087207
0.8073495
0.8077609
0.80748665
0.8081722
0.8087207
0.80707526
0.8077609
0.8062526
0.8080351
0.8077609
0.8092692
0.8058412
0.8073495
0.8065268
0.80844647
0.8080351
0.8081722
0.8092692
0.80748665
0.8065268
0.8088578
0.8063897
0.80707526
0.8088578
0.8077609
0.8080351
0.8073495
0.80899495
0.80913204
0.8063897
0.80748665
0.8073495
0.8083093
0.80748665
0.8081722
0.80666393
0.8081722
0.8083093
0.807898
0.807898
0.80762374
0.807898
0.8072124
0.80858356
0.8083093
0.80899495
0.806801
0.806801
0.80762374
0.80899495
0.80913204
0.8096805
0.8098176
0.807898
0.80858356
0.80899495
0.8087207
0.80913204
0.80844647
0.8087207
0.8087207
0.810229
0.8069382
0.80913204
0.80995476
0.8094063
0.8087207
0.80762374
0.806801
0.80913204
0.8094063
0.80858356
0.80858356
0.8083093
0.8103661
0.81064034
0.8095434
0.8109146
0.80858356
0.807898
0.8088578
0.810229
0.8080351
0.81105167
0.8095434
0.8096805
0.81050324
0.8081722
0.8098176
0.8088578
0.8098176
0.8094063
0.80995476
0.8103661
0.80858356
0.8098176
0.810229
0.810229
0.81050324
0.81064034
0.81064034
0.8087207
0.80899495
0.810229
0.80899495
0.8111888
0.8095434
0.81105167
0.8095434
0.80913204
0.81064034
0.807898
0.81064034
0.8081722
0.8088578
0.8081722
0.8107775
0.80858356
0.8083093
0.81160015
0.81050324
0.8113259
0.81214863
0.81064034
0.81146306
0.8088578
0.8111888
0.810229
0.81105167
0.81160015
0.810229
0.81146306
0.8092692
0.8107775
0.81146306
0.8088578
0.8107775
0.8103661
0.81009185
0.81201154
0.81146306
0.8117373
0.8111888
0.81105167
0.8109146
0.8109146
0.8103661
0.81009185
0.8107775
0.8117373
0.8117373
0.8094063
0.8107775
0.8094063
0.8118744
0.8128342
0.8113259
0.8096805
0.8103661
0.8118744
0.8113259
0.80995476
0.81160015
0.81201154
0.8098176
0.810229
0.81064034
0.8111888
0.8098176
0.8122858
0.8122858
0.8122858
0.810229
0.8098176
0.8092692
0.8124229
0.8096805
0.810229
0.81105167
0.8088578
0.81064034
0.8111888
0.81064034
0.8103661
0.8113259
0.81214863
0.8118744
0.81064034
0.81160015
0.81160015
0.8095434
0.8107775
0.8117373
0.8113259
0.81009185
0.81201154
0.81214863
0.81050324
0.8126971
0.810229
0.8103661
0.81214863
0.81201154
0.8118744
0.81105167
0.81160015
0.81201154
0.81009185
0.8092692
0.8107775
0.8128342
0.8124229
0.8122858
0.8107775
0.81009185
0.8124229
0.81050324
0.8109146
0.8117373
0.81255996
0.81255996
0.8128342
0.8124229
0.81310844
0.81201154
0.81351984
0.8126971
0.81214863
0.8118744
0.81201154
0.81064034
0.81105167
0.8128342
0.81214863
0.81160015
0.81160015
0.81201154
0.81160015
0.81255996
0.8128342
0.81214863
0.8128342
0.81255996
0.8128342
0.81255996
0.8128342
0.8107775
0.8122858
0.81310844
0.8109146
0.81009185
0.81310844
0.81050324
0.81214863
0.80995476
0.8124229
0.81009185
0.8132456
0.8124229
0.81255996
0.8128342
0.8137941
0.81201154
0.8136569
0.8107775
0.81351984
0.81255996
0.8124229
0.81255996
0.8113259
0.8137941
0.8107775
0.8136569
0.81160015
0.8124229
0.8136569
0.8111888
0.8109146
0.8128342
0.8133827
0.81310844
0.8126971
0.81160015
0.8132456
0.8132456
0.8126971
0.8126971
0.8133827
0.8133827
0.8109146
0.81351984
0.81310844
0.8132456
0.8137941
0.81146306
0.8142054
0.8142054
0.81105167
0.81297135
0.8133827
0.8133827
0.8137941
0.8142054
0.8142054
0.8137941
0.8132456
0.8109146
0.8136569
0.8124229
0.8137941
0.8137941
0.81351984
0.8133827
0.8136569
0.81406826
0.8137941
0.81146306
0.8133827
0.8137941
0.81393117
0.81351984
0.81461674
0.8142054
0.8132456
0.81160015
0.81310844
0.8132456
0.8137941
0.8137941
0.8117373
0.81310844
0.8128342
0.81160015
0.8132456
0.81310844
0.81406826
0.81461674
0.81201154
0.81255996
0.8142054
0.81310844
0.81160015
0.81201154
0.81297135
0.8113259
0.81406826
0.81214863
0.81447965
0.81393117
0.81461674
0.814891
0.814891
0.814891
0.81447965
0.8143425
0.8142054
0.81255996
0.81214863
0.81351984
0.81461674
0.8126971
0.8124229
0.8137941
0.8142054
0.81406826
0.8122858
0.81406826
0.81461674
0.81502813
0.81461674
0.81406826
0.81406826
0.8157137
0.8153024
0.8132456
0.8147539
0.8147539
0.81393117
0.81447965
0.81297135
0.8151652
0.81461674
0.81461674
0.81461674
0.81310844
0.81461674
0.8151652
0.8147539
0.81393117
0.81310844
0.81201154
0.8147539
0.814891
0.81502813
0.8142054
0.8151652
0.81255996
0.81447965
0.81406826
0.81393117
0.8136569
0.8142054
0.814891
0.81393117
0.81461674
0.8153024
0.8153024
0.8143425
0.81461674
0.81393117
0.81461674
0.81461674
0.8143425
0.81297135
0.8143425
0.8153024
0.8132456
0.814891
0.814891
0.8142054
0.81461674
0.81393117
0.8143425
0.8143425
0.8157137
0.8153024
0.8153024
0.81543946
0.8147539
0.814891
0.8151652
0.8136569
0.81447965
0.81461674
0.8157137
0.8153024
0.81557655
0.8151652
0.8151652
0.8158508
0.81502813
0.8126971
0.8153024
0.8147539
0.81447965
0.8147539
0.8137941
0.8132456
0.8147539
0.81351984
0.8136569
0.8147539
0.8137941
0.81502813
0.8143425
0.8151652
0.8143425
0.81502813
0.81447965
0.81598794
0.81557655
0.8147539
0.8157137
0.81461674
0.81406826
0.8162622
0.81598794
0.81543946
0.81612504
0.81447965
0.81612504
0.8158508
0.8153024
0.8163993
0.81543946
0.81598794
0.81502813
0.8136569
0.81612504
0.81598794
0.8163993
0.8165364
0.8157137
0.81612504
0.8151652
0.8142054
0.8136569
0.814891
0.81543946
0.81543946
0.8153024
0.81502813
0.8158508
0.81543946
0.814891
0.8153024
0.81502813
0.81543946
0.81598794
0.81612504
0.81393117
0.8165364
0.81543946
0.8165364
0.8143425
0.8157137
0.8163993
0.81598794
0.81461674
0.8158508
0.8162622
0.8165364
0.8157137
0.8158508
0.8151652
0.8166735
0.81543946
0.81612504
0.8157137
0.8162622
0.81557655
0.8158508
0.8162622
0.8158508
0.8162622
0.814891
0.8166735
0.81681067
0.8163993
0.81502813
0.81557655
0.81598794
0.81681067
0.8142054
0.8158508
0.8158508
0.8157137
0.8163993
0.8165364
0.8166735
0.81557655
0.81612504
0.8163993
0.8165364
0.8158508
0.8163993
0.8162622
0.81612504
0.8165364
0.8143425
0.81543946
0.8163993
0.81681067
0.81598794
0.8163993
0.81681067
0.81612504
0.8157137
0.81557655
0.81763333
0.8165364
0.81681067
0.81598794
0.81708485
0.8166735
0.8162622
0.81681067
0.814891
0.81694776
0.81612504
0.81763333
0.8163993
0.8165364
0.81749624
0.8177705
0.8166735
0.8162622
0.81708485
0.81763333
0.8165364
0.817222
0.81831896
0.8163993
0.8162622
0.81681067
0.8179076
0.81708485
0.8180447
0.81763333
0.8173591
0.81763333
0.81612504
0.8165364
0.81557655
0.81612504
0.81612504
0.8165364
0.81694776
0.81694776
0.81749624
0.8166735
0.8166735
0.81557655
0.8163993
0.81749624
0.8166735
0.81708485
0.81598794
0.81681067
0.8151652
0.8166735
0.81612504
0.81598794
0.81598794
0.8166735
0.8158508
0.8166735
0.8177705
0.8163993
0.8166735
0.81694776
0.8165364
0.81763333
0.81681067
0.81749624
0.817222
0.81681067
0.81694776
0.8166735
0.8158508
0.8173591
0.817222
0.81694776
0.81708485
0.81708485
0.817222
0.81557655
0.8166735
0.8165364
0.81694776
0.81708485
0.81612504
0.8179076
0.81708485
0.8180447
0.81681067
0.81763333
0.8163993
0.817222
0.8173591
0.81763333
0.81708485
0.8165364
0.81763333
0.81694776
0.8162622
0.8180447
0.81749624
0.8177705
0.8165364
0.8180447
0.817222
0.817222
0.8166735
0.81763333
0.81708485
0.8179076
0.8180447
0.81681067
0.8162622
0.81708485
0.8179076
0.81859314
0.81749624
0.8180447
0.817222
0.81763333
0.817222
0.81763333
0.8180447
0.8177705
0.8177705
0.8177705
0.8173591
0.8173591
0.81859314
0.8181818
0.81749624
0.8179076
0.8179076
0.81763333
0.8180447
0.8180447
0.8181818
0.8188674
0.8173591
0.8180447
0.81845605
0.81749624
0.8179076
0.81763333
0.81763333
0.81900454
0.8173591
0.8173591
0.81859314
0.81831896
0.8179076
0.8177705
0.81845605
0.81763333
0.8181818
0.8188674
0.81859314
0.81763333
0.81831896
0.8188674
0.81845605
0.8180447
0.81763333
0.8180447
0.81845605
0.81831896
0.81749624
0.8180447
0.8179076
0.81831896
0.8180447
0.8181818
0.81859314
0.8188674
0.81859314
0.81831896
0.8187303
0.8180447
0.8187303
0.81694776
0.8179076
0.8177705
0.81831896
0.817222
0.8181818
0.8179076
0.81859314
0.81845605
0.81900454
0.81845605
0.81831896
0.817222
0.8181818
0.81831896
0.8177705
0.81831896
0.8181818
0.81831896
0.81859314
0.81859314
0.81859314
0.8187303
0.8187303
0.8181818
0.8191416
0.8188674
0.8192788
0.8181818
0.8192788
0.8181818
0.8188674
0.8188674
0.8192788
0.81900454
0.81900454
0.8188674
0.8187303
0.81859314
0.8192788
0.81859314
0.8187303
0.8179076
0.8181818
0.8179076
0.81763333
0.8180447
0.81941587
0.81845605
0.81831896
0.81941587
0.8188674
0.81941587
0.8187303
0.81845605
0.81941587
0.8191416
0.81859314
0.81859314
0.8187303
0.81900454
0.8187303
0.81900454
0.81763333
0.81900454
0.8187303
0.81941587
0.81941587
0.81845605
0.81900454
0.819553
0.8187303
0.8188674
0.8181818
0.8196901
0.8196901
0.81900454
0.81941587
0.81982726
0.8192788
0.8187303
0.8202386
0.8188674
0.81900454
0.81941587
0.8192788
0.819553
0.81941587
0.81845605
0.81845605
0.8191416
0.81982726
0.81982726
0.81859314
0.819553
0.8192788
0.8191416
0.81900454
0.8191416
0.81831896
0.8191416
0.81859314
0.81900454
0.81941587
0.8203757
0.819553
0.8192788
0.8187303
0.82010144
0.8192788
0.8181818
0.8180447
0.819553
0.8202386
0.81900454
0.8187303
0.8202386
0.81900454
0.81900454
0.81900454
0.82010144
0.8191416
0.81996435
0.81982726
0.8202386
0.82010144
0.82010144
0.8188674
0.8196901
0.819553
0.82010144
0.81941587
0.81900454
0.819553
0.819553
0.81996435
0.8191416
0.82010144
0.82010144
0.81900454
0.82010144
0.8202386
0.82010144
0.8192788
0.8192788
0.81845605
0.82010144
0.82010144
0.81900454
0.81996435
0.8202386
0.8202386
0.8196901
0.81982726
0.819553
0.8192788
0.81996435
0.82010144
0.8202386
0.82010144
0.8196901
0.8203757
0.81982726
0.82160974
0.819553
0.819553
0.82051283
0.8202386
0.81941587
0.8202386
0.81996435
0.81996435
0.82010144
0.82010144
0.8196901
0.8206499
0.819553
0.8192788
0.82092416
0.8202386
0.8206499
0.81982726
0.8203757
0.82051283
0.81941587
0.82010144
0.8202386
0.81996435
0.8203757
0.8192788
0.8203757
0.819553
0.81941587
0.8202386
0.82051283
0.82051283
0.819553
0.82051283
0.8202386
0.81982726
0.8203757
0.81982726
0.81996435
0.82092416
0.82010144
0.82092416
0.8217469
0.8206499
0.8196901
0.81996435
0.82010144
0.8202386
0.8206499
0.82010144
0.8202386
0.8206499
0.8206499
0.8196901
0.8207871
0.8206499
0.8196901
0.8202386
0.82051283
0.8203757
0.82010144
0.8206499
0.82133555
0.82051283
0.82010144
0.81996435
0.8207871
0.8207871
0.82092416
0.82051283
0.81982726
0.8206499
0.8203757
0.8207871
0.82010144
0.81941587
0.81941587
0.82010144
0.81982726
0.82051283
0.82160974
0.8210613
0.81996435
0.8207871
0.8207871
0.8207871
0.8202386
0.82092416
0.8210613
0.82051283
0.81996435
0.8203757
0.8207871
0.82010144
0.8207871
0.82010144
0.82010144
0.8206499
0.82051283
0.8210613
0.81982726
0.8203757
0.8202386
0.8196901
0.81996435
0.8207871
0.82092416
0.82092416
0.8203757
0.8203757
0.8211984
0.8206499
0.8202386
0.8206499
0.82092416
0.8207871
0.8203757
0.8210613
0.82147264
0.8210613
0.8207871
0.8206499
0.82133555
0.8211984
0.8211984
0.8207871
0.82051283
0.81996435
0.8206499
0.8210613
0.8210613
0.8211984
0.8210613
0.82092416
0.82160974
0.8206499
0.82147264
0.81996435
0.82010144
0.8211984
0.8210613
0.81996435
0.82092416
0.82147264
0.8203757
0.8210613
0.8202386
0.82147264
0.82147264
0.8210613
0.8203757
0.8206499
0.82133555
0.82133555
0.8217469
0.82092416
0.8203757
0.8207871
0.82092416
0.8210613
0.8203757
0.8203757
0.82092416
0.8207871
0.8202386
0.8203757
0.8207871
0.82160974
0.8207871
0.82133555
0.82229537
0.8207871
0.8207871
0.82160974
0.8211984
0.82133555
0.82133555
0.82133555
0.8206499
0.8211984
0.82133555
0.82147264
0.8217469
0.8211984
0.8207871
0.8210613
0.8211984
0.82229537
0.8217469
0.821884
0.82147264
0.8210613
0.8203757
0.8202386
0.82147264
0.82092416
0.82092416
0.8211984
0.82092416
0.82133555
0.82051283
0.821884
0.8211984
0.8211984
0.82133555
0.8220211
0.8211984
0.82092416
0.8210613
0.82133555
0.8211984
0.82092416
0.82133555
0.8211984
0.8207871
0.8211984
0.82092416
0.82133555
0.8207871
0.8217469
0.82243246
0.8217469
0.8217469
0.8211984
0.8210613
0.82092416
0.82133555
0.821884
0.8221582
0.82147264
0.82160974
0.8217469
0.821884
0.82160974
0.8220211
0.82160974
0.8221582
0.8220211
0.8210613
0.8211984
0.8227067
0.8221582
0.8220211
0.8225696
0.821884
0.82133555
0.82160974
0.82229537
0.8211984
0.8220211
0.8220211
0.8220211
0.82133555
0.8221582
0.8217469
0.82147264
0.8220211
0.82147264
0.8220211
0.82243246
0.8221582
0.821884
0.82229537
0.821884
0.8221582
0.8221582
0.82229537
0.82229537
0.82133555
0.82133555
0.8217469
0.8217469
0.82243246
0.82229537
0.8220211
0.8227067
0.8217469
0.8227067
0.8217469
0.821884
0.8221582
0.8225696
0.8225696
0.8217469
0.8227067
0.8221582
0.8211984
0.821884
0.8220211
0.8220211
0.8221582
0.82243246
0.8220211
0.8220211
0.821884
0.82229537
0.8220211
0.821884
0.82243246
0.82284385
0.8221582
0.82229537
0.8217469
0.82229537
0.82311803
0.82243246
0.8207871
0.82092416
0.8211984
0.82160974
0.82229537
0.82284385
0.82229537
0.8227067
0.8217469
0.8227067
0.8207871
0.821884
0.8227067
0.8225696
0.8211984
0.82243246
0.82243246
0.82229537
0.82160974
0.82284385
0.82229537
0.82160974
0.82229537
0.8220211
0.82298094
0.8221582
0.8225696
0.82243246
0.8221582
0.8225696
0.8217469
0.82243246
0.82298094
0.8227067
0.82229537
0.82298094
0.82243246
0.821884
0.8217469
0.82229537
0.821884
0.8220211
0.8225696
0.82284385
0.82311803
0.82229537
0.82243246
0.82243246
0.8232552
0.8225696
0.8232552
0.8227067
0.8221582
0.8225696
0.8236665
0.82298094
0.82298094
0.82298094
0.82298094
0.82160974
0.8227067
0.821884
0.82229537
0.82298094
0.82284385
0.82311803
0.824215
0.82284385
0.82284385
0.82243246
0.82380366
0.82298094
0.8225696
0.82311803
0.82311803
0.82284385
0.8232552
0.82229537
0.82298094
0.8235294
0.82243246
0.8227067
0.8227067
0.82311803
0.8236665
0.82311803
0.8236665
0.82229537
0.8233923
0.8221582
0.8236665
0.8235294
0.8233923
0.82311803
0.8235294
0.8236665
0.8232552
0.8236665
0.8233923
0.8235294
0.82311803
0.82298094
0.82284385
0.82298094
0.8233923
0.82284385
0.82394075
0.8240779
0.82311803
0.8233923
0.8227067
0.8236665
0.82298094
0.8233923
0.8225696
0.82298094
0.82380366
0.8232552
0.8233923
0.8236665
0.8233923
0.8235294
0.82380366
0.82394075
0.82380366
0.8236665
0.8235294
0.8236665
0.8240779
0.8236665
0.8236665
0.8233923
0.8235294
0.8225696
0.8240779
0.8233923
0.82380366
0.8232552
0.8233923
0.8232552
0.8235294
0.8235294
0.82311803
0.8233923
0.82284385
0.8233923
0.8233923
0.82394075
0.8236665
0.8227067
0.8236665
0.82380366
0.8232552
0.82298094
0.8235294
0.8232552
0.8232552
0.8233923
0.824215
0.82380366
0.824215
0.824215
0.82435215
0.8236665
0.82380366
0.82394075
0.8236665
0.8235294
0.8236665
0.8236665
0.8233923
0.8232552
0.824215
0.82448924
0.82435215
0.82380366
0.8251748
0.82380366
0.8233923
0.8232552
0.8233923
0.8235294
0.8236665
0.8233923
0.82435215
0.82380366
0.8236665
0.8235294
0.824215
0.8235294
0.8236665
0.824215
0.8235294
0.8232552
0.8232552
0.8240779
0.82435215
0.82448924
0.82394075
0.82435215
0.8235294
0.82394075
0.82435215
0.82435215
0.8235294
0.82448924
0.82394075
0.8233923
0.8236665
0.8240779
0.82380366
0.8233923
0.824215
0.8236665
0.82435215
0.8233923
0.8236665
0.82394075
0.82435215
0.82490057
0.8240779
0.82380366
0.82435215
0.82490057
0.82490057
0.824215
0.82380366
0.824215
0.8246263
0.82448924
0.82394075
0.8235294
0.824215
0.82435215
0.82448924
0.8246263
0.824215
0.82435215
0.824215
0.8240779
0.82448924
0.8240779
0.8232552
0.82394075
0.8240779
0.8236665
0.8240779
0.8240779
0.82448924
0.8246263
0.8246263
0.8247635
0.82448924
0.8235294
0.82448924
0.82380366
0.82490057
0.82448924
0.8240779
0.824215
0.8247635
0.824215
0.8255862
0.8250377
0.82448924
0.82435215
0.8246263
0.82448924
0.8235294
0.82380366
0.8240779
0.82380366
0.82448924
0.8246263
0.8246263
0.82544905
0.8240779
0.82435215
0.82435215
0.8240779
0.82448924
0.8236665
0.8247635
0.82490057
0.824215
0.824215
0.8240779
0.82448924
0.8240779
0.82394075
0.82394075
0.8236665
0.8240779
0.8246263
0.8250377
0.8246263
0.8257233
0.8251748
0.8251748
0.82544905
0.82490057
0.82490057
0.8240779
0.8235294
0.82490057
0.8246263
0.8251748
0.82531196
0.8250377
0.82435215
0.8255862
0.8251748
0.8250377
0.82531196
0.8250377
0.8246263
0.82531196
0.8250377
0.82586044
0.8257233
0.8247635
0.82490057
0.8247635
0.8247635
0.8251748
0.8246263
0.82490057
0.8246263
0.82544905
0.82586044
0.8247635
0.82544905
0.8261346
0.82490057
0.8251748
0.8255862
0.8246263
0.8262718
0.8261346
0.8257233
0.8257233
0.82544905
0.82490057
0.82544905
0.8255862
0.8257233
0.8255862
0.82586044
0.82599753
0.8261346
0.82640886
0.8255862
0.82490057
0.82599753
0.8261346
0.8257233
0.8257233
0.82640886
0.82586044
0.8255862
0.826546
0.82640886
0.82544905
0.8255862
0.8261346
0.82599753
0.8250377
0.8255862
0.8262718
0.8255862
0.8247635
0.82640886
0.82544905
0.82599753
0.8266831
0.8266831
0.8261346
0.82682025
0.8261346
0.82682025
0.82640886
0.82640886
0.82544905
0.82640886
0.8261346
0.8262718
0.82586044
0.8272316
0.8261346
0.82531196
0.8261346
0.82599753
0.8266831
0.8262718
0.8262718
0.8262718
0.826546
0.8266831
0.8262718
0.82640886
0.8261346
0.8272316
0.8270945
0.82695735
0.8270945
0.826546
0.8262718
0.826546
0.8262718
0.8257233
0.82640886
0.82682025
0.82695735
0.826546
0.82682025
0.8255862
0.82599753
0.8272316
0.8266831
0.8272316
0.8266831
0.8261346
0.82435215
0.82736874
0.8266831
0.82682025
0.82599753
0.8270945
0.82599753
0.8261346
0.82586044
0.82682025
0.8262718
0.82586044
0.82778007
0.82640886
0.82791716
0.8266831
0.82640886
0.8275058
0.82736874
0.826546
0.82695735
0.82586044
0.8275058
0.82736874
0.82695735
0.82682025
0.8270945
0.82695735
0.82640886
0.8270945
0.8255862
0.8276429
0.8266831
0.8272316
0.82736874
0.82695735
0.8270945
0.82778007
0.82778007
0.82640886
0.8262718
0.82846564
0.82736874
0.8275058
0.8275058
0.82778007
0.8276429
0.8270945
0.8270945
0.8276429
0.82736874
0.82778007
0.8266831
0.8272316
0.82736874
0.82832855
0.82736874
0.82791716
0.82832855
0.82832855
0.82832855
0.8270945
0.82846564
0.8281914
0.8290141
0.8275058
0.8276429
0.8275058
0.8275058
0.82736874
0.82791716
0.8276429
0.8280543
0.8276429
0.8272316
0.8280543
0.82791716
0.8290141
0.8275058
0.8275058
0.8280543
0.82736874
0.82846564
0.82846564
0.8280543
0.82846564
0.8287399
0.8276429
0.8281914
0.82778007
0.82832855
0.82887703
0.8280543
0.8291512
0.82791716
0.8286028
0.82791716
0.82778007
0.82682025
0.8281914
0.82791716
0.82832855
0.8280543
0.8280543
0.8280543
0.8280543
0.82778007
0.82832855
0.8287399
0.8290141
0.82832855
0.8275058
0.82791716
0.82887703
0.82832855
0.8281914
0.8280543
0.8290141
0.82791716
0.8276429
0.8276429
0.8276429
0.8272316
0.8287399
0.82846564
0.8270945
0.82832855
0.8291512
0.82846564
0.8295626
0.82942545
0.82928836
0.82887703
0.82832855
0.8287399
0.82887703
0.82887703
0.8286028
0.82887703
0.8287399
0.8290141
0.82942545
0.8275058
0.8281914
0.82791716
0.8295626
0.82736874
0.8296997
0.8281914
0.82983685
0.8295626
0.82832855
0.8287399
0.83079666
0.82983685
0.82928836
0.8275058
0.82942545
0.82846564
0.82846564
0.8287399
0.8286028
0.8295626
0.8290141
0.8306595
0.8296997
0.8296997
0.82832855
0.8281914
0.8281914
0.82832855
0.8287399
0.82997394
0.8290141
0.8291512
0.82736874
0.8286028
0.8301111
0.8295626
0.8295626
0.8301111
0.82928836
0.8295626
0.8280543
0.82887703
0.8281914
0.82928836
0.8306595
0.82887703
0.8303853
0.8303853
0.82942545
0.82887703
0.8295626
0.8287399
0.82887703
0.8290141
0.82997394
0.8302482
0.8305224
0.8302482
0.8302482
0.82928836
0.82887703
0.8310709
0.8305224
0.8287399
0.8286028
0.8301111
0.8287399
0.82887703
0.8287399
0.8280543
0.8301111
0.83093375
0.82887703
0.82997394
0.8290141
0.8302482
0.8306595
0.82887703
0.8310709
0.826546
0.8290141
0.82928836
0.8291512
0.82997394
0.8302482
0.82928836
0.82887703
0.8306595
0.8295626
0.82983685
0.8302482
0.8306595
0.8290141
0.8291512
0.8286028
0.8290141
0.8272316
0.8303853
0.83134514
0.82983685
0.831208
0.82846564
0.82942545
0.8303853
0.83148223
0.8305224
0.8290141
0.82942545
0.8303853
0.8296997
0.82997394
0.82928836
0.83079666
0.8295626
0.83134514
0.83134514
0.82928836
0.8305224
0.831208
0.8306595
0.83148223
0.8305224
0.8295626
0.8301111
0.83079666
0.82887703
0.82928836
0.82997394
0.8295626
0.8301111
0.82997394
0.8310709
0.8281914
0.82928836
0.8281914
0.82942545
0.8317565
0.8295626
0.8317565
0.83134514
0.8287399
0.8317565
0.82942545
0.8306595
0.8318936
0.83134514
0.83079666
0.82928836
0.82997394
0.8310709
0.82846564
0.82983685
0.82997394
0.831208
0.8303853
0.8317565
0.8320307
0.8302482
0.8295626
0.83148223
0.83079666
0.8290141
0.8320307
0.8290141
0.8286028
0.82846564
0.8310709
0.8318936
0.8303853
0.8302482
0.8317565
0.8302482
0.8296997
0.8303853
0.8317565
0.8320307
0.8317565
0.82846564
0.82928836
0.83093375
0.8325792
0.8291512
0.8301111
0.8290141
0.8305224
0.82983685
0.8310709
0.8296997
0.83230495
0.82983685
0.8301111
0.8306595
0.82846564
0.8321678
0.82983685
0.82997394
0.8318936
0.8295626
0.8290141
0.8306595
0.83079666
0.83134514
0.83148223
0.8317565
0.8291512
0.82997394
0.83230495
0.8296997
0.831208
0.83079666
0.8302482
0.83134514
0.8306595
0.83079666
0.8316194
0.83244205
0.8287399
0.8286028
0.8303853
0.83230495
0.82928836
0.8327163
0.8305224
0.82928836
0.8317565
0.8318936
0.82997394
0.83244205
0.8296997
0.8301111
0.83093375
0.82942545
0.83134514
0.8302482
0.8306595
0.8310709
0.82983685
0.8301111
0.8291512
0.8318936
0.8303853
0.83285344
0.8302482
0.83230495
0.8296997
0.82997394
0.83148223
0.8329905
0.82983685
0.8302482
0.8329905
0.82887703
0.8325792
0.8303853
0.83230495
0.8303853
0.8320307
0.82942545
0.8301111
0.8302482
0.8329905
0.82942545
0.8305224
0.83230495
0.8306595
0.8295626
0.8295626
0.83285344
0.8320307
0.8329905
0.82997394
0.8305224
0.82983685
0.83079666
0.8329905
0.83326477
0.833539
0.8306595
0.8334019
0.83079666
0.82942545
0.82928836
0.82997394
0.8329905
0.83148223
0.83326477
0.83093375
0.8329905
0.83093375
0.83134514
0.83079666
0.8320307
0.8334019
0.8306595
0.8336761
0.83134514
0.8302482
0.82997394
0.83079666
0.82983685
0.83230495
0.8317565
0.83148223
0.82983685
0.83285344
0.83381325
0.8310709
0.831208
0.8302482
0.82997394
0.8295626
0.833539
0.83079666
0.83230495
0.8334019
0.8329905
0.83326477
0.8317565
0.8310709
0.83244205
0.8325792
0.8310709
0.8327163
0.8303853
0.83326477
0.83285344
0.8329905
0.8336761
0.83381325
0.8334019
0.831208
0.83285344
0.8325792
0.8334019
0.8305224
0.83381325
0.83244205
0.8336761
0.8336761
0.8302482
0.83148223
0.83381325
0.8316194
0.8331277
0.8317565
0.8302482
0.83230495
0.83285344
0.8321678
0.8321678
0.83148223
0.8331277
0.83093375
0.8310709
0.83148223
0.8316194
0.8310709
0.8305224
0.8317565
0.8321678
0.8317565
0.8336761
0.83244205
0.8331277
0.8325792
0.8334019
0.8331277
0.8317565
0.8334019
0.83134514
0.8317565
0.8325792
0.83395034
0.83134514
0.8336761
0.83230495
0.8321678
0.83134514
0.8316194
0.8310709
0.8321678
0.8336761
0.8305224
0.8321678
0.8310709
0.8340875
0.8344988
0.8306595
0.831208
0.8334019
0.8306595
0.8301111
0.8327163
0.83381325
0.8325792
0.83093375
0.8331277
0.8320307
0.83244205
0.83148223
0.8321678
0.8342246
0.8321678
0.8325792
0.8321678
0.8334019
0.8310709
0.83148223
0.8329905
0.8336761
0.83381325
0.8336761
0.8318936
0.8336761
0.833539
0.8320307
0.83079666
0.8321678
0.8317565
0.83381325
0.8310709
0.8336761
0.8318936
0.83134514
0.83148223
0.831208
0.83395034
0.8344988
0.83395034
0.8340875
0.833539
0.8340875
0.8305224
0.83244205
0.83230495
0.83395034
0.83395034
0.8318936
0.8316194
0.8321678
0.83395034
0.8318936
0.8342246
0.83230495
0.8317565
0.834636
0.8336761
0.8318936
0.83381325
0.8325792
0.83395034
0.833539
0.834636
0.83436173
0.83381325
0.83381325
0.83079666
0.83326477
0.8342246
0.83230495
0.83326477
0.8334019
0.8320307
0.83395034
0.8342246
0.834636
0.8340875
0.8336761
0.8318936
0.8321678
0.8340875
0.8336761
0.83079666
0.8321678
0.83477306
0.8336761
0.8320307
0.83395034
0.8342246
0.8342246
0.8306595
0.8317565
0.83395034
0.833539
0.8305224
0.8342246
0.83395034
0.83381325
0.83395034
0.834636
0.8344988
0.83381325
0.83436173
0.83381325
0.8334019
0.8342246
0.8344988
0.83436173
0.8340875
0.831208
0.83436173
0.8318936
0.8321678
0.834636
0.8327163
0.8340875
0.83395034
0.83477306
0.8317565
0.8344988
0.8316194
0.8316194
0.8349102
0.8349102
0.8320307
0.83134514
0.8329905
0.8317565
0.8344988
0.8340875
0.83395034
0.834636
0.83436173
0.834636
0.83326477
0.8316194
0.8342246
0.8336761
0.8318936
0.8325792
0.83436173
0.8350473
0.83477306
0.8316194
0.8325792
0.833539
0.8342246
0.83148223
0.83148223
0.8342246
0.8340875
