0.2905526
0.2905526
0.2905526
0.2905526
0.2905526
0.2905526
0.2905526
0.2905526
0.2905526
0.30563554
0.30673248
0.28972986
0.2915124
0.29946524
0.30878925
0.32908267
0.3238722
0.34238312
0.3453997
0.3577403
0.37899354
0.3855752
0.39297956
0.39489922
0.3987385
0.41203895
0.41820925
0.41149047
0.40682846
0.4040861
0.40970793
0.39270532
0.40627998
0.4054573
0.4054573
0.4055944
0.40381187
0.40833676
0.40806252
0.40271494
0.3986014
0.3984643
0.39613327
0.39805293
0.40052104
0.39832717
0.4071027
0.4031263
0.413273
0.41574112
0.41532975
0.4076512
0.408611
0.41807213
0.42150006
0.42204854
0.42273414
0.42767036
0.42808172
0.4254765
0.42602494
0.41971755
0.4193062
0.420266
0.42163718
0.42533937
0.41656384
0.41080487
0.41820925
0.40751407
0.410942
0.41272452
0.41299877
0.4186206
0.42054024
0.4224599
0.42108873
0.42150006
0.4317839
0.42684767
0.4346634
0.43644592
0.44001096
0.4411079
0.44590703
0.44741532
0.44508433
0.44988346
0.4518031
0.45481968
0.45619085
0.45975593
0.4603044
0.46304676
0.4641437
0.46688604
0.4626354
0.46839434
0.46921706
0.46743453
0.4709996
0.46551487
0.47113672
0.4725079
0.4712738
0.47456464
0.47072536
0.47758123
0.47621006
0.48004937
0.47908953
0.48004937
0.47771835
0.4863568
0.48745373
0.48525983
0.48388866
0.49156725
0.4856712
0.47538736
0.474976
0.4873166
0.47442752
0.4810092
0.4841629
0.49047032
0.4756616
0.49019608
0.4878651
0.4903332
0.49170437
0.4864939
0.48827642
0.49238998
0.49156725
0.48978472
0.48676813
0.48608255
0.48539695
0.5021253
0.5011655
0.49417248
0.49856025
0.4989716
0.50459343
0.50377077
0.51282054
0.500617
0.52022487
0.518031
0.5225559
0.51926506
0.50925547
0.50678736
0.52529824
0.5022625
0.511038
0.52324146
0.52570957
0.5165227
0.5161113
0.5132319
0.5135061
0.5117236
0.5117236
0.5220074
0.51844233
0.52132183
0.5251611
0.5280406
0.5251611
0.52392703
0.52680653
0.5337995
0.53462225
0.53626764
0.5310572
0.52776635
0.52872616
0.53421086
0.5344851
0.5348965
0.55107635
0.53996986
0.5449061
0.5457288
0.5457288
0.54805976
0.5488825
0.5477855
0.5523104
0.5557384
0.558755
0.5508021
0.5566982
0.5606746
0.5741122
0.5562869
0.5628685
0.56629646
0.5697244
0.5602633
0.55998904
0.56794184
0.5617716
0.57479775
0.575072
0.57534623
0.5760318
0.5800082
0.58028245
0.57383794
0.5834362
0.58028245
0.58261347
0.5737008
0.57877415
0.58261347
0.5859043
0.5883724
0.5849445
0.5852187
0.5868641
0.58809817
0.59563965
0.5878239
0.5944056
0.5922117
0.58960646
0.5894694
0.6022213
0.59180033
0.5952283
0.5894694
0.5990676
0.59851915
0.6035925
0.61250514
0.60482657
0.61648154
0.59851915
0.6012615
0.6037296
0.61085975
0.60304403
0.6059235
0.61593306
0.61634445
0.6156589
0.6207322
0.614699
0.61291647
0.61730427
0.62196624
0.62196624
0.63869464
0.6329357
0.6211436
0.6186755
0.64843
0.6205951
0.62278897
0.64171124
0.6337584
0.6304676
0.6473331
0.643768
0.6562457
0.6295077
0.6221034
0.63266146
0.63622653
0.6662553
0.6315645
0.6513095
0.664747
0.6547374
0.6477444
0.6637872
0.6779103
0.6544632
0.65405184
0.65706843
0.6700946
0.64555055
0.6706431
0.66433567
0.67174
0.67050594
0.6769505
0.6761278
0.68325794
0.66502124
0.6755793
0.67434525
0.68435484
0.67818457
0.6838064
0.6825723
0.68723434
0.6731112
0.6853147
0.68476623
0.686823
0.6864116
0.6838064
0.683395
0.6794186
0.6801042
0.6901138
0.690388
0.68970245
0.68366927
0.6890169
0.6905252
0.69217056
0.6853147
0.6939531
0.6907994
0.69107366
0.68270946
0.69367886
0.6949129
0.6929933
0.6960099
0.69121075
0.6899767
0.6918963
0.6854518
0.6892911
0.691485
0.68970245
0.6918963
0.69121075
0.6943645
0.69820374
0.6962841
0.69559854
0.6929933
0.6943645
0.6953243
0.69409025
0.70451117
0.69614697
0.70218015
0.7097216
0.7002605
0.6958728
0.698478
0.6968326
0.6969697
0.6988894
0.7061566
0.70519674
0.70190597
0.7023173
0.70492256
0.70670503
0.69710684
0.69861513
0.70752776
0.7138352
0.7013575
0.70122033
0.7043741
0.7108186
0.70643085
0.70259154
0.7086247
0.7224736
0.7136981
0.7076649
0.7056081
0.7116413
0.71438366
0.710133
0.71246403
0.70903605
0.71246403
0.71644044
0.72672427
0.72645
0.7136981
0.71890855
0.7161662
0.71740025
0.7356369
0.73577404
0.72932947
0.72576445
0.7354998
0.72686136
0.7186343
0.7440011
0.7516797
0.73454
0.73769367
0.7361854
0.73837924
0.73371726
0.74358976
0.74825174
0.7512683
0.7618264
0.75743866
0.73837924
0.7394762
0.75209105
0.75702727
0.75222814
0.75373644
0.7656657
0.7523653
0.7711504
0.76155216
0.7564788
0.7519539
0.7626491
0.78116
0.76292336
0.76991636
0.7588098
0.7791033
0.76155216
0.7711504
0.7571644
0.7673111
0.7785548
0.7631976
0.7781434
0.7830797
0.7638832
0.76991636
0.77924037
0.7893871
0.7777321
0.77430415
0.7873303
0.8026875
0.78829014
0.79130673
0.78225696
0.79528314
0.7970657
0.7895242
0.79418623
0.7925408
0.7963801
0.7914438
0.7940491
0.79322636
0.7999452
0.79775125
0.8039216
0.79267794
0.8092692
0.80309886
0.80762374
0.8096805
0.8151652
0.8124229
0.8180447
0.8095434
0.8181818
0.81694776
0.82160974
0.82736874
0.82942545
0.821884
0.82147264
0.8290141
0.826546
0.8320307
0.8355958
0.8344988
0.8281914
0.8286028
0.8380639
0.8321678
0.81900454
0.838201
0.8360071
0.83532155
0.8380639
0.8349102
0.8410805
0.84396
0.849856
0.8449198
0.8449198
0.84313726
0.8445084
0.84423417
0.8460167
0.8504045
0.8420403
0.85300976
0.8435486
0.84464556
0.8553407
0.8534211
0.8663102
0.8589058
0.8608254
0.8573975
0.8578088
0.85616344
0.85808307
0.8552036
0.86535037
0.85067874
0.8512272
0.8513643
0.87590843
0.8539696
0.8550665
0.8628822
0.8613739
0.85918003
0.86864114
0.86603594
0.84917045
0.86836696
0.86548746
0.8637049
0.8657617
0.8643905
0.85753465
0.869601
0.8691896
0.8761826
0.8612368
0.87549704
0.8635678
0.8727547
0.87193197
0.8674071
0.864939
0.86836696
0.8680927
0.87289184
0.86260796
0.86685866
0.86000276
0.8623337
0.86397916
0.8716577
0.87440014
0.8726176
0.873166
0.87851363
0.87097216
0.86946386
0.8572604
0.8801591
0.8748115
0.8924997
0.8920883
0.8790621
0.8787879
0.87535995
0.8920883
0.8912656
0.885918
0.8909914
0.8900315
0.8934595
0.89428216
0.8871521
0.8949678
0.8934595
0.8970246
0.9036062
0.89853287
0.892911
0.90305775
0.90415466
0.897573
0.897573
0.9063485
0.89729875
0.8951049
0.8886604
0.90470314
0.90758264
0.89784724
0.9051145
0.90484023
0.90909094
0.897573
0.90854245
0.9037433
0.9089538
0.9004525
0.9020979
0.9059372
0.9004525
0.9053887
0.8914027
0.91101056
0.89771014
0.9158097
0.9137529
0.91937476
0.9042918
0.9114219
0.9119704
0.90813106
0.9133416
0.9144385
0.9136158
0.9108734
0.90703416
0.92485946
0.9158097
0.916221
0.9097765
0.91800356
0.9153983
0.91155905
0.9241739
0.9199232
0.9241739
0.92993283
0.91786647
0.9181407
0.9206088
0.91389
0.9307555
0.9273276
0.92335117
0.92883587
0.923214
0.9226656
0.93925685
0.9276018
0.9222542
0.9311669
0.9399424
0.92197996
0.9329494
0.9229398
0.9326752
0.9329494
0.92952144
0.93336076
0.9201974
0.9292472
0.9247223
0.9344577
0.93390924
0.9351433
0.9256822
0.933635
0.94529
0.9419992
0.9404909
0.9381599
0.93939394
0.9251337
0.9404909
0.93939394
0.9414507
0.9369258
0.9326752
0.9410393
0.9292472
0.9369258
0.9404909
0.9483066
0.9425476
0.9455642
0.9361031
0.9483066
0.93925685
0.9391197
0.9391197
0.94871795
0.9444673
0.94885504
0.9544769
0.938297
0.9491293
0.95022625
0.9539284
0.9470725
0.95516247
0.938297
0.95461404
0.95475113
0.9514603
0.94885504
0.96009874
0.951049
0.9485808
0.9507747
0.94570136
0.9469354
0.95406556
0.9579048
0.9529686
0.96009874
0.9535171
0.9506376
0.9565337
0.9573564
0.95872754
0.9577677
0.95968735
0.9636638
0.9535171
0.956945
0.959276
0.9577677
0.959276
0.9594131
0.95255727
0.9599616
0.9629782
0.96009874
0.959276
0.9552996
0.9629782
0.96119565
0.9614699
0.9607843
0.95708215
0.9588647
0.95859045
0.959276
0.9624297
0.96023583
0.95817906
0.9588647
0.96023583
0.96160704
0.9628411
0.9605101
0.9661319
0.96805155
0.9636638
0.9607843
0.96256685
0.9651721
0.96160704
0.9632524
0.96160704
0.9617441
0.9594131
0.9632524
0.9614699
0.9624297
0.9620184
0.96805155
0.9618813
0.96009874
0.96860003
0.9681887
0.9651721
0.9661319
0.96311533
0.963938
0.9692856
0.9613328
0.966269
0.96791446
0.9684629
0.969697
0.96640617
0.9675031
0.9675031
0.9699712
0.96901137
0.96709174
0.96805155
0.9683258
0.96860003
0.9706568
0.9717537
0.96860003
0.96805155
0.96709174
0.9706568
0.9692856
0.9691485
0.97339916
0.97394764
0.9716166
0.96860003
0.9712053
0.9712053
0.9714795
0.9698341
0.97106814
0.9728507
0.9714795
0.97449607
0.97559303
0.9721651
0.9714795
0.9688743
0.9751817
0.9751817
0.9692856
0.973262
0.9728507
0.97093105
0.9736734
0.97243935
0.9728507
0.9717537
0.97504455
0.97257644
0.9751817
0.9721651
0.973262
0.97408473
0.97559303
0.97504455
0.97669
0.97545594
0.97449607
0.9746332
0.9772385
0.9772385
0.9751817
0.97696424
0.97737557
0.97696424
0.97847253
0.9761415
0.9753188
0.9776498
0.9771013
0.97847253
0.9776498
0.9777869
0.9783354
0.9787468
0.9777869
0.97888386
0.9771013
0.97806114
0.97600436
0.97751266
0.97847253
0.9783354
0.9787468
0.97902095
0.9792952
0.97902095
0.9781983
0.9787468
0.97545594
0.97792405
0.9783354
0.97888386
0.9777869
0.97751266
0.9801179
0.98052925
0.9799808
0.9777869
0.98039216
0.97956944
0.97956944
0.97956944
0.9783354
0.98052925
0.9781983
0.9792952
0.97806114
0.97943234
0.9799808
0.98039216
0.98025507
0.9814891
0.97847253
0.9808035
0.9806664
0.9814891
0.9799808
0.98039216
0.9808035
0.97956944
0.98052925
0.9812149
0.98176336
0.9829974
0.981352
0.9840943
0.98094064
0.9829974
0.98176336
0.98203754
0.9831345
0.9823118
0.981352
0.98354584
0.98477995
0.9840943
0.98395723
0.98354584
0.98354584
0.9845057
0.98491704
0.98176336
0.9854655
0.9840943
0.98505414
0.98340875
0.98477995
0.9838201
0.9854655
0.9842315
0.9845057
0.986014
0.9845057
0.9854655
0.98395723
0.9846428
0.9840943
0.9840943
0.9853284
0.9846428
0.9846428
0.9854655
0.9854655
0.9854655
0.9840943
0.9845057
0.9856026
0.98505414
0.9856026
0.9840943
0.9846428
0.98340875
0.98505414
0.9842315
0.98642534
0.9854655
0.9871109
0.9840943
0.9846428
0.98642534
0.9854655
0.9871109
0.9856026
0.9838201
0.9856026
0.98573977
0.9854655
0.9854655
0.98573977
0.98573977
0.98628825
0.98573977
0.9842315
0.9856026
0.98573977
0.9856026
0.98573977
0.98573977
0.9851913
0.98491704
0.9871109
0.98628825
0.9876594
0.98642534
0.98573977
0.98628825
0.9856026
0.98573977
0.98642534
0.98738515
0.98724806
0.986014
0.9884821
0.9871109
0.98793364
0.98628825
0.98930484
0.98779655
0.9891677
0.9891677
0.9880707
0.98724806
0.9891677
0.9882079
0.9890306
0.98944193
0.9876594
0.9890306
0.98793364
0.98930484
0.98944193
0.9886192
0.9880707
0.98944193
0.98944193
0.98834497
0.9891677
0.9891677
0.98944193
0.989579
0.9890306
0.9890306
0.9891677
0.9899904
0.98930484
0.9884821
0.9890306
0.98793364
0.9890306
0.9891677
0.98944193
0.98944193
0.98930484
0.9901275
0.9899904
0.98944193
0.989579
0.9891677
0.98738515
0.9897162
0.98985326
0.9899904
0.9901275
0.9899904
0.98985326
0.99026465
0.9899904
0.9897162
0.99040174
0.9897162
0.98985326
0.9899904
0.9899904
0.98930484
0.9901275
0.99026465
0.99026465
0.99136156
0.99136156
0.9897162
0.9899904
0.98985326
0.990676
0.9905389
0.9914987
0.9897162
0.9899904
0.98985326
0.99136156
0.9901275
0.990676
0.9909502
0.9914987
0.9914987
0.9901275
0.99040174
0.99040174
0.99122447
0.993007
0.9916358
0.99040174
0.99122447
0.990676
0.9914987
0.99136156
0.9905389
0.99136156
0.99136156
0.9914987
0.99026465
0.9909502
0.9914987
0.99081314
0.99136156
0.99177295
0.99177295
0.9916358
0.99177295
0.9909502
0.99136156
0.990676
0.990676
0.9921843
0.99026465
0.993007
0.99122447
0.990676
0.9905389
0.9920472
0.9921843
0.99328125
0.993007
0.9925956
0.9910873
0.99177295
0.99232143
0.99232143
0.9914987
0.9931441
0.99286985
0.9931441
0.9924585
0.9925956
0.99286985
0.99177295
0.9938297
0.99273276
0.99341834
0.9935555
0.9938297
0.26024956
0.26024956
0.26024956
0.26024956
0.26024956
0.26024956
0.26024956
0.26024956
0.26024956
0.26024956
0.26024956
0.26024956
0.26024956
0.26024956
0.26024956
0.26024956
0.26024956
0.26024956
0.26024956
0.26024956
0.26024956
0.26024956
0.26024956
0.26024956
0.26024956
0.26024956
0.26024956
0.26024956
0.26024956
0.26024956
0.26024956
0.26024956
0.26024956
0.26024956
0.26024956
0.26024956
0.26024956
0.26024956
0.26024956
0.26024956
0.26024956
0.26024956
0.26024956
0.26024956
0.26024956
0.26024956
0.26024956
0.26024956
0.26024956
0.26024956
0.26024956
0.26024956
0.26024956
0.26024956
0.26024956
0.26024956
0.26024956
0.26024956
0.26024956
0.26024956
0.26024956
0.26024956
0.26024956
0.26024956
0.26024956
0.26024956
0.26024956
0.26024956
0.26024956
0.26024956
0.26024956
0.26024956
0.26024956
0.26024956
0.26024956
0.26024956
0.26024956
0.26024956
0.26024956
0.26024956
0.26024956
0.26024956
0.26024956
0.26024956
0.26024956
0.26024956
0.26024956
0.26024956
0.26024956
0.26024956
0.26024956
0.26024956
0.26024956
0.26024956
0.26024956
0.26024956
0.26024956
0.26024956
0.26024956
0.26024956
0.26024956
0.26024956
0.26024956
0.26024956
0.26024956
0.26024956
0.26024956
0.26024956
0.26024956
0.26024956
0.26024956
0.26024956
0.26024956
0.26024956
0.26024956
0.26024956
0.26024956
0.26024956
0.26024956
0.26024956
0.26024956
0.26024956
0.26024956
0.26024956
0.26024956
0.26024956
0.26024956
0.26024956
0.26024956
0.26024956
0.26024956
0.26024956
0.26024956
0.26024956
0.26024956
0.26024956
0.26024956
0.26024956
0.26024956
0.26024956
0.26024956
0.26024956
0.26024956
0.26024956
0.26024956
0.26024956
0.26024956
0.26024956
0.26024956
0.26024956
0.26024956
0.26024956
0.26024956
0.26024956
0.26024956
0.26024956
0.26024956
0.26024956
0.26024956
0.26024956
0.26024956
0.26024956
0.26024956
0.26024956
0.26024956
0.26024956
0.26024956
0.26024956
0.26024956
0.26024956
0.26024956
0.26024956
0.26024956
0.26024956
0.26024956
0.26024956
0.26024956
0.26024956
0.26024956
0.26024956
0.26024956
0.26024956
0.26024956
0.26024956
0.26024956
0.26024956
0.26024956
0.26024956
0.26024956
0.26024956
0.26024956
0.26024956
0.26024956
0.26024956
0.26024956
0.26024956
0.26024956
0.26024956
0.26024956
0.26024956
0.26024956
0.26024956
0.26024956
0.26024956
0.26024956
0.26024956
0.26024956
0.26024956
0.26024956
0.26024956
0.26024956
0.26024956
0.26024956
0.26024956
0.26024956
0.26024956
0.26024956
0.26024956
0.26024956
0.26024956
0.26024956
0.26024956
0.26024956
0.26024956
0.26024956
0.26024956
0.26024956
0.26024956
0.26024956
0.26024956
0.26024956
0.26024956
0.26024956
0.26024956
0.26024956
0.26024956
0.26024956
0.26024956
0.26024956
0.26024956
0.26024956
0.26024956
0.26024956
0.26024956
0.26024956
0.26024956
0.26024956
0.26024956
0.26024956
0.26024956
0.26024956
0.26024956
0.26024956
0.26024956
0.26024956
0.26024956
0.26024956
0.26024956
0.26024956
0.26024956
0.26024956
0.26024956
0.26024956
0.26024956
0.26024956
0.26024956
0.26024956
0.26024956
0.26024956
0.26024956
0.26024956
0.26024956
0.26024956
0.26024956
0.26024956
0.26024956
0.26024956
0.26024956
0.26024956
0.26024956
0.26024956
0.26024956
0.26024956
0.26024956
0.26024956
0.26024956
0.26024956
0.26024956
0.26024956
0.26024956
0.26024956
0.26024956
0.26024956
0.26024956
0.26024956
0.26024956
0.26024956
0.26024956
0.26024956
0.26024956
0.26024956
0.26024956
0.26024956
0.26024956
0.26024956
0.26024956
0.26024956
0.26024956
0.26024956
0.26024956
0.26024956
0.26024956
0.26024956
0.26024956
0.26024956
0.26024956
0.26024956
0.26024956
0.26024956
0.26024956
0.26024956
0.26024956
0.26024956
0.26024956
0.26024956
0.26024956
0.26024956
0.26024956
0.26024956
0.26024956
0.26024956
0.26024956
0.26024956
0.26024956
0.26024956
0.26024956
0.26024956
0.26024956
0.26024956
0.26024956
0.26024956
0.26024956
0.26024956
0.26024956
0.26024956
0.26024956
0.26024956
0.26024956
0.26024956
0.26024956
0.26024956
0.26024956
0.26024956
0.26024956
0.26024956
0.26024956
0.26024956
0.26024956
0.26024956
0.26024956
0.26024956
0.26024956
0.26024956
0.26024956
0.26024956
0.26024956
0.26024956
0.26024956
0.26024956
0.26024956
0.26024956
0.26024956
0.26024956
0.26024956
0.26024956
0.26024956
0.26024956
0.26024956
0.26024956
0.26024956
0.26024956
0.26024956
0.26024956
0.26024956
0.26024956
0.26024956
0.26024956
0.26024956
0.26024956
0.26024956
0.26024956
0.26024956
0.26024956
0.26024956
0.26024956
0.26024956
0.26024956
0.26024956
0.26024956
0.26024956
0.26024956
0.26024956
0.26024956
0.26024956
0.26024956
0.26024956
0.26024956
0.26024956
0.26024956
0.26024956
0.26024956
0.26024956
0.26024956
0.26024956
0.26024956
0.26024956
0.26024956
0.26024956
0.26024956
0.26024956
0.26024956
0.26024956
0.26024956
0.26024956
0.26024956
0.26024956
0.26024956
0.26024956
0.26024956
0.26024956
0.26024956
0.26024956
0.26024956
0.26024956
0.26024956
0.26024956
0.26024956
0.26024956
0.26024956
0.26024956
0.26024956
0.26024956
0.26024956
0.26024956
0.26024956
0.26024956
0.26024956
0.26024956
0.26024956
0.26024956
0.26024956
0.26024956
0.26024956
0.26024956
0.26024956
0.26024956
0.26024956
0.26024956
0.26024956
0.26024956
0.26024956
0.26024956
0.26024956
0.26024956
0.26024956
0.26024956
0.26024956
0.26024956
0.26024956
0.26024956
0.26024956
0.26024956
0.26024956
0.26024956
0.26024956
0.26024956
0.26024956
0.26024956
0.26024956
0.26024956
0.26024956
0.26024956
0.26024956
0.26024956
0.26024956
0.26024956
0.26024956
0.26024956
0.26024956
0.26024956
0.26024956
0.26024956
0.26024956
0.26024956
0.26024956
0.26024956
0.26024956
0.26024956
0.26024956
0.26024956
0.26024956
0.26024956
0.26024956
0.26024956
0.26024956
0.26024956
0.26024956
0.26024956
0.26024956
0.26024956
0.26024956
0.26024956
0.26024956
0.26024956
0.26024956
0.26024956
0.26024956
0.26024956
0.26024956
0.26024956
0.26024956
0.26024956
0.26024956
0.26024956
0.26024956
0.26024956
0.26024956
0.26024956
0.26024956
0.26024956
0.26024956
0.26024956
0.26024956
0.26024956
0.26024956
0.26024956
0.26024956
0.26024956
0.26024956
0.26024956
0.26024956
0.26024956
0.26024956
0.26024956
0.26024956
0.26024956
0.26024956
0.26024956
0.26024956
0.26024956
0.26024956
0.26024956
0.26024956
0.26024956
0.26024956
0.26024956
0.26024956
0.26024956
0.26024956
0.26024956
0.26024956
0.26024956
0.26024956
0.26024956
0.26024956
0.26024956
0.26024956
0.26024956
0.26024956
0.26024956
0.26024956
0.26024956
0.26024956
0.26024956
0.26024956
0.26024956
0.26024956
0.26024956
0.26024956
0.26024956
0.26024956
0.26024956
0.26024956
0.26024956
0.26024956
0.26024956
0.26024956
0.26024956
0.26024956
0.26024956
0.26024956
0.26024956
0.26024956
0.26024956
0.26024956
0.26024956
0.26024956
0.26024956
0.26024956
0.26024956
0.26024956
0.26024956
0.26024956
0.26024956
0.26024956
0.26024956
0.26024956
0.26024956
0.26024956
0.26024956
0.26024956
0.26024956
0.26024956
0.26024956
0.26024956
0.26024956
0.26024956
0.26024956
0.26024956
0.26024956
0.26024956
0.26024956
0.26024956
0.26024956
0.26024956
0.26024956
0.26024956
0.26024956
0.26024956
0.26024956
0.26024956
0.26024956
0.26024956
0.26024956
0.26024956
0.26024956
0.26024956
0.26024956
0.26024956
0.26024956
0.26024956
0.26024956
0.26024956
0.26024956
0.26024956
0.26024956
0.26024956
0.26024956
0.26024956
0.26024956
0.26024956
0.26024956
0.26024956
0.26024956
0.26024956
0.26024956
0.26024956
0.26024956
0.26024956
0.26024956
0.26024956
0.26024956
0.26024956
0.26024956
0.26024956
0.26024956
0.26024956
0.26024956
0.26024956
0.26024956
0.26024956
0.26024956
0.26024956
0.26024956
0.26024956
0.26024956
0.26024956
0.26024956
0.26024956
0.26024956
0.26024956
0.26024956
0.26024956
0.26024956
0.26024956
0.26024956
0.26024956
0.26024956
0.26024956
0.26024956
0.26024956
0.26024956
0.26024956
0.26024956
0.26024956
0.26024956
0.26024956
0.26024956
0.26024956
0.26024956
0.26024956
0.26024956
0.26024956
0.26024956
0.26024956
0.26024956
0.26024956
0.26024956
0.26024956
0.26024956
0.26024956
0.26024956
0.26024956
0.26024956
0.26024956
0.26024956
0.26024956
0.26024956
0.26024956
0.26024956
0.26024956
0.26024956
0.26024956
0.26024956
0.26024956
0.26024956
0.26024956
0.26024956
0.26024956
0.26024956
0.26024956
0.26024956
0.26024956
0.26024956
0.26024956
0.26024956
0.26024956
0.26024956
0.26024956
0.26024956
0.26024956
0.26024956
0.26024956
0.26024956
0.26024956
0.26024956
0.26024956
0.26024956
0.26024956
0.26024956
0.26024956
0.26024956
0.26024956
0.26024956
0.26024956
0.26024956
0.26024956
0.26024956
0.26024956
0.26024956
0.26024956
0.26024956
0.26024956
0.26024956
0.26024956
0.26024956
0.26024956
0.26024956
0.26024956
0.26024956
0.26024956
0.26024956
0.26024956
0.26024956
0.26024956
0.26024956
0.26024956
0.26024956
0.26024956
0.26024956
0.26024956
0.26024956
0.26024956
0.26024956
0.26024956
0.26024956
0.26024956
0.26024956
0.26024956
0.26024956
0.26024956
0.26024956
0.26024956
0.26024956
0.26024956
0.26024956
0.26024956
0.26024956
0.26024956
0.26024956
0.26024956
0.26024956
0.26024956
0.26024956
0.26024956
0.26024956
0.26024956
0.26024956
0.26024956
0.26024956
0.26024956
0.26024956
0.26024956
0.26024956
0.26024956
0.26024956
0.26024956
0.26024956
0.26024956
0.26024956
0.26024956
0.26024956
0.26024956
0.26024956
0.26024956
0.26024956
0.26024956
0.26024956
0.26024956
0.26024956
0.26024956
0.26024956
0.26024956
0.26024956
0.26024956
0.26024956
0.26024956
0.26024956
0.26024956
0.26024956
0.26024956
0.26024956
0.26024956
0.26024956
0.26024956
0.26024956
0.26024956
0.26024956
0.26024956
0.26024956
0.26024956
0.26024956
0.26024956
0.26024956
0.26024956
0.26024956
0.26024956
0.26024956
0.26024956
0.26024956
0.26024956
0.26024956
0.26024956
0.26024956
0.26024956
0.26024956
0.26024956
0.26024956
0.26024956
0.26024956
0.26024956
0.26024956
0.26024956
0.26024956
0.26024956
0.26024956
0.26024956
0.26024956
0.26024956
0.26024956
0.26024956
0.26024956
0.26024956
0.26024956
0.26024956
0.26024956
0.26024956
0.26024956
0.26024956
0.26024956
0.26024956
0.26024956
0.26024956
0.26024956
0.26024956
0.26024956
0.26024956
0.26024956
0.26024956
0.26024956
0.26024956
0.26024956
0.26024956
0.26024956
0.26024956
0.26024956
0.26024956
0.26024956
0.26024956
0.26024956
0.26024956
0.26024956
0.26024956
0.26024956
0.26024956
0.26024956
0.26024956
0.26024956
0.26024956
0.26024956
0.26024956
0.26024956
0.26024956
0.26024956
0.26024956
0.26024956
0.26024956
0.26024956
0.26024956
0.26024956
0.26024956
0.26024956
0.26024956
0.26024956
0.26024956
0.26024956
0.26024956
0.26024956
0.26024956
0.26024956
0.26024956
0.26024956
0.26024956
0.26024956
0.26024956
0.26024956
0.26024956
0.26024956
0.26024956
0.26024956
0.26024956
0.26024956
0.26024956
0.26024956
0.26024956
0.26024956
0.26024956
0.26024956
0.26024956
0.26024956
0.26024956
0.26024956
0.26024956
0.26024956
0.26024956
0.26024956
0.26024956
0.26024956
0.26024956
0.26024956
0.26024956
0.26024956
0.26024956
0.26024956
0.26024956
0.26024956
0.26024956
0.26024956
0.26024956
0.26024956
0.26024956
0.26024956
0.26024956
0.26024956
0.26024956
0.26024956
0.26024956
0.26024956
0.26024956
0.26024956
0.26024956
0.26024956
0.26024956
0.26024956
0.26024956
0.26024956
0.26024956
0.26024956
0.26024956
0.26024956
0.26024956
0.26024956
0.26024956
0.26024956
0.26024956
0.26024956
0.26024956
0.26024956
0.26024956
0.26024956
0.26024956
0.26024956
0.26024956
0.26024956
0.26024956
0.26024956
0.26024956
0.26024956
0.26024956
0.26024956
0.26024956
0.26024956
0.26024956
0.26024956
0.26024956
0.26024956
0.26024956
0.26024956
0.26024956
0.26024956
0.26024956
0.26024956
0.26024956
0.26024956
0.26024956
0.26024956
0.26024956
0.26024956
0.26024956
0.26024956
0.26024956
0.26024956
0.26024956
0.26024956
0.26024956
0.26024956
0.26024956
0.26024956
0.26024956
0.26024956
0.26024956
0.26024956
0.26024956
0.26024956
0.26024956
0.26024956
0.26024956
0.26024956
0.26024956
0.26024956
0.26024956
0.26024956
0.26024956
0.26024956
0.26024956
0.26024956
0.26024956
0.26024956
0.26024956
0.26024956
0.26024956
0.26024956
0.26024956
0.26024956
0.26024956
0.26024956
0.26024956
0.26024956
0.26024956
0.26024956
0.26024956
0.26024956
0.26024956
0.26024956
0.26024956
0.26024956
0.26024956
0.26024956
0.26024956
0.26024956
0.26024956
0.26024956
0.26024956
0.26024956
0.26024956
0.26024956
0.26024956
0.26024956
0.26024956
0.26024956
0.26024956
0.26024956
0.26024956
0.26024956
0.26024956
0.26024956
0.26024956
0.26024956
0.26024956
0.26024956
0.26024956
0.26024956
0.26024956
0.26024956
0.26024956
0.26024956
0.26024956
0.26024956
0.26024956
0.26024956
0.26024956
0.26024956
0.26024956
0.26024956
0.26024956
0.26024956
0.26024956
0.26024956
0.26024956
0.26024956
0.26024956
0.26024956
0.26024956
0.26024956
0.26024956
0.26024956
0.26024956
0.26024956
0.26024956
0.26024956
0.26024956
0.26024956
0.26024956
0.26024956
0.26024956
0.26024956
0.26024956
0.26024956
0.26024956
0.26024956
0.26024956
0.26024956
0.26024956
0.26024956
0.26024956
0.26024956
0.26024956
0.26024956
0.26024956
0.26024956
0.26024956
0.26024956
0.26024956
0.26024956
0.26024956
0.26024956
0.26024956
0.26024956
0.26024956
0.26024956
0.26024956
0.26024956
0.26024956
0.26024956
0.26024956
0.26024956
0.26024956
0.26024956
0.26024956
0.26024956
0.26024956
0.26024956
0.26024956
0.26024956
0.26024956
0.26024956
0.26024956
0.26024956
0.26024956
0.26024956
0.26024956
0.26024956
0.26024956
0.26024956
0.26024956
0.26024956
0.26024956
0.26024956
0.26024956
0.26024956
0.26024956
0.26024956
0.26024956
0.26024956
0.26024956
0.26024956
0.26024956
0.26024956
0.26024956
0.26024956
0.26024956
0.26024956
0.26024956
0.26024956
0.26024956
0.26024956
0.26024956
0.26024956
0.26024956
0.26024956
0.26024956
0.26024956
0.26024956
0.26024956
0.26024956
0.26024956
0.26024956
0.26024956
0.26024956
0.26024956
0.26024956
0.26024956
0.26024956
0.26024956
0.26024956
0.26024956
0.26024956
0.26024956
0.26024956
0.26024956
0.26024956
0.26024956
0.26024956
0.26024956
0.26024956
0.26024956
0.26024956
0.26024956
0.26024956
0.26024956
0.26024956
0.26024956
0.26024956
0.26024956
0.26024956
0.26024956
0.26024956
0.26024956
0.26024956
0.26024956
0.26024956
0.26024956
0.26024956
0.26024956
0.26024956
0.26024956
0.26024956
0.26024956
0.26024956
0.26024956
0.26024956
0.26024956
0.26024956
0.26024956
0.26024956
0.26024956
0.26024956
0.26024956
0.26024956
0.26024956
0.26024956
0.26024956
0.26024956
0.26024956
0.26024956
0.26024956
0.26024956
0.26024956
0.26024956
0.26024956
0.26024956
0.26024956
0.26024956
0.26024956
0.26024956
0.26024956
0.26024956
0.26024956
0.26024956
0.26024956
0.26024956
0.26024956
0.26024956
0.26024956
0.26024956
0.26024956
0.26024956
0.26024956
0.26024956
0.26024956
0.26024956
0.26024956
0.26024956
0.26024956
0.26024956
0.26024956
0.26024956
0.26024956
0.26024956
0.26024956
0.26024956
0.26024956
0.26024956
0.26024956
0.26024956
0.26024956
0.26024956
0.26024956
0.26024956
0.26024956
0.26024956
0.26024956
0.26024956
0.26024956
0.26024956
0.26024956
0.26024956
0.26024956
0.26024956
0.26024956
0.26024956
0.26024956
0.26024956
0.26024956
0.26024956
0.26024956
0.26024956
0.26024956
0.26024956
0.26024956
0.26024956
0.26024956
0.26024956
0.26024956
0.26024956
0.26024956
0.26024956
0.26024956
0.26024956
0.26024956
0.26024956
0.26024956
0.26024956
0.26024956
0.26024956
0.26024956
0.26024956
0.26024956
0.26024956
0.26024956
0.26024956
0.26024956
0.26024956
0.26024956
0.26024956
0.26024956
0.26024956
0.26024956
0.26024956
0.26024956
0.26024956
0.26024956
0.26024956
0.26024956
0.26024956
0.26024956
0.26024956
0.26024956
0.26024956
0.26024956
0.26024956
0.26024956
0.26024956
0.26024956
0.26024956
0.26024956
0.26024956
0.26024956
0.26024956
0.26024956
0.26024956
0.26024956
0.26024956
0.26024956
0.26024956
0.26024956
0.26024956
0.26024956
0.26024956
0.26024956
0.26024956
0.26024956
0.26024956
0.26024956
0.26024956
0.26024956
0.26024956
0.26024956
0.26024956
0.26024956
0.26024956
0.26024956
0.26024956
0.26024956
0.26024956
0.26024956
0.26024956
0.26024956
0.26024956
0.26024956
0.26024956
0.26024956
0.26024956
0.26024956
0.26024956
0.26024956
0.26024956
0.26024956
0.26024956
0.26024956
0.26024956
0.26024956
0.26024956
0.26024956
0.26024956
0.26024956
0.26024956
0.26024956
0.26024956
0.26024956
0.26024956
0.26024956
0.26024956
0.26024956
0.26024956
0.26024956
0.26024956
0.26024956
0.26024956
0.26024956
0.26024956
0.26024956
0.26024956
0.26024956
0.26024956
0.26024956
0.26024956
0.26024956
0.26024956
0.26024956
0.26024956
0.26024956
0.26024956
0.26024956
0.26024956
0.26024956
0.26024956
0.26024956
0.26024956
0.26024956
0.26024956
0.26024956
0.26024956
0.26024956
0.26024956
0.26024956
0.26024956
0.26024956
0.26024956
0.26024956
0.26024956
0.26024956
0.26024956
0.26024956
0.26024956
0.26024956
0.26024956
0.26024956
0.26024956
0.26024956
0.26024956
0.26024956
0.26024956
0.26024956
0.26024956
0.26024956
0.26024956
0.26024956
0.26024956
0.26024956
0.26024956
0.26024956
0.26024956
0.26024956
0.26024956
0.26024956
0.26024956
0.26024956
0.26024956
0.26024956
0.26024956
0.26024956
0.26024956
0.26024956
0.26024956
0.26024956
0.26024956
0.26024956
0.26024956
0.26024956
0.26024956
0.26024956
0.26024956
0.26024956
0.26024956
0.26024956
0.26024956
0.26024956
0.26024956
0.26024956
0.26024956
0.26024956
0.26024956
0.26024956
0.26024956
0.26024956
0.26024956
0.26024956
0.26024956
0.26024956
0.26024956
0.26024956
0.26024956
0.26024956
0.26024956
0.26024956
0.26024956
0.26024956
0.26024956
0.26024956
0.26024956
0.26024956
0.26024956
0.26024956
0.26024956
0.26024956
0.26024956
0.26024956
0.26024956
0.26024956
0.26024956
0.26024956
0.26024956
0.26024956
0.26024956
0.26024956
0.26024956
0.26024956
0.26024956
0.26024956
0.26024956
0.26024956
0.26024956
0.26024956
0.26024956
0.26024956
0.26024956
0.26024956
0.26024956
0.26024956
0.26024956
0.26024956
0.26024956
0.26024956
0.26024956
0.26024956
0.26024956
0.26024956
0.26024956
0.26024956
0.26024956
0.26024956
0.26024956
0.26024956
0.26024956
0.26024956
0.26024956
0.26024956
0.26024956
0.26024956
0.26024956
0.26024956
0.26024956
0.26024956
0.26024956
0.26024956
0.26024956
0.26024956
0.26024956
0.26024956
0.26024956
0.26024956
0.26024956
0.26024956
0.26024956
0.26024956
0.26024956
0.26024956
0.26024956
0.26024956
0.26024956
0.26024956
0.26024956
0.26024956
0.26024956
0.26024956
0.26024956
0.26024956
0.26024956
0.26024956
0.26024956
0.26024956
0.26024956
0.26024956
0.26024956
0.26024956
0.26024956
0.26024956
0.26024956
0.26024956
0.26024956
0.26024956
0.26024956
0.26024956
0.26024956
0.26024956
0.26024956
0.26024956
0.26024956
0.26024956
0.26024956
0.26024956
0.26024956
0.26024956
0.26024956
0.26024956
0.26024956
0.26024956
0.26024956
0.26024956
0.26024956
0.26024956
0.26024956
0.26024956
0.26024956
0.26024956
0.26024956
0.26024956
0.26024956
0.26024956
0.26024956
0.26024956
0.26024956
0.26024956
0.26024956
0.26024956
0.26024956
0.26024956
0.26024956
0.26024956
0.26024956
0.26024956
0.26024956
0.26024956
0.26024956
0.26024956
0.26024956
0.26024956
0.26024956
0.26024956
0.26024956
0.26024956
0.26024956
0.26024956
0.26024956
0.26024956
0.26024956
0.26024956
0.26024956
0.26024956
0.26024956
0.26024956
0.26024956
0.26024956
0.26024956
0.26024956
0.26024956
0.26024956
0.26024956
0.26024956
0.26024956
0.26024956
0.26024956
0.26024956
0.26024956
0.26024956
0.26024956
0.26024956
0.26024956
0.26024956
0.26024956
0.26024956
0.26024956
0.26024956
0.26024956
0.26024956
0.26024956
0.26024956
0.26024956
0.26024956
0.26024956
0.26024956
0.26024956
0.26024956
0.26024956
0.26024956
0.26024956
0.26024956
0.26024956
0.26024956
0.26024956
0.26024956
0.26024956
0.26024956
0.26024956
0.26024956
0.26024956
0.26024956
0.26024956
0.26024956
0.26024956
0.26024956
0.26024956
0.26024956
0.26024956
0.26024956
0.26024956
0.26024956
0.26024956
0.26024956
0.26024956
0.26024956
0.26024956
0.26024956
0.26024956
0.26024956
0.26024956
0.26024956
0.26024956
0.26024956
0.26024956
0.26024956
0.26024956
0.26024956
0.26024956
0.26024956
0.26024956
0.26024956
0.26024956
0.26024956
0.26024956
0.26024956
0.26024956
0.26024956
0.26024956
0.26024956
0.26024956
0.26024956
0.26024956
0.26024956
0.26024956
0.26024956
0.26024956
0.26024956
0.26024956
0.26024956
0.26024956
0.26024956
0.26024956
0.26024956
0.26024956
0.26024956
0.26024956
0.26024956
0.26024956
0.26024956
0.26024956
0.26024956
0.26024956
0.26024956
0.26024956
0.26024956
0.26024956
0.26024956
0.26024956
0.26024956
0.26024956
0.26024956
0.26024956
0.26024956
0.26024956
0.26024956
0.26024956
0.26024956
0.26024956
0.26024956
0.26024956
0.26024956
0.26024956
0.26024956
0.26024956
0.26024956
0.26024956
0.26024956
0.26024956
0.26024956
0.26024956
0.26024956
0.26024956
0.26024956
0.26024956
0.26024956
0.26024956
0.26024956
0.26024956
0.26024956
0.26024956
0.26024956
0.26024956
0.26024956
0.26024956
0.26024956
0.26024956
0.26024956
0.26024956
0.26024956
0.26024956
0.26024956
0.26024956
0.26024956
0.26024956
0.26024956
0.26024956
0.26024956
0.26024956
0.26024956
0.26024956
0.26024956
0.26024956
0.26024956
0.26024956
0.26024956
0.26024956
0.26024956
0.26024956
0.26024956
0.26024956
0.26024956
0.26024956
0.26024956
0.26024956
0.26024956
0.26024956
0.26024956
0.26024956
0.26024956
0.26024956
0.26024956
0.26024956
0.26024956
0.26024956
0.26024956
0.26024956
0.26024956
0.26024956
0.26024956
0.26024956
0.26024956
0.26024956
0.26024956
0.26024956
0.26024956
0.26024956
0.26024956
0.26024956
0.26024956
0.26024956
0.26024956
0.26024956
0.26024956
0.26024956
0.26024956
0.26024956
0.26024956
0.26024956
0.26024956
0.26024956
0.26024956
0.26024956
0.26024956
0.26024956
0.26024956
0.26024956
0.26024956
0.26024956
0.26024956
0.26024956
0.26024956
0.26024956
0.26024956
0.26024956
0.26024956
0.26024956
0.26024956
0.26024956
0.26024956
0.26024956
0.26024956
0.26024956
0.26024956
0.26024956
0.26024956
0.26024956
0.26024956
0.26024956
0.26024956
0.26024956
0.26024956
0.26024956
0.26024956
0.26024956
0.26024956
0.26024956
0.26024956
0.26024956
0.26024956
0.26024956
0.26024956
0.26024956
0.26024956
0.26024956
0.26024956
0.26024956
0.26024956
0.26024956
0.26024956
0.26024956
0.26024956
0.26024956
0.26024956
0.26024956
0.26024956
0.26024956
0.26024956
0.26024956
0.26024956
0.26024956
0.26024956
0.26024956
0.26024956
0.26024956
0.26024956
0.26024956
0.26024956
0.26024956
0.26024956
0.26024956
0.26024956
0.26024956
0.26024956
0.26024956
0.26024956
0.26024956
0.26024956
0.26024956
0.26024956
0.26024956
0.26024956
0.26024956
0.26024956
0.26024956
0.26024956
0.26024956
0.26024956
0.26024956
0.26024956
0.26024956
0.26024956
0.26024956
0.26024956
0.26024956
0.26024956
0.26024956
0.26024956
0.26024956
0.26024956
0.26024956
0.26024956
0.26024956
0.26024956
0.26024956
0.26024956
0.26024956
0.26024956
0.26024956
0.26024956
0.26024956
0.26024956
0.26024956
0.26024956
0.26024956
0.26024956
0.26024956
0.26024956
0.26024956
0.26024956
0.26024956
0.26024956
0.26024956
0.26024956
0.26024956
0.26024956
0.26024956
0.26024956
0.26024956
0.26024956
0.26024956
0.26024956
0.26024956
0.26024956
0.26024956
0.26024956
0.26024956
0.26024956
0.26024956
0.26024956
0.26024956
0.26024956
0.26024956
0.26024956
0.26024956
0.26024956
0.26024956
0.26024956
0.26024956
0.26024956
0.26024956
0.26024956
0.26024956
0.26024956
0.26024956
0.26024956
0.26024956
0.26024956
0.26024956
0.26024956
0.26024956
0.26024956
0.26024956
0.26024956
0.26024956
0.26024956
0.26024956
0.26024956
0.26024956
0.26024956
0.26024956
0.26024956
0.26024956
0.26024956
0.26024956
0.26024956
0.26024956
0.26024956
0.26024956
0.26024956
0.26024956
0.26024956
0.26024956
0.26024956
0.26024956
0.26024956
0.26024956
0.26024956
0.26024956
0.26024956
0.26024956
0.26024956
0.26024956
0.26024956
0.26024956
0.26024956
0.26024956
0.26024956
0.26024956
0.26024956
0.26024956
0.26024956
0.26024956
0.26024956
0.26024956
0.26024956
0.26024956
0.26024956
0.26024956
0.26024956
0.26024956
0.26024956
0.26024956
0.26024956
0.26024956
0.26024956
0.26024956
0.26024956
0.26024956
0.26024956
0.26024956
0.26024956
0.26024956
0.26024956
0.26024956
0.26024956
0.26024956
0.26024956
0.26024956
0.26024956
0.26024956
0.26024956
0.26024956
0.26024956
0.26024956
0.26024956
0.26024956
0.26024956
0.26024956
0.26024956
0.26024956
0.26024956
0.26024956
0.26024956
0.26024956
0.26024956
0.26024956
0.26024956
0.26024956
0.26024956
0.26024956
0.26024956
0.26024956
0.26024956
0.26024956
0.26024956
0.26024956
0.26024956
0.26024956
0.26024956
0.26024956
0.26024956
0.26024956
0.26024956
0.26024956
0.26024956
0.26024956
0.26024956
0.26024956
0.26024956
0.26024956
0.26024956
0.26024956
0.26024956
0.26024956
0.26024956
0.26024956
0.26024956
0.26024956
0.26024956
0.26024956
0.26024956
0.26024956
0.26024956
0.26024956
0.26024956
0.26024956
0.26024956
0.26024956
0.26024956
0.26024956
0.26024956
0.26024956
0.26024956
0.26024956
0.26024956
0.26024956
0.26024956
0.26024956
0.26024956
0.26024956
0.26024956
0.26024956
0.26024956
0.26024956
0.26024956
0.26024956
0.26024956
0.26024956
0.26024956
0.26024956
0.26024956
0.26024956
0.26024956
0.26024956
0.26024956
0.26024956
0.26024956
0.26024956
0.26024956
0.26024956
0.26024956
0.26024956
0.26024956
0.26024956
0.26024956
0.26024956
0.26024956
0.26024956
0.26024956
0.26024956
0.26024956
0.26024956
0.26024956
0.26024956
0.26024956
0.26024956
0.26024956
0.26024956
0.26024956
0.26024956
0.26024956
0.26024956
0.26024956
0.26024956
0.26024956
0.26024956
0.26024956
0.26024956
0.26024956
0.26024956
0.26024956
0.26024956
0.26024956
0.26024956
0.26024956
0.26024956
0.26024956
0.26024956
0.26024956
0.26024956
0.26024956
0.26024956
0.26024956
0.26024956
0.26024956
0.26024956
0.26024956
0.26024956
0.26024956
0.26024956
0.26024956
0.26024956
0.26024956
0.26024956
0.26024956
0.26024956
0.26024956
0.26024956
0.26024956
0.26024956
0.26024956
0.26024956
0.26024956
0.26024956
0.26024956
0.26024956
0.26024956
0.26024956
0.26024956
0.26024956
0.26024956
0.26024956
0.26024956
0.26024956
0.26024956
0.26024956
0.26024956
0.26024956
0.26024956
0.26024956
0.26024956
0.26024956
0.26024956
0.26024956
0.26024956
0.26024956
0.26024956
0.26024956
0.26024956
0.26024956
0.26024956
0.26024956
0.26024956
0.26024956
0.26024956
0.26024956
0.26024956
0.26024956
0.26024956
0.26024956
0.26024956
0.26024956
0.26024956
0.26024956
0.26024956
0.26024956
0.26024956
0.26024956
0.26024956
0.26024956
0.26024956
0.26024956
0.26024956
0.26024956
0.26024956
0.26024956
0.26024956
0.26024956
0.26024956
0.26024956
0.26024956
0.26024956
0.26024956
0.26024956
0.26024956
0.26024956
0.26024956
0.26024956
0.26024956
0.26024956
0.26024956
0.26024956
0.26024956
0.26024956
0.26024956
0.26024956
0.26024956
0.26024956
0.26024956
0.26024956
0.26024956
0.26024956
0.26024956
0.26024956
0.26024956
0.26024956
0.26024956
0.26024956
0.26024956
0.26024956
0.26024956
0.26024956
0.26024956
0.26024956
0.26024956
0.26024956
0.26024956
0.26024956
0.26024956
0.26024956
0.26024956
0.26024956
0.26024956
0.26024956
0.26024956
0.26024956
0.26024956
0.26024956
0.26024956
0.26024956
0.26024956
0.26024956
0.26024956
0.26024956
0.26024956
0.26024956
0.26024956
0.26024956
0.26024956
0.26024956
0.26024956
0.26024956
0.26024956
0.26024956
0.26024956
0.26024956
0.26024956
0.26024956
0.26024956
0.26024956
0.26024956
0.26024956
0.26024956
0.26024956
0.26024956
0.26024956
0.26024956
0.26024956
0.26024956
0.26024956
0.26024956
0.26024956
0.26024956
0.26024956
0.26024956
0.26024956
0.26024956
0.26024956
0.26024956
0.26024956
0.26024956
0.26024956
0.26024956
0.26024956
0.26024956
0.26024956
0.26024956
0.26024956
0.26024956
0.26024956
0.26024956
0.26024956
0.26024956
0.26024956
0.26024956
0.26024956
0.26024956
0.26024956
0.26024956
0.26024956
0.26024956
0.26024956
0.26024956
0.26024956
0.26024956
0.26024956
0.26024956
0.26024956
0.26024956
0.26024956
0.26024956
0.26024956
0.26024956
0.26024956
0.26024956
0.26024956
0.26024956
0.26024956
0.26024956
0.26024956
0.26024956
0.26024956
0.26024956
0.26024956
0.26024956
0.26024956
0.26024956
0.26024956
0.26024956
0.26024956
0.26024956
0.26024956
0.26024956
0.26024956
0.26024956
0.26024956
0.26024956
0.26024956
0.26024956
0.26024956
0.26024956
0.26024956
0.26024956
0.26024956
0.26024956
0.26024956
0.26024956
0.26024956
0.26024956
0.26024956
0.26024956
0.26024956
0.26024956
0.26024956
0.26024956
0.26024956
0.26024956
0.26024956
0.26024956
0.26024956
0.26024956
0.26024956
0.26024956
0.26024956
0.26024956
0.26024956
0.26024956
0.26024956
0.26024956
0.26024956
0.26024956
0.26024956
0.26024956
0.26024956
0.26024956
0.26024956
0.26024956
0.26024956
0.26024956
0.26024956
0.26024956
0.26024956
0.26024956
0.26024956
0.26024956
0.26024956
0.26024956
0.26024956
0.26024956
0.26024956
0.26024956
0.26024956
0.26024956
0.26024956
0.26024956
0.26024956
0.26024956
0.26024956
0.26024956
0.26024956
0.26024956
0.26024956
0.26024956
0.26024956
0.26024956
0.26024956
0.26024956
0.26024956
0.26024956
0.26024956
0.26024956
0.26024956
0.26024956
0.26024956
0.26024956
0.26024956
0.26024956
0.26024956
0.26024956
0.26024956
0.26024956
0.26024956
0.26024956
0.26024956
0.26024956
0.26024956
0.26024956
0.26024956
0.26024956
0.26024956
0.26024956
0.26024956
0.26024956
0.26024956
0.26024956
0.26024956
0.26024956
0.26024956
0.26024956
0.26024956
0.26024956
0.26024956
0.26024956
0.26024956
0.26024956
0.26024956
0.26024956
0.26024956
0.26024956
0.26024956
0.26024956
0.26024956
0.26024956
0.26024956
0.26024956
0.26024956
0.26024956
0.26024956
0.26024956
0.26024956
0.26024956
0.26024956
0.26024956
0.26024956
0.26024956
0.26024956
0.26024956
0.26024956
0.26024956
0.26024956
0.26024956
0.26024956
0.26024956
0.26024956
0.26024956
0.26024956
0.26024956
0.26024956
0.26024956
0.26024956
0.26024956
0.26024956
0.26024956
0.26024956
0.26024956
0.26024956
0.26024956
0.26024956
0.26024956
0.26024956
0.26024956
0.26024956
0.26024956
0.26024956
0.26024956
0.26024956
0.26024956
0.26024956
0.26024956
0.26024956
0.26024956
0.26024956
0.26024956
0.26024956
0.26024956
0.26024956
0.26024956
0.26024956
0.26024956
0.26024956
0.26024956
0.26024956
0.26024956
0.26024956
0.26024956
0.26024956
0.26024956
0.26024956
0.26024956
0.26024956
0.26024956
0.26024956
0.26024956
0.26024956
0.26024956
0.26024956
0.26024956
0.26024956
0.26024956
0.26024956
0.26024956
0.26024956
0.26024956
0.26024956
0.26024956
0.26024956
0.26024956
0.26024956
0.26024956
0.26024956
0.26024956
0.26024956
0.26024956
0.26024956
0.26024956
0.26024956
0.26024956
0.26024956
0.26024956
0.26024956
0.26024956
0.26024956
0.26024956
0.26024956
0.26024956
0.26024956
0.26024956
0.26024956
0.26024956
0.26024956
0.26024956
0.26024956
0.26024956
0.26024956
0.26024956
0.26024956
0.26024956
0.26024956
0.26024956
0.26024956
0.26024956
0.26024956
0.26024956
0.26024956
0.26024956
0.26024956
0.26024956
0.26024956
0.26024956
0.26024956
0.26024956
0.26024956
0.26024956
0.26024956
0.26024956
0.26024956
0.26024956
0.26024956
0.26024956
0.26024956
0.26024956
0.26024956
0.26024956
0.26024956
0.26024956
0.26024956
0.26024956
0.26024956
0.26024956
0.26024956
0.26024956
0.26024956
0.26024956
0.26024956
0.26024956
0.26024956
0.26024956
0.26024956
0.26024956
0.26024956
0.26024956
0.26024956
0.26024956
0.26024956
0.26024956
0.26024956
0.26024956
0.26024956
0.26024956
0.26024956
0.26024956
0.26024956
0.26024956
0.26024956
0.26024956
0.26024956
0.26024956
0.26024956
0.26024956
0.26024956
0.26024956
0.26024956
0.26024956
0.26024956
0.26024956
0.26024956
0.26024956
0.26024956
0.26024956
0.26024956
0.26024956
0.26024956
0.26024956
0.26024956
0.26024956
0.26024956
0.26024956
0.26024956
0.26024956
0.26024956
0.26024956
0.26024956
0.26024956
0.26024956
0.26024956
0.26024956
0.26024956
0.26024956
0.26024956
0.26024956
0.26024956
0.26024956
0.26024956
0.26024956
0.26024956
0.26024956
0.26024956
0.26024956
0.26024956
0.26024956
0.26024956
0.26024956
0.26024956
0.26024956
0.26024956
0.26024956
0.26024956
0.26024956
0.26024956
0.26024956
0.26024956
0.26024956
0.26024956
0.26024956
0.26024956
0.26024956
0.26024956
0.26024956
0.26024956
0.26024956
0.26024956
0.26024956
0.26024956
0.26024956
0.26024956
0.26024956
0.26024956
0.26024956
0.26024956
0.26024956
0.26024956
0.26024956
0.26024956
0.26024956
0.26024956
0.26024956
0.26024956
0.26024956
0.26024956
0.26024956
0.26024956
0.26024956
0.26024956
0.26024956
0.26024956
0.26024956
0.26024956
0.26024956
0.26024956
0.26024956
0.26024956
0.26024956
0.26024956
0.26024956
0.26024956
0.26024956
0.26024956
0.26024956
0.26024956
0.26024956
0.26024956
0.26024956
0.26024956
0.26024956
0.26024956
0.26024956
0.26024956
0.26024956
0.26024956
0.26024956
0.26024956
0.26024956
0.26024956
0.26024956
0.26024956
0.26024956
0.26024956
0.26024956
0.26024956
0.26024956
0.26024956
0.26024956
0.26024956
0.26024956
0.26024956
0.26024956
0.26024956
0.26024956
0.26024956
0.26024956
0.26024956
0.26024956
0.26024956
0.26024956
0.26024956
0.26024956
0.26024956
0.26024956
0.26024956
0.26024956
0.26024956
0.26024956
0.26024956
0.26024956
0.26024956
0.26024956
0.26024956
0.26024956
0.26024956
0.26024956
0.26024956
0.26024956
0.26024956
0.26024956
0.26024956
0.26024956
0.26024956
0.26024956
0.26024956
0.26024956
0.26024956
0.26024956
0.26024956
0.26024956
0.26024956
0.26024956
0.26024956
0.26024956
0.26024956
0.26024956
0.26024956
0.26024956
0.26024956
0.26024956
0.26024956
0.26024956
0.26024956
0.26024956
0.26024956
0.26024956
0.26024956
0.26024956
0.26024956
0.26024956
0.26024956
0.26024956
0.26024956
0.26024956
0.26024956
0.26024956
0.26024956
0.26024956
0.26024956
0.26024956
0.26024956
0.26024956
0.26024956
0.26024956
0.26024956
0.26024956
0.26024956
0.26024956
0.26024956
0.26024956
0.26024956
0.26024956
0.26024956
0.26024956
0.26024956
0.26024956
0.26024956
0.26024956
0.26024956
0.26024956
0.26024956
0.26024956
0.26024956
0.26024956
0.26024956
0.26024956
0.26024956
0.26024956
0.26024956
0.26024956
0.26024956
0.26024956
0.26024956
0.26024956
0.26024956
0.26024956
0.26024956
0.26024956
0.26024956
0.26024956
0.26024956
0.26024956
0.26024956
0.26024956
0.26024956
0.26024956
0.26024956
0.26024956
0.26024956
0.26024956
0.26024956
0.26024956
0.26024956
0.26024956
0.26024956
0.26024956
0.26024956
0.26024956
0.26024956
0.26024956
0.26024956
0.26024956
0.26024956
0.26024956
0.26024956
0.26024956
0.26024956
0.26024956
0.26024956
0.26024956
0.26024956
0.26024956
0.26024956
0.26024956
0.26024956
0.26024956
0.26024956
0.26024956
0.26024956
0.26024956
0.26024956
0.26024956
0.26024956
0.26024956
0.26024956
0.26024956
0.26024956
0.26024956
0.26024956
0.26024956
0.26024956
0.26024956
0.26024956
0.26024956
0.26024956
0.26024956
0.26024956
0.26024956
0.26024956
0.26024956
0.26024956
0.26024956
0.26024956
0.26024956
0.26024956
0.26024956
0.26024956
0.26024956
0.26024956
0.26024956
0.26024956
0.26024956
0.26024956
0.26024956
0.26024956
0.26024956
0.26024956
0.26024956
0.26024956
0.26024956
0.26024956
0.26024956
0.26024956
0.26024956
0.26024956
0.26024956
0.26024956
0.26024956
0.26024956
0.26024956
0.26024956
0.26024956
0.26024956
0.26024956
0.26024956
0.26024956
0.26024956
0.26024956
0.26024956
0.26024956
0.26024956
0.26024956
0.26024956
0.26024956
0.26024956
0.26024956
0.26024956
0.26024956
0.26024956
0.26024956
0.26024956
0.26024956
0.26024956
0.26024956
0.26024956
0.26024956
0.26024956
0.26024956
0.26024956
0.26024956
0.26024956
0.26024956
0.26024956
0.26024956
0.26024956
0.26024956
0.26024956
0.26024956
0.26024956
0.26024956
0.26024956
0.26024956
0.26024956
0.26024956
0.26024956
0.26024956
0.26024956
0.26024956
0.26024956
0.26024956
0.26024956
0.26024956
0.26024956
0.26024956
0.26024956
0.26024956
0.26024956
0.26024956
0.26024956
0.26024956
0.26024956
0.26024956
0.26024956
0.26024956
0.26024956
0.26024956
0.26024956
0.26024956
0.26024956
0.26024956
0.26024956
0.26024956
0.26024956
0.26024956
0.26024956
0.26024956
0.26024956
0.26024956
0.26024956
0.26024956
0.26024956
0.26024956
0.26024956
0.26024956
0.26024956
0.26024956
0.26024956
0.26024956
0.26024956
0.26024956
0.26024956
0.26024956
0.26024956
0.26024956
0.26024956
0.26024956
0.26024956
0.26024956
0.26024956
0.26024956
0.26024956
0.26024956
0.26024956
0.26024956
0.26024956
0.26024956
0.26024956
0.26024956
0.26024956
0.26024956
0.26024956
0.26024956
0.26024956
0.26024956
0.26024956
0.26024956
0.26024956
0.26024956
0.26024956
0.26024956
0.26024956
0.26024956
0.26024956
0.26024956
0.26024956
0.26024956
0.26024956
0.26024956
0.26024956
0.26024956
0.26024956
0.26024956
0.26024956
0.26024956
0.26024956
0.26024956
0.26024956
0.26024956
0.26024956
0.26024956
0.26024956
0.26024956
0.26024956
0.26024956
0.26024956
0.26024956
0.26024956
0.26024956
0.26024956
0.26024956
0.26024956
0.26024956
0.26024956
0.26024956
0.26024956
0.26024956
0.26024956
0.26024956
0.26024956
0.26024956
0.26024956
0.26024956
0.26024956
0.26024956
0.26024956
0.26024956
0.26024956
0.26024956
0.26024956
0.26024956
0.26024956
0.26024956
0.26024956
0.26024956
0.26024956
0.26024956
0.26024956
0.26024956
0.26024956
0.26024956
0.26024956
0.26024956
0.26024956
0.26024956
0.26024956
0.26024956
0.26024956
0.26024956
0.26024956
0.26024956
0.26024956
0.26024956
0.26024956
0.26024956
0.26024956
0.26024956
0.26024956
0.26024956
0.26024956
0.26024956
0.26024956
0.26024956
0.26024956
0.26024956
0.26024956
0.26024956
0.26024956
0.26024956
0.26024956
0.26024956
0.26024956
0.26024956
0.26024956
0.26024956
0.26024956
0.26024956
0.26024956
0.26024956
0.26024956
0.26024956
0.26024956
0.26024956
0.26024956
0.26024956
0.26024956
0.26024956
0.26024956
0.26024956
0.26024956
0.26024956
0.26024956
0.26024956
0.26024956
0.26024956
0.26024956
0.26024956
0.26024956
0.26024956
0.26024956
0.26024956
0.26024956
0.26024956
0.26024956
0.26024956
0.26024956
0.26024956
0.26024956
0.26024956
0.26024956
0.26024956
0.26024956
0.26024956
0.26024956
0.26024956
0.26024956
0.26024956
0.26024956
0.26024956
0.26024956
0.26024956
0.26024956
0.26024956
0.26024956
0.26024956
0.26024956
0.26024956
0.26024956
0.26024956
0.26024956
0.26024956
0.26024956
0.26024956
0.26024956
0.26024956
0.26024956
0.26024956
0.26024956
0.26024956
0.26024956
0.26024956
0.26024956
0.26024956
0.26024956
0.26024956
0.26024956
0.26024956
0.26024956
0.26024956
0.26024956
0.26024956
0.26024956
0.26024956
0.26024956
0.26024956
0.26024956
0.26024956
0.26024956
0.26024956
0.26024956
0.26024956
0.26024956
0.26024956
0.26024956
0.26024956
0.26024956
0.26024956
0.26024956
0.26024956
0.26024956
0.26024956
0.26024956
0.26024956
0.26024956
0.26024956
0.26024956
0.26024956
0.26024956
0.26024956
0.26024956
0.26024956
0.26024956
0.26024956
0.26024956
0.26024956
0.26024956
0.26024956
0.26024956
0.26024956
0.26024956
0.26024956
0.26024956
0.26024956
0.26024956
0.26024956
0.26024956
0.26024956
0.26024956
0.26024956
0.26024956
0.26024956
0.26024956
0.26024956
0.26024956
0.26024956
0.26024956
0.26024956
0.26024956
0.26024956
0.26024956
0.26024956
0.26024956
0.26024956
0.26024956
0.26024956
0.26024956
0.26024956
0.26024956
0.26024956
0.26024956
0.26024956
0.26024956
0.26024956
0.26024956
0.26024956
0.26024956
0.26024956
0.26024956
0.26024956
0.26024956
0.26024956
0.26024956
0.26024956
0.26024956
0.26024956
0.26024956
0.26024956
0.26024956
0.26024956
0.26024956
0.26024956
0.26024956
0.26024956
0.26024956
0.26024956
0.26024956
0.26024956
0.26024956
0.26024956
0.26024956
0.26024956
0.26024956
0.26024956
0.26024956
0.26024956
0.26024956
0.26024956
0.26024956
0.26024956
0.26024956
0.26024956
0.26024956
0.26024956
0.26024956
0.26024956
0.26024956
0.26024956
0.26024956
0.26024956
0.26024956
0.26024956
0.26024956
0.26024956
0.26024956
0.26024956
0.26024956
0.26024956
0.26024956
0.26024956
0.26024956
0.26024956
0.26024956
0.26024956
0.26024956
0.26024956
0.26024956
0.26024956
0.26024956
0.26024956
0.26024956
0.26024956
0.26024956
0.26024956
0.26024956
0.26024956
0.26024956
0.26024956
0.26024956
0.26024956
0.26024956
0.26024956
0.26024956
0.26024956
0.26024956
0.26024956
0.26024956
0.26024956
0.26024956
0.26024956
0.26024956
0.26024956
0.26024956
0.26024956
0.26024956
0.26024956
0.26024956
0.26024956
0.26024956
0.26024956
0.26024956
0.26024956
0.26024956
0.26024956
0.26024956
0.26024956
0.26024956
0.26024956
0.26024956
0.26024956
0.26024956
0.26024956
0.26024956
0.26024956
0.26024956
0.26024956
0.26024956
0.26024956
0.26024956
0.26024956
0.26024956
0.26024956
0.26024956
0.26024956
0.26024956
0.26024956
0.26024956
0.26024956
0.26024956
0.26024956
0.26024956
0.26024956
0.26024956
0.26024956
0.26024956
0.26024956
0.26024956
0.26024956
0.26024956
0.26024956
0.26024956
0.26024956
0.26024956
0.26024956
0.26024956
0.26024956
0.26024956
0.26024956
0.26024956
0.26024956
0.26024956
0.26024956
0.26024956
0.26024956
0.26024956
0.26024956
0.26024956
0.26024956
0.26024956
0.26024956
0.26024956
0.26024956
0.26024956
0.26024956
0.26024956
0.26024956
0.26024956
0.26024956
0.26024956
0.26024956
0.26024956
0.26024956
0.26024956
0.26024956
0.26024956
0.26024956
0.26024956
0.26024956
0.26024956
0.26024956
0.26024956
0.26024956
0.26024956
0.26024956
0.26024956
0.26024956
0.26024956
0.26024956
0.26024956
0.26024956
0.26024956
0.26024956
0.26024956
0.26024956
0.26024956
0.26024956
0.26024956
0.26024956
0.26024956
0.26024956
0.26024956
0.26024956
0.26024956
0.26024956
0.26024956
0.26024956
0.26024956
0.26024956
0.26024956
0.26024956
0.26024956
0.26024956
0.26024956
0.26024956
0.26024956
0.26024956
0.26024956
0.26024956
0.26024956
0.26024956
0.26024956
0.26024956
0.26024956
0.26024956
0.26024956
0.26024956
0.26024956
0.26024956
0.26024956
0.26024956
0.26024956
0.26024956
0.26024956
0.26024956
0.26024956
0.26024956
0.26024956
0.26024956
0.26024956
0.26024956
0.26024956
0.26024956
0.26024956
0.26024956
0.26024956
0.26024956
0.26024956
0.26024956
0.26024956
0.26024956
0.26024956
0.26024956
0.26024956
0.26024956
0.26024956
0.26024956
0.26024956
0.26024956
0.26024956
0.26024956
0.26024956
0.26024956
0.26024956
0.26024956
0.26024956
0.26024956
0.26024956
0.26024956
0.26024956
0.26024956
0.26024956
0.26024956
0.26024956
0.26024956
0.26024956
0.26024956
0.26024956
0.26024956
0.26024956
0.26024956
0.26024956
0.26024956
0.26024956
0.26024956
0.26024956
0.26024956
0.26024956
0.26024956
0.26024956
0.26024956
0.26024956
0.26024956
0.26024956
0.26024956
0.26024956
0.26024956
0.26024956
0.26024956
0.26024956
0.26024956
0.26024956
0.26024956
0.26024956
0.26024956
0.26024956
0.26024956
0.26024956
0.26024956
0.26024956
0.26024956
0.26024956
0.26024956
0.26024956
0.26024956
0.26024956
0.26024956
0.26024956
0.26024956
0.26024956
0.26024956
0.26024956
0.26024956
0.26024956
0.26024956
0.26024956
0.26024956
0.26024956
0.26024956
0.26024956
0.26024956
0.26024956
0.26024956
0.26024956
0.26024956
0.26024956
0.26024956
0.26024956
0.26024956
0.26024956
0.26024956
0.26024956
0.26024956
0.26024956
0.26024956
0.26024956
0.26024956
0.26024956
0.26024956
0.26024956
0.26024956
0.26024956
0.26024956
0.26024956
0.26024956
0.26024956
0.26024956
0.26024956
0.26024956
0.26024956
0.26024956
0.26024956
0.26024956
0.26024956
0.26024956
0.26024956
0.26024956
0.26024956
0.26024956
0.26024956
0.26024956
0.26024956
0.26024956
0.26024956
0.26024956
0.26024956
0.26024956
0.26024956
0.26024956
0.26024956
0.26024956
0.26024956
0.26024956
0.26024956
0.26024956
0.26024956
0.26024956
0.26024956
0.26024956
0.26024956
0.26024956
0.26024956
0.26024956
0.26024956
0.26024956
0.26024956
0.26024956
