0.2905526
0.2905526
0.2905526
0.2905526
0.2905526
0.2905526
0.2905526
0.29740846
0.32894558
0.32716304
0.3283971
0.35897437
0.33182505
0.35211846
0.33497876
0.34402853
0.3754285
0.35472372
0.36651585
0.35033593
0.3717263
0.37446865
0.39503634
0.4378171
0.4047717
0.40929657
0.43973672
0.45742494
0.42533937
0.23351158
0.4581105
0.4502948
0.48992184
0.4519402
0.4076512
0.4110791
0.44988346
0.50939256
0.48772797
0.43822843
0.40449747
0.45440835
0.54408336
0.49444672
0.32017002
0.45619085
0.42369395
0.5172083
0.49376115
0.5583436
0.52927464
0.56232005
0.47607294
0.4811463
0.52132183
0.565748
0.44055945
0.45536816
0.43233237
0.60002744
0.56835324
0.47223365
0.57726586
0.57328945
0.50377077
0.42986426
0.5132319
0.5188537
0.55258465
0.48087206
0.5091183
0.5081585
0.59454274
0.56835324
0.5368161
0.5598519
0.4594817
0.5196764
0.4626354
0.51981354
0.47058824
0.58919513
0.49910873
0.4393254
0.6214178
0.56081176
0.45056903
0.21568628
0.5904292
0.6369121
0.542438
0.5823392
0.4678459
0.59961605
0.6415741
0.4688057
0.565748
0.5236528
0.50459343
0.48210612
0.61181957
0.63773483
0.47840396
0.6226519
0.64815575
0.5875497
0.5695873
0.54106677
0.64870423
0.627451
0.5428493
0.5671192
0.57328945
0.57466066
0.63334703
0.53709036
0.48759085
0.59755933
0.59152615
0.56341696
0.65556014
0.6628274
0.50747293
0.4826546
0.69354177
0.5532703
0.53366244
0.643768
0.6304676
0.5512135
0.6285479
0.46044153
0.6221034
0.6397916
0.6207322
0.5365419
0.66886055
0.6061977
0.6831208
0.53901
0.55299604
0.54326063
0.5813794
0.50239956
0.7154806
0.5989305
0.58467025
0.69971204
0.6245715
0.57342654
0.64404225
0.58467025
0.5864528
0.5248869
0.7062937
0.70958453
0.674071
0.6795557
0.6260798
0.63869464
0.64705884
0.56794184
0.61332786
0.62196624
0.6759907
0.33059096
0.31783903
0.63334703
0.7131496
0.5141917
0.5944056
0.56739336
0.58069384
0.5854929
0.6182641
0.5157
0.6899767
0.50459343
0.5588921
0.6155217
0.5206362
0.6463732
0.52776635
0.6839435
0.67818457
0.63732344
0.50706154
0.6864116
0.40436035
0.43205813
0.3909228
0.58631563
0.57781434
0.6493898
0.56341696
0.6162073
0.46441793
0.62868506
0.6061977
0.6861374
0.29905388
0.7401618
0.47483888
0.54751134
0.59797066
0.6363636
0.42108873
0.6611819
0.5573838
0.45070615
0.55848074
0.38804334
0.52680653
0.52927464
0.470314
0.5492938
0.25119978
0.48361441
0.5458659
0.64651036
0.5894694
0.42753324
0.6042781
0.59317154
0.6380091
0.415604
0.5117236
0.48224324
0.5628685
0.35019884
0.6544632
0.6033183
0.6478815
0.577403
0.7082133
0.6092143
0.54147816
0.68476623
0.568079
0.54751134
0.5144659
0.6229261
0.6020842
0.63718635
0.7110928
0.61085975
0.58014536
0.5642397
0.6360894
0.60112435
0.6042781
0.34567395
0.5140546
0.67269987
0.5982449
0.59563965
0.5034965
0.5976964
0.66502124
0.5056904
0.6794186
0.70944744
0.60002744
0.64843
0.6598108
0.65597147
0.57424927
0.26024956
0.46661183
0.5551899
0.51981354
0.47662142
0.7058824
0.5605375
0.6393802
0.6901138
0.23735088
0.5305087
0.5542301
0.48539695
0.73385435
0.36816126
0.5096668
0.6229261
0.61949813
0.62978196
0.667078
0.5028109
0.52310437
0.6023584
0.57164407
0.58878374
0.55697244
0.6145619
0.6281366
0.6127794
0.6225147
0.5566982
0.586727
0.6177156
0.4755245
0.45673934
0.6207322
0.41272452
0.5590292
0.5204991
0.57644314
0.5963252
0.6279994
0.611134
0.5865899
0.57918555
0.68874264
0.6236117
0.46085286
0.584396
0.62717676
0.63225013
0.63170165
0.2605238
0.52762926
0.56794184
0.6186755
0.62978196
0.50157684
0.3092006
0.59961605
0.59166324
0.61730427
0.46304676
0.5479227
0.49526945
0.66940904
0.6854518
0.5684903
0.73536265
0.6107226
0.7486631
0.76360893
0.39736733
0.6621418
0.38667214
0.48210612
0.6824352
0.6200466
0.550665
0.3625394
0.44810092
0.6459619
0.5795969
0.63732344
0.6236117
0.52173316
0.5058275
0.51679695
0.6869601
0.51926506
0.6439051
0.5868641
0.7024544
0.25147402
0.74509805
0.67091733
0.6806527
0.717126
0.6824352
0.56492525
0.62196624
0.6587138
0.59605104
0.65048677
0.55710953
0.48525983
0.6196353
0.6905252
0.5737008
0.4718223
0.7097216
0.58631563
0.5333882
0.58809817
0.57616895
0.6259427
0.5706842
0.5173454
0.57534623
0.67736185
0.52625805
0.74139583
0.6020842
0.5433978
0.6459619
0.59097767
0.6190868
0.65885097
0.41546687
0.5173454
0.45303717
0.54943097
0.53846157
0.69710684
0.5754833
0.6160702
0.49293843
0.6045523
0.71986836
0.6606335
0.3090635
0.5737008
0.7003977
0.5992047
0.7127382
0.5438091
0.51144934
0.6020842
0.6044152
0.59303445
0.6792815
0.6592623
0.7221994
0.35870013
0.6556972
0.62347454
0.3892774
0.51007813
0.5628685
0.55710953
0.6397916
0.7291924
0.5595777
0.5897436
0.64417934
0.6886055
0.52721786
0.57095844
0.6448649
0.76059234
0.7516797
0.6759907
0.65268064
0.6780474
0.47483888
0.65898806
0.47154805
0.53517073
0.73124915
0.5789113
0.6626902
0.5412039
0.5839846
0.39914986
0.5582065
0.30261895
0.50637597
0.65816534
0.6419855
0.634444
0.4965035
0.6666667
0.57178116
0.64500207
0.60002744
0.6890169
0.5270808
0.59563965
0.5119978
0.653092
0.56643355
0.43754286
0.5631427
0.2905526
0.5265323
0.39914986
0.6503497
0.6792815
0.6066091
0.66940904
0.52310437
0.57178116
0.5760318
0.49554366
0.7533251
0.6850405
0.62882215
0.55793226
0.6130536
0.5656109
0.67681336
0.61332786
0.51227206
0.6979295
0.71301246
0.61044836
0.5380502
0.45632797
0.6613191
0.7354998
0.42273414
0.62128067
0.56190866
0.43219525
0.6225147
0.6207322
0.59797066
0.43685725
0.6033183
0.62086934
0.57082134
0.6259427
0.60935146
0.582065
0.5018511
0.29548883
0.6120938
0.41738653
0.6482929
0.62717676
0.50541615
0.5701358
0.60400385
0.2413273
0.73508847
0.6983409
0.66652954
0.47525024
0.52625805
0.56986153
0.71644044
0.6151104
0.67338544
0.558755
0.5022625
0.5588921
0.5096668
0.45207733
0.31331414
0.6115453
0.53174275
0.66982037
0.6101741
0.36898395
0.57383794
0.6419855
0.48073494
0.6562457
0.69463867
0.66145617
0.6838064
0.4079254
0.61648154
0.6587138
0.7582613
0.61181957
0.64568764
0.42204854
0.57616895
0.54751134
0.6354038
0.61881256
0.27341285
0.61949813
0.6385575
0.618127
0.5066502
0.46935418
0.69902647
0.7071164
0.61401343
0.51186067
0.66049635
0.6289593
0.65418893
0.50788426
0.60647196
0.7071164
0.5299602
0.753188
0.34882763
0.6190868
0.46359524
0.7339915
0.717126
0.43356642
0.49540657
0.7656657
0.4888249
0.6869601
0.43438914
0.64020294
0.6382833
0.59659946
0.6199095
0.6964212
0.5874126
0.6137392
0.610037
0.50788426
0.7123269
0.5228301
0.6412999
0.65048677
0.70889896
0.5534074
0.7732072
0.705471
0.6613191
0.5368161
0.59605104
0.51186067
0.5170712
0.41272452
0.6330728
0.6042781
0.6126423
0.73385435
0.64705884
0.4064171
0.50253665
0.7043741
0.38900316
0.59755933
0.38434115
0.61401343
0.29247224
0.591389
0.5281777
0.41916907
0.5889209
0.66049635
0.6412999
0.5488825
0.60400385
0.31482244
0.5188537
0.551762
0.7330317
