0.29562595
0.40518305
0.45536816
0.4642808
0.46921706
0.5492938
0.65213215
0.6463732
0.693816
0.6993007
0.73508847
0.7449609
0.7549705
0.74962294
0.7385164
0.7409845
0.75908405
0.7449609
0.7271356
0.6404772
0.7583985
0.7627862
0.6960099
0.7402989
0.6289593
0.7716989
0.77087617
0.31975868
0.698478
0.41807213
0.7693679
0.74221855
0.73810506
0.74674344
0.75113124
0.7315234
0.76059234
0.43822843
0.7562046
0.7732072
0.7863705
0.67036885
0.74208146
0.7666255
0.76552856
0.6611819
0.7300151
0.7527766
0.7747155
0.7819827
0.7583985
0.7627862
0.73275745
0.7795146
0.75058275
0.76648843
0.76045525
0.7929521
0.65048677
0.7211024
0.7623749
0.7110928
0.7730701
0.7468806
0.7910325
0.77375567
0.7849993
0.7017688
0.69505006
0.7638832
0.7553819
0.7457836
0.7815714
0.7711504
0.76854515
0.7733443
0.7610037
0.7747155
0.24736048
