0.2905526
0.29548883
0.30426437
0.32963115
0.3662416
0.36692718
0.40065816
0.42780748
0.4363088
0.44686687
0.4641437
0.45290005
0.45125464
0.44837517
0.4795009
0.46894282
0.4672974
0.46757165
0.4663376
0.47675854
0.47662142
0.4719594
0.4943096
0.48594543
0.49664062
0.49458385
0.49321267
0.5176196
0.48978472
0.5173454
0.5140546
0.5210476
0.5221445
0.5173454
0.532017
0.5392842
0.53407377
0.5380502
0.53626764
0.5392842
0.5407925
0.55491567
0.532017
0.54545456
0.5627314
0.5479227
0.5562869
0.5527218
0.5521733
0.5565611
0.56382835
0.5580694
0.5550528
0.57918555
0.58480734
0.5701358
0.5690388
0.56533664
0.5819279
0.573975
0.5878239
0.58576715
0.58275056
0.5782257
0.58809817
0.5835733
0.58316195
0.5868641
0.6020842
0.6020842
0.59358287
0.60181
0.60647196
0.6131907
0.6115453
0.61648154
0.60633487
0.6199095
0.6289593
0.6225147
0.6229261
0.6270396
0.63019335
0.62731385
0.61730427
0.62868506
0.62882215
0.6177156
0.63019335
0.6323872
0.6295077
0.6337584
0.63773483
0.634444
0.6382833
0.6142877
0.6359523
0.6529549
0.636775
0.63732344
0.64404225
0.6422597
0.6544632
0.65254354
0.64843
0.6434938
0.6463732
0.6552859
0.66543263
0.6691348
0.65514874
0.6547374
0.6702317
0.65816534
0.66241604
0.6561086
0.66940904
0.65350336
0.6489785
0.660085
0.65706843
0.66049635
0.66392434
0.66351295
0.6666667
0.67050594
0.67489374
0.66940904
0.6755793
0.6747566
0.66940904
0.6761278
0.6443165
0.6770876
0.681064
0.6746195
0.67489374
0.6755793
0.6776361
0.6780474
0.6761278
0.6779103
0.6766763
0.67873305
0.6814754
0.68037844
0.68284655
0.67722476
0.67818457
0.681064
0.6820239
0.6835322
0.6849033
0.6876457
0.68174964
0.68133825
0.6855889
0.68024135
0.6722885
0.6765391
0.6875086
0.68819416
0.6785959
0.6862745
0.68668586
0.6862745
0.6864116
0.6850405
0.68586314
0.6853147
0.6861374
0.6890169
0.69806665
0.6840806
0.6886055
0.6928562
0.6890169
0.68956536
0.6923077
0.69107366
0.6928562
0.690388
0.69066226
0.6945016
0.69614697
0.6901138
0.6932675
0.6916221
0.6977924
0.6901138
0.6939531
0.6994378
0.6953243
0.6918963
0.7062937
0.698478
0.69422734
0.70218015
0.70122033
0.6977924
0.7013575
0.7038256
0.70643085
0.70519674
0.7068422
0.70314
0.7046483
0.70958453
0.7072535
0.7061566
0.7069793
0.70341426
0.7071164
0.7083505
0.71205264
0.7091732
0.7071164
0.7086247
0.70259154
0.7069793
0.71287537
0.71836007
0.71986836
0.718223
0.71191555
0.7110928
0.710133
0.7086247
0.7195941
0.7152064
0.7110928
0.70807624
0.71945703
0.7195941
0.72891814
0.7154806
0.71506923
0.70958453
0.72494173
0.71040726
0.7193199
0.71506923
0.7138352
0.71740025
0.7211024
0.71904564
0.72494173
0.7195941
0.7163033
