0.31235433
0.32510626
0.37213767
0.3677499
0.39887562
0.40216646
0.3957219
0.4055944
0.41121623
0.4076512
0.40573153
0.4217743
0.39805293
0.396956
0.41053066
0.41587824
0.40298918
0.4064171
0.415604
0.40902236
0.41368437
0.4125874
0.41423282
0.41889483
0.420266
0.42191142
0.42314547
0.43205813
0.43699437
0.44234198
0.45235157
0.453997
0.47113672
0.48142055
0.4781297
0.4965035
0.50143975
0.50143975
0.51528865
0.5126834
0.5136432
0.51007813
0.5119978
0.51981354
0.5188537
0.52324146
0.53023446
0.53064585
0.5368161
0.5395585
0.5409297
0.5369533
0.5383244
0.5405183
0.5407925
0.54696286
0.54600304
