0.28122857
0.29644865
0.3146853
0.3447141
0.3625394
0.40819964
0.41286165
0.42739612
0.45303717
0.4764843
0.50994104
0.54696286
0.54696286
0.5784999
0.5897436
0.60414094
0.6236117
0.64321953
0.6474702
0.66447276
0.6776361
0.68805707
0.70300287
0.724119
0.73371726
0.7416701
0.74976003
0.7626491
0.7762238
0.78294253
0.7933635
0.80008227
0.806801
0.8098176
0.82586044
0.83134514
0.8365556
0.84423417
0.849856
0.8483477
0.856849
0.85753465
0.8634307
0.86384207
0.87933636
0.8864665
0.8886604
0.8953791
0.9019608
0.9133416
0.92335117
0.926642
0.9292472
0.9345948
0.9370629
0.9415878
0.94871795
0.94583845
0.9528315
0.95667076
0.96119565
