0.3100233
0.3170163
0.3185246
0.30824077
0.32757437
0.34430274
0.3368984
0.36130536
0.33319622
0.35431236
0.36912107
0.3647333
0.35993418
0.36569312
0.36281365
0.38735774
0.36747566
0.3947621
0.42054024
0.41958043
0.43534896
0.46551487
0.46277252
0.47045112
0.474976
0.48059782
0.49609214
0.4888249
0.49842316
0.48375154
0.50856984
0.5159742
0.5221445
0.51981354
0.5281777
0.5324284
0.5368161
0.53996986
0.54997945
0.5558755
0.56931305
0.58028245
0.5765803
0.59454274
0.58768684
0.6081174
0.5944056
0.608803
0.63019335
0.6004388
0.63567805
0.643768
0.646099
0.6529549
0.6513095
0.64568764
0.65418893
0.6499383
0.65789115
0.664747
0.66584396
0.6598108
0.6683121
0.6754422
0.66790074
0.6770876
0.6928562
0.67530507
0.6806527
0.6928562
0.6790073
0.691485
0.69505006
0.6899767
0.68723434
0.7086247
0.70519674
0.69655836
0.6923077
0.70643085
0.710133
0.707802
0.705471
0.7136981
0.7186343
0.71040726
0.71589196
0.71493214
0.7261758
0.72987795
0.7335802
0.7330317
0.73124915
0.7339915
0.73728234
0.7393391
0.7463321
0.74221855
0.7464692
0.74564654
0.753188
0.74619496
0.74962294
0.7501714
0.7494858
0.7534622
0.7529138
0.753188
0.77046484
0.76539147
0.75373644
0.7583985
0.7623749
0.7611408
0.7677225
0.7603181
0.77238446
0.7679967
0.7626491
0.7748526
0.7804744
0.7693679
0.7701906
0.7751268
0.7747155
0.7749897
0.769505
0.7815714
0.77581245
0.77087617
0.77828056
0.7832168
0.78623337
0.77882904
0.7902098
0.78966135
0.7908954
0.79267794
0.7832168
0.78623337
0.78431374
0.783491
0.79062116
0.79569453
0.79473466
0.7844508
0.7895242
0.79775125
0.7899355
0.7918552
0.7965172
0.7984369
0.79473466
0.79528314
0.79569453
0.7995338
0.7972028
0.7993967
0.7948718
0.7984369
0.7940491
0.79459757
0.80213904
0.8095434
0.8077609
0.79967093
0.80515563
0.7969286
0.807898
0.7948718
0.7988482
0.8128342
0.8132456
0.8035102
0.8087207
0.80447006
0.8026875
0.8081722
0.803236
0.81160015
0.8118744
0.80378443
0.80707526
0.7988482
0.8166735
0.80899495
0.81598794
0.80913204
0.8109146
0.8083093
0.8033731
0.79624295
0.8188674
0.8107775
0.8163993
0.8122858
0.81351984
0.8211984
0.80666393
0.81557655
0.81831896
0.8040587
0.8188674
0.81694776
0.81310844
0.8236665
0.8132456
0.8050185
0.8143425
0.8111888
0.81406826
0.8136569
0.81831896
0.819553
0.819553
0.8137941
0.81557655
0.82997394
0.8227067
0.81393117
0.8126971
0.81982726
0.8132456
0.80707526
0.8142054
0.8157137
0.82160974
0.81310844
0.8220211
0.824215
0.8272316
0.81461674
0.81831896
0.82051283
0.8073495
0.8188674
0.8136569
0.8162622
0.8207871
0.82147264
0.81859314
0.82133555
0.8203757
0.81831896
0.8233923
0.824215
0.8316194
0.8188674
0.8202386
0.82983685
0.8206499
0.8092692
0.8202386
0.8180447
0.82051283
0.82092416
0.81831896
0.8240779
0.8196901
0.8232552
0.819553
0.8158508
0.8191416
0.8111888
0.82778007
0.82736874
0.814891
0.83477306
0.81612504
0.81941587
0.82133555
0.82092416
0.82983685
0.82243246
0.81900454
0.8157137
0.8181818
0.81612504
0.8165364
0.82092416
0.8147539
0.8302482
0.83285344
0.82243246
0.8329905
0.82092416
0.82010144
0.8191416
0.82846564
0.82983685
0.8227067
0.8151652
0.8221582
0.821884
0.8250377
0.8165364
0.8240779
0.8246263
0.824215
0.82147264
0.8227067
0.831208
0.81681067
0.8107775
0.8192788
0.8177705
0.8247635
0.814891
0.8225696
0.81502813
0.8153024
0.8270945
0.83230495
0.8306595
0.81900454
0.8250377
0.82010144
0.81255996
0.8188674
0.8207871
0.81708485
0.819553
0.8211984
0.82160974
0.8272316
0.81831896
0.8118744
0.8225696
0.82997394
0.81543946
0.8210613
0.821884
0.81941587
0.82010144
0.8143425
0.8291512
0.82160974
0.83079666
0.80666393
0.8303853
0.8202386
0.819553
0.82586044
0.8261346
0.8325792
0.8233923
0.82599753
0.8179076
0.82435215
0.8303853
0.8179076
0.8355958
0.82394075
0.82682025
0.82928836
0.82051283
0.83230495
0.8157137
0.8143425
0.8221582
0.82311803
0.8334019
0.8247635
0.8303853
0.824215
0.82394075
0.8236665
0.82435215
0.81831896
0.81941587
0.82010144
0.82010144
0.8250377
0.81297135
0.83381325
0.831208
0.81845605
0.82778007
0.8262718
0.8318936
0.8202386
0.8336761
0.8191416
0.8296997
0.8210613
0.82599753
0.8166735
0.8255862
0.8232552
0.8202386
0.826546
0.8302482
0.8109146
0.814891
0.814891
0.8276429
0.82435215
0.8165364
0.83614427
0.8162622
0.8272316
0.8250377
0.83833814
0.8302482
0.82092416
0.83326477
0.82736874
0.8255862
0.8373783
0.8177705
0.8210613
0.82092416
0.8257233
0.8246263
0.819553
0.8187303
0.82736874
0.8301111
0.82051283
0.8257233
0.81543946
0.8266831
0.8340875
0.8379268
0.82695735
0.82531196
0.82983685
0.8266831
0.8290141
0.8227067
0.82887703
0.8302482
0.82682025
0.8290141
0.8306595
0.8266831
0.83682984
0.83093375
0.8247635
0.8310709
0.8262718
0.82736874
0.8272316
0.83093375
0.82448924
0.8173591
0.8262718
0.82531196
0.8162622
0.82380366
0.82682025
0.81900454
0.8286028
0.82791716
0.82846564
0.8257233
0.82928836
0.819553
0.8227067
0.8179076
0.8257233
0.82448924
0.8221582
0.8276429
0.82092416
0.82160974
0.8261346
0.8281914
0.8280543
0.82586044
0.83285344
0.82448924
0.82942545
0.8280543
0.83244205
0.82298094
0.8395722
0.834636
0.8320307
0.82778007
0.8296997
0.8280543
0.82243246
0.81900454
0.81763333
0.8281914
0.82133555
0.8246263
0.8236665
0.81749624
0.8122858
0.8342246
0.83381325
0.8188674
0.8334019
0.82147264
0.8187303
0.81845605
0.81406826
0.82778007
0.83244205
0.8291512
0.8360071
0.8251748
0.82599753
0.8266831
0.8295626
0.82695735
0.8220211
0.8320307
0.8147539
0.81982726
0.8210613
0.8246263
0.8351844
0.8270945
0.8316194
0.83134514
0.82243246
0.82942545
0.8318936
0.8303853
0.82147264
0.8188674
0.81763333
0.8235294
0.8317565
0.8188674
0.82599753
0.8301111
0.8334019
0.82928836
0.82298094
0.82243246
0.82531196
0.8401207
0.82983685
0.8357329
0.8207871
0.824215
0.83079666
0.82394075
0.8280543
0.81681067
0.8287399
0.8295626
0.834636
0.8287399
0.8158508
0.81859314
0.8320307
0.8272316
0.82243246
0.83381325
0.83079666
0.8342246
0.82394075
0.838201
0.8320307
0.82791716
0.82586044
0.82887703
0.8296997
0.83230495
0.83545864
0.8207871
0.8286028
0.81708485
0.8327163
0.82311803
0.8287399
0.81749624
0.82832855
0.81831896
0.81845605
0.82832855
0.8220211
0.8290141
0.83230495
0.8357329
0.8211984
0.83244205
0.8235294
0.82298094
0.8317565
0.8191416
0.82311803
0.82394075
0.8317565
0.82736874
0.8232552
0.8217469
0.8233923
0.81859314
0.834636
0.8305224
0.82490057
0.82928836
0.81900454
0.8266831
0.8257233
0.82435215
0.82229537
0.83929795
0.8287399
0.8280543
0.8221582
0.8203757
0.82736874
0.8272316
0.8236665
0.8302482
0.84368575
0.82640886
0.81393117
0.83148223
0.82133555
0.8295626
0.8275058
0.82695735
0.82778007
0.8235294
0.8143425
0.8261346
0.8291512
0.8247635
0.8225696
0.82394075
0.8203757
0.8275058
0.8310709
0.8310709
0.8217469
0.833539
0.8355958
0.833539
0.8329905
0.82640886
0.83381325
0.8280543
0.8342246
0.8276429
0.8327163
0.8227067
0.81900454
0.8266831
0.8329905
0.82983685
0.82599753
0.8221582
0.8295626
0.8291512
0.8250377
0.8233923
0.82846564
0.82736874
0.8270945
0.826546
0.82435215
0.83148223
0.831208
0.83079666
0.82887703
0.8262718
0.824215
0.82160974
0.82846564
0.8349102
0.8240779
0.81900454
0.821884
0.8357329
0.8301111
0.82051283
0.82448924
0.82778007
0.8227067
0.8187303
0.82640886
0.83916086
0.8276429
0.8240779
0.81941587
0.8247635
0.8317565
0.8272316
0.83395034
0.8275058
0.82092416
0.8291512
0.8257233
0.82229537
0.82586044
0.8250377
0.8373783
0.8217469
0.8357329
0.840532
0.834636
0.8321678
0.81982726
0.8280543
0.83477306
0.8276429
0.81941587
0.8286028
0.8306595
0.8303853
0.8255862
0.8286028
0.826546
0.82448924
0.8275058
0.82997394
0.82490057
0.82997394
0.81996435
0.8414918
0.8360071
0.82983685
0.81406826
0.8329905
0.8302482
0.82229537
0.8321678
0.82640886
0.8350473
0.82695735
0.82928836
0.82147264
0.8235294
0.83395034
0.8220211
0.8301111
0.8196901
0.8325792
0.834636
0.8301111
0.8266831
0.83545864
0.8427259
0.82490057
0.8287399
0.84025776
0.8409434
0.8388866
0.8397093
0.8301111
0.8302482
0.8291512
0.8399835
0.8327163
0.82490057
0.82544905
0.83682984
0.826546
0.8286028
0.8235294
0.8351844
0.84217745
0.8232552
0.8225696
0.8325792
0.83628136
0.8302482
0.8246263
0.8372412
0.814891
0.82682025
0.81941587
0.82832855
0.831208
0.83477306
0.8266831
0.8286028
0.8325792
0.8305224
0.8295626
0.8233923
0.826546
0.8247635
0.83628136
0.82586044
0.82778007
0.83477306
0.8196901
0.83395034
0.82298094
0.8329905
0.82832855
0.82435215
0.81681067
0.8301111
0.826546
0.82010144
0.8350473
0.8320307
0.83477306
0.83833814
0.8287399
0.8187303
0.8266831
0.8384752
0.83079666
0.82736874
0.8225696
0.82695735
0.8295626
0.82284385
0.82311803
0.82736874
0.8250377
0.821884
0.82284385
0.82846564
0.8360071
0.833539
0.834636
0.82997394
0.82682025
0.82284385
0.8394351
0.83244205
0.82133555
0.8286028
0.834636
0.8290141
0.83682984
0.84162897
0.8318936
0.82832855
0.8360071
0.84519404
0.8276429
0.8413547
0.83532155
0.84162897
0.8287399
0.83244205
0.8236665
0.8235294
0.8225696
0.82586044
0.83381325
0.842863
0.83395034
0.82695735
0.82942545
0.8344988
0.83778965
0.82640886
0.82243246
0.83134514
0.82736874
0.82983685
0.8351844
0.8262718
0.8251748
0.8384752
0.8257233
0.82229537
0.8280543
0.8350473
0.8262718
0.8286028
0.824215
0.82640886
0.83326477
0.82695735
0.82682025
0.8334019
0.82942545
0.82695735
0.81941587
0.8316194
0.8305224
0.82887703
0.84574246
0.82243246
0.82147264
0.834636
0.83874947
0.8305224
0.8320307
0.82490057
0.8329905
0.8342246
0.82394075
0.8327163
0.83587
0.8286028
0.8410805
0.8262718
0.8246263
0.8286028
0.8296997
0.83436173
0.8286028
0.8261346
0.82284385
0.8290141
0.8211984
0.8233923
0.8340875
0.8318936
0.8210613
0.83477306
0.8350473
0.8380639
0.8251748
0.821884
0.8296997
0.8210613
0.8202386
0.8373783
0.83874947
0.82380366
0.8266831
0.8397093
0.8220211
0.8305224
0.8196901
0.82887703
0.831208
0.8188674
0.8425888
0.84464556
0.8365556
0.8430001
0.82544905
0.8157137
0.8305224
0.8295626
0.8191416
0.8318936
0.838201
0.82736874
0.8329905
0.8233923
0.8306595
0.8286028
0.82531196
0.82435215
0.8414918
0.8286028
0.83614427
0.8272316
0.834636
0.83696693
0.8320307
0.8162622
0.82640886
0.83134514
0.8286028
0.8276429
0.82160974
0.82599753
0.831208
0.82394075
0.82778007
0.83079666
0.8203757
0.8320307
0.83230495
0.8303853
0.8305224
0.8290141
0.8414918
0.8286028
0.8336761
0.83436173
0.8318936
0.83395034
0.8275058
0.8306595
0.8317565
0.8261346
0.8334019
0.83696693
0.8355958
0.83244205
0.8316194
0.8329905
0.84066916
0.8247635
0.8280543
0.8275058
0.8255862
0.82092416
0.82778007
0.83244205
0.8317565
0.8386124
0.8318936
0.8250377
0.83696693
0.83134514
0.8372412
0.8360071
0.8403949
0.82983685
0.83765256
0.8342246
0.8233923
0.82791716
0.8202386
0.83079666
0.833539
0.82928836
0.8409434
0.8301111
0.82640886
0.82928836
0.82544905
0.8306595
0.83148223
0.8331277
0.82695735
0.831208
0.8388866
0.83326477
0.8227067
0.81996435
0.8401207
0.82682025
0.82640886
0.82846564
0.8317565
0.8290141
0.8177705
0.8303853
0.8236665
0.8317565
0.8266831
0.81845605
0.833539
0.83436173
0.8261346
0.8295626
0.83381325
0.8427259
0.8306595
0.8280543
0.8286028
0.8371041
0.8317565
0.8262718
0.8270945
0.8221582
0.8275058
0.82284385
0.8262718
0.8320307
0.82490057
0.838201
0.8301111
0.83230495
0.8409434
0.8221582
0.8310709
0.8360071
0.8295626
0.8334019
0.8275058
0.83230495
0.831208
0.8310709
0.8235294
0.8286028
0.8220211
0.82243246
0.83765256
0.8317565
0.8320307
0.82695735
0.82229537
0.83079666
0.8266831
0.8250377
0.831208
0.8327163
0.8401207
0.8320307
0.8295626
0.83628136
0.8351844
0.8261346
0.83285344
0.8344988
0.8373783
0.8255862
0.81941587
0.82147264
0.83532155
0.8329905
0.8306595
0.83532155
0.8246263
0.8331277
0.8187303
0.81502813
0.8257233
0.8266831
0.83244205
0.83134514
0.82778007
0.8296997
0.833539
0.824215
0.82736874
0.83230495
0.8395722
0.8262718
0.82010144
0.83532155
0.8232552
0.82380366
0.8386124
0.8250377
0.8301111
0.83395034
0.8334019
0.82682025
0.831208
0.82942545
0.82640886
0.8340875
0.82298094
0.8320307
0.8207871
0.81996435
0.82147264
0.8410805
0.8375154
0.8250377
0.8320307
0.826546
0.82778007
0.8316194
0.8325792
0.8179076
0.82942545
0.8318936
0.82586044
0.83244205
0.838201
0.83079666
0.83765256
0.8250377
0.8386124
0.8262718
0.8302482
0.84423417
0.83148223
0.8303853
0.833539
0.8366927
0.8351844
0.8240779
0.8357329
0.8207871
0.8306595
0.8240779
0.8206499
0.83984643
0.82778007
0.831208
0.82490057
0.81557655
0.82695735
0.83381325
0.8384752
0.8295626
0.8276429
0.82435215
0.83929795
0.8390237
0.83395034
0.8196901
0.82311803
0.8246263
0.82983685
0.8305224
0.8310709
0.83628136
0.82997394
0.8276429
0.83093375
0.8390237
0.82599753
0.83436173
0.83326477
0.8365556
0.8390237
0.8403949
0.82640886
0.83381325
0.83244205
0.83916086
0.83916086
0.82846564
0.8296997
0.8310709
0.8295626
0.83833814
0.8306595
0.84080625
0.8165364
0.8350473
0.8336761
0.8325792
0.82380366
0.8340875
0.8290141
0.8291512
0.8397093
0.8357329
0.8366927
0.8266831
0.82394075
0.82380366
0.8379268
0.8276429
0.8211984
0.8351844
0.826546
0.8246263
0.8364185
0.8340875
0.83587
0.8414918
0.82640886
0.8281914
0.83134514
0.834636
0.8336761
0.81900454
0.83477306
0.82092416
0.8340875
0.8355958
0.8221582
0.8403949
0.84080625
0.82284385
0.8261346
0.8414918
0.8220211
0.8412176
0.82640886
0.8390237
0.82997394
0.8281914
0.82682025
0.84327435
0.8225696
0.82832855
0.8320307
0.8321678
0.8357329
0.83436173
0.82599753
0.8403949
0.84162897
0.8336761
0.8290141
0.82928836
0.8371041
0.8251748
0.82544905
0.82544905
0.8158508
0.82243246
0.82791716
0.8317565
0.8302482
0.8257233
0.83477306
0.8272316
0.8246263
0.8379268
0.82682025
0.82928836
0.8327163
0.83381325
0.82832855
0.83093375
0.8291512
0.8458796
0.8286028
0.82778007
0.8310709
0.8317565
0.83230495
0.8349102
0.82887703
0.8188674
0.8357329
0.8250377
0.81982726
0.83148223
0.83436173
0.83093375
0.82599753
0.83134514
0.82599753
0.8397093
0.8331277
0.8318936
0.82695735
0.83587
0.8325792
0.8340875
0.83148223
0.8344988
0.82640886
0.8373783
0.82448924
0.8321678
0.8342246
0.84080625
0.83477306
0.81900454
0.8419032
0.83326477
0.82243246
0.83230495
0.833539
0.8390237
0.84066916
0.83614427
0.8419032
0.83230495
0.82983685
0.8410805
0.821884
0.8272316
0.83326477
0.83765256
0.82942545
0.8303853
0.8303853
0.8331277
0.8371041
0.817222
0.8255862
0.8236665
0.8360071
0.83148223
0.83079666
0.8399835
0.82544905
0.8257233
0.8246263
0.8257233
0.8295626
0.8235294
0.821884
0.82778007
0.8327163
0.83765256
0.82997394
0.8250377
0.83244205
0.82640886
0.8310709
0.82394075
0.8403949
0.8336761
0.83696693
0.8276429
0.8420403
0.82778007
0.8287399
0.8280543
0.8320307
0.83682984
0.8420403
0.8306595
0.84629095
0.83545864
0.8340875
0.83477306
0.83148223
0.8272316
0.83244205
0.8331277
0.83696693
0.8351844
0.831208
0.8306595
0.83532155
0.8366927
0.81598794
0.8255862
0.8397093
0.8372412
0.8380639
0.83587
0.8266831
0.83436173
0.8425888
0.8266831
0.83532155
0.8316194
0.8321678
0.8384752
0.8301111
0.82942545
0.8420403
0.8366927
0.8251748
0.8316194
0.83079666
0.8388866
0.8325792
0.83929795
0.84382284
0.8390237
0.83134514
0.82695735
0.8379268
0.8270945
0.82531196
0.83614427
0.82997394
0.8360071
0.83833814
0.8331277
0.8202386
0.8275058
0.8295626
0.83436173
0.8440971
0.82942545
0.82544905
0.8435486
0.82229537
0.83093375
0.8342246
0.83093375
0.833539
0.8336761
0.8317565
0.8280543
0.8251748
0.82490057
0.82544905
0.8364185
0.83984643
0.8225696
0.82997394
0.8344988
0.83984643
0.8276429
0.83628136
0.83395034
0.82435215
0.8301111
0.8366927
0.82778007
0.83093375
0.8247635
0.8366927
0.8344988
0.8403949
0.83244205
0.8340875
0.8355958
0.8430001
0.82942545
0.8318936
0.8355958
0.83244205
0.8384752
0.8286028
0.8373783
0.8445084
0.8334019
0.8371041
0.8366927
0.8192788
0.8157137
0.82435215
0.83134514
0.8232552
0.83587
0.8360071
0.8334019
0.842863
0.8390237
0.8394351
0.83436173
0.8334019
0.8306595
0.8364185
0.83093375
0.8443713
0.8270945
0.82846564
0.8203757
0.8275058
0.83778965
0.84176606
0.834636
0.8321678
0.82092416
0.8336761
0.83395034
0.8355958
0.8331277
0.8325792
0.8351844
0.8443713
0.8399835
0.8321678
0.8340875
0.83148223
0.83532155
0.8325792
0.82887703
0.8344988
0.83079666
0.8303853
0.83079666
0.8321678
0.83326477
0.8388866
0.8281914
0.8414918
0.8305224
0.8295626
0.8357329
0.8371041
0.8365556
0.8425888
0.83778965
0.8384752
0.834636
0.84574246
0.8317565
0.83532155
0.8479364
0.82832855
0.8342246
0.8320307
0.8440971
0.8320307
0.83230495
0.83244205
0.82010144
0.8371041
0.84519404
0.8344988
0.8188674
0.8295626
0.8386124
0.8394351
0.834636
0.8380639
0.8334019
0.8287399
0.826546
0.842863
0.83079666
0.8445084
0.8291512
0.83244205
0.8336761
0.8425888
0.8350473
0.8380639
0.8380639
0.842863
0.8177705
0.82736874
0.82640886
0.8225696
0.82942545
0.82160974
0.8262718
0.8445084
0.83079666
0.8373783
0.83984643
0.8372412
0.84066916
0.8251748
0.83833814
0.83326477
0.8225696
0.8281914
0.8296997
0.82640886
0.82586044
0.8350473
0.82243246
0.81859314
0.83587
0.83079666
0.8303853
0.83230495
0.8306595
0.8257233
0.8401207
0.8320307
0.8321678
0.8301111
0.8321678
0.83093375
0.833539
0.83696693
0.83587
0.8276429
0.82435215
0.8366927
0.8410805
0.82640886
0.82983685
0.8427259
0.82846564
0.8327163
0.831208
0.84080625
0.833539
0.8351844
0.83093375
0.83614427
0.83477306
0.83682984
0.82846564
0.8310709
0.8295626
0.8397093
0.82832855
0.83628136
0.83929795
0.8394351
0.83929795
0.8272316
0.8321678
0.83614427
0.83477306
0.8221582
0.8342246
0.83778965
0.83326477
0.83532155
0.83874947
0.82928836
0.8372412
0.8355958
0.82887703
0.838201
0.8295626
0.8310709
0.8305224
0.8434115
0.8412176
0.83532155
0.8375154
0.8371041
0.8366927
0.83765256
0.8301111
0.83532155
0.83436173
0.8305224
0.83587
0.8372412
0.8424517
0.8325792
0.8397093
0.83778965
0.8473879
0.82997394
0.83395034
0.84313726
0.8342246
0.83545864
0.8360071
0.8262718
0.82983685
0.833539
0.82942545
0.8327163
0.8262718
0.8317565
0.8380639
0.8401207
0.8397093
0.83916086
0.82832855
0.8365556
0.8235294
0.8334019
0.84382284
0.82682025
0.8364185
0.834636
0.82531196
0.8321678
0.83477306
0.8342246
0.8310709
0.83395034
0.83682984
0.83916086
0.83079666
0.8334019
0.8360071
0.83587
0.8344988
0.82791716
0.8342246
0.831208
0.8188674
0.8327163
0.82928836
0.8295626
0.83381325
0.8350473
0.8235294
0.82544905
0.8394351
0.8355958
0.8291512
0.83614427
0.82435215
0.8344988
0.8329905
0.8316194
0.831208
0.8295626
0.8379268
0.8357329
0.83381325
0.83477306
0.83587
0.84066916
0.8325792
0.8344988
0.8262718
0.83545864
0.82832855
0.8351844
0.83614427
0.8409434
0.8280543
0.83436173
0.821884
0.84080625
0.8272316
0.8305224
0.8287399
0.82983685
0.82832855
0.8296997
0.8373783
0.8257233
0.8302482
0.8360071
0.83545864
0.833539
0.8371041
0.8301111
0.8246263
0.82942545
0.83874947
0.8310709
0.83326477
0.8280543
0.8287399
0.83929795
0.8227067
0.8458796
0.82983685
0.82942545
0.83134514
0.83436173
0.8336761
0.83614427
0.8372412
0.83929795
0.83230495
0.83134514
0.82448924
0.8388866
0.8340875
0.83874947
0.8317565
0.8395722
0.8355958
0.838201
0.833539
0.84066916
0.83477306
0.8365556
0.8342246
0.8413547
0.8320307
0.8364185
0.82531196
0.8351844
0.8365556
0.8336761
0.8375154
0.82983685
0.8290141
0.8349102
0.8270945
0.8232552
0.8373783
0.8460167
0.8251748
0.83587
0.8310709
0.8303853
0.82448924
0.83244205
0.8410805
0.83874947
0.83436173
0.8373783
0.8388866
0.8424517
0.8321678
0.84162897
0.8321678
0.82448924
0.8365556
0.82997394
0.83628136
0.82846564
0.8276429
0.8372412
0.8371041
0.8413547
0.82928836
0.84327435
0.83244205
0.8394351
0.83696693
0.8295626
0.8384752
0.83628136
0.8414918
0.83682984
0.838201
0.8336761
0.8321678
0.84217745
0.842863
0.8379268
0.83614427
0.83916086
0.83545864
0.83134514
0.8250377
0.8295626
0.83230495
0.83230495
0.8336761
0.83477306
0.8321678
0.8372412
0.8240779
0.83682984
0.8291512
0.8334019
0.8434115
0.83285344
0.8399835
0.8281914
0.8386124
0.83134514
0.8303853
0.8365556
0.8397093
0.8410805
0.8275058
0.83381325
0.8430001
0.8334019
0.8371041
0.83628136
0.8295626
0.82887703
0.82791716
0.8380639
0.8365556
0.8306595
0.82997394
0.8342246
0.8217469
0.8310709
0.8380639
0.84080625
0.8395722
0.8321678
0.84464556
0.8321678
0.83984643
0.83148223
0.84519404
0.8419032
0.8375154
0.83628136
0.82736874
0.8371041
0.82394075
0.8344988
0.82832855
0.8334019
0.8329905
0.8372412
0.8349102
0.84080625
0.82942545
0.83477306
0.83696693
0.8386124
0.8287399
0.82599753
0.83436173
0.8327163
0.8419032
0.83148223
0.838201
0.8434115
0.8386124
0.8255862
0.83765256
0.833539
0.8375154
0.83778965
0.83916086
0.8350473
0.83587
0.8340875
0.8287399
0.8290141
0.83587
0.83833814
0.84368575
0.8318936
0.82490057
0.83381325
0.8351844
0.8327163
0.8379268
0.83587
0.82846564
0.83285344
0.8262718
0.84080625
0.8247635
0.8247635
0.8371041
0.8246263
0.82695735
0.8317565
0.8318936
0.8272316
0.8320307
0.8334019
0.8290141
0.83148223
0.83628136
0.8321678
0.8305224
0.82229537
0.83628136
0.8357329
0.83833814
0.8366927
0.8360071
0.83326477
0.8468394
0.8334019
0.84176606
0.8316194
0.8384752
0.8379268
0.83093375
0.8379268
0.8305224
0.8366927
0.8365556
0.8351844
0.83587
0.84176606
0.83682984
0.8303853
0.8379268
0.83929795
0.82682025
0.81694776
0.83696693
0.83148223
0.8217469
0.8351844
0.834636
0.83436173
0.8449198
0.8255862
0.83244205
0.831208
0.8351844
0.84025776
0.84176606
0.83285344
0.8435486
0.8395722
0.84025776
0.84162897
0.834636
0.83395034
0.8291512
0.8301111
0.8301111
0.8236665
0.8325792
0.8287399
0.8310709
0.8329905
0.83244205
0.84162897
0.8317565
0.83984643
0.82928836
0.83614427
0.8390237
0.83833814
0.83587
0.8266831
0.8327163
0.8349102
0.8290141
0.8344988
0.82448924
0.82997394
0.8296997
0.82983685
0.83778965
0.83984643
0.8360071
0.8233923
0.833539
0.833539
0.83778965
0.8331277
0.8247635
0.8236665
0.8296997
0.82435215
0.8366927
0.83984643
0.83696693
0.8318936
0.84464556
0.8355958
0.83436173
0.8291512
0.8342246
0.8403949
0.8401207
0.8351844
0.831208
0.82010144
0.8357329
0.83326477
0.82394075
0.8384752
0.83545864
0.8371041
0.8360071
0.83395034
0.8394351
0.8349102
0.8306595
0.8414918
0.8365556
0.8321678
0.8251748
0.8351844
0.83134514
0.8255862
0.83326477
0.8290141
0.82284385
0.83614427
0.8334019
0.8240779
0.8310709
0.8344988
0.8318936
0.83614427
0.8329905
0.8329905
0.8384752
0.8373783
0.8372412
0.83682984
0.8317565
0.8336761
0.83285344
0.8316194
0.83244205
0.83230495
0.8336761
0.8401207
0.8329905
0.826546
0.82736874
0.8355958
0.8295626
0.83244205
0.83587
0.8211984
0.8207871
0.8364185
0.8349102
0.82695735
0.8257233
0.8329905
0.8366927
0.8321678
0.8325792
0.8317565
0.83587
0.82736874
0.82394075
0.8250377
0.8365556
0.82832855
0.8350473
0.83778965
0.83244205
0.8336761
0.8365556
0.83079666
0.82887703
0.84313726
0.838201
0.83148223
0.831208
0.83778965
0.8287399
0.8257233
0.8321678
0.83545864
0.8364185
0.8342246
0.84162897
0.8388866
0.8310709
0.83244205
0.8336761
0.831208
0.8303853
0.83079666
0.8336761
0.84217745
0.83682984
0.8360071
0.834636
0.8409434
0.8327163
0.83079666
0.82983685
0.82311803
0.8316194
0.83381325
0.8262718
0.84025776
0.8372412
0.8355958
0.8414918
0.83874947
0.8340875
0.8303853
0.8302482
0.834636
0.83326477
0.8303853
0.82448924
0.8372412
0.83587
0.84711367
0.8295626
0.8412176
0.84066916
0.8373783
0.8305224
0.83682984
0.8425888
0.834636
0.84766215
0.8290141
0.82544905
0.831208
0.831208
0.8390237
0.82298094
0.8443713
0.8340875
0.8281914
0.8291512
0.84629095
0.83477306
0.83326477
0.8334019
0.83929795
0.83395034
0.8329905
0.83436173
0.8301111
0.8412176
0.8325792
0.83587
0.82640886
0.8386124
0.8349102
0.8357329
0.83093375
0.8350473
0.8295626
0.8331277
0.8340875
0.83134514
0.8349102
0.8458796
0.8262718
0.8351844
0.8380639
0.84217745
0.8251748
0.8372412
0.8397093
0.83628136
0.83285344
0.8334019
0.83545864
0.8305224
0.82736874
0.8366927
