0.28657618
0.3499246
0.30947483
0.34553683
0.37679967
0.37570274
0.39709312
0.42150006
0.46003017
0.45152888
0.45002058
0.47785547
0.4873166
0.4926642
0.5274921
0.51186067
0.5392842
0.56081176
0.57644314
0.61085975
0.62868506
0.6393802
0.6546003
0.6513095
0.6721514
0.6805156
0.67174
0.6854518
0.6846291
0.69107366
0.7003977
0.70903605
0.7082133
0.73028934
0.7402989
0.7457836
0.7486631
0.7656657
0.7688194
0.7766351
0.77828056
0.7817085
0.7849993
0.7919923
0.79679143
0.80309886
0.8026875
0.81543946
0.82010144
0.82695735
0.8257233
0.8412176
0.8351844
0.84519404
0.85698617
0.8597285
0.8593171
0.873166
0.874263
0.8752228
0.8800219
0.8820787
0.89085424
0.8871521
0.89277387
0.9012752
0.9044289
0.9044289
0.906897
0.90758264
0.9074455
0.9151241
0.9123817
0.91306734
0.91937476
0.92389965
0.9300699
0.92897296
0.93034416
0.9321267
0.9337721
0.93980527
0.9351433
0.9415878
0.94775814
0.9483066
0.9509118
0.9507747
0.9500891
0.95269436
0.95269436
0.9513232
0.94967777
0.95475113
0.9550254
0.95804197
0.9565337
0.95872754
0.959276
0.9620184
