0.2905526
0.2905526
0.2905526
0.2905526
0.2905526
0.2905526
0.2905526
0.2905526
0.2905526
0.2905526
0.2905526
0.2905526
0.2905526
0.2905526
0.2905526
0.2905526
0.2905526
0.2905526
0.2905526
0.2905526
0.2905526
0.2905526
0.2905526
0.2905526
0.2905526
0.2905526
0.2905526
0.2905526
0.2905526
0.2905526
0.2905526
0.2905526
0.2905526
0.2905526
0.2905526
0.2905526
0.2905526
0.2905526
0.2905526
0.2905526
0.2905526
0.2905526
0.2905526
0.2905526
0.2905526
0.2905526
0.2905526
0.2905526
0.2905526
0.2905526
0.2905526
0.2905526
0.2905526
0.2905526
0.2905526
0.2905526
0.2905526
0.2905526
0.2905526
0.2905526
0.2905526
0.2905526
0.2905526
0.2905526
0.2905526
0.2905526
0.2905526
0.2905526
0.2905526
0.2905526
0.2905526
0.2905526
0.2905526
0.2905526
0.2905526
0.2905526
0.2905526
0.2905526
0.2905526
0.29891676
0.30563554
0.32510626
0.3200329
0.32181543
0.3308652
0.33196217
0.34402853
0.34430274
0.34896475
0.35335252
0.35417524
0.35499793
0.35746607
0.36295077
0.36144248
0.35993418
0.35993418
0.36418483
0.36363637
0.36349925
0.3647333
0.36500755
0.36363637
0.3662416
0.36583024
0.36692718
0.36541888
0.36514467
0.36802414
0.3652818
0.36610448
0.3677499
0.36843547
0.37145206
0.37446865
0.37995338
0.38420403
0.3846154
0.39256823
0.3957219
0.39613327
0.39517346
0.39901274
0.40216646
0.40298918
0.4040861
0.40669134
0.4101193
0.41217607
0.41217607
0.41752365
0.41203895
0.40984505
0.4117647
0.40915948
0.4101193
0.40984505
0.40998217
0.41231316
0.4017551
0.41299877
0.41341013
0.41217607
0.41395858
0.41382146
0.4055944
0.41066778
0.41203895
0.40436035
0.40888524
0.40737695
0.41423282
0.41039354
0.41697517
0.42040312
0.41738653
0.43150967
0.4279446
0.42588782
0.42959002
0.4294529
0.42986426
0.43000138
0.43137255
0.43205813
0.42931578
0.42972714
0.42986426
0.43027562
0.4301385
0.42986426
0.4256136
0.4264363
0.42684767
0.42671055
0.4289044
0.43548608
0.43438914
0.43795422
0.43685725
0.43576032
0.43589744
0.43699437
0.43699437
0.43754286
0.436583
0.43754286
0.43740574
0.436583
0.43836555
0.43836555
0.43767998
0.43740574
0.4372686
0.43699437
0.43603456
0.43644592
0.43617168
0.436583
0.436583
0.43644592
0.43603456
0.4378171
0.43699437
0.43617168
0.43685725
0.43822843
0.43740574
0.43740574
0.4386398
0.43836555
0.43767998
0.4386398
0.4387769
0.4371315
0.43740574
0.43891403
0.44234198
0.4394625
0.44165638
0.44138214
0.44590703
0.4424791
0.44289044
0.4456328
0.44933498
0.44892362
0.45303717
0.4524887
0.4534485
0.4534485
0.45550528
0.45824763
0.4594817
0.45893323
0.45728782
0.45742494
0.46071574
0.45824763
0.4587961
0.45920745
0.46208695
0.46167558
0.4626354
0.46359524
0.46345812
0.4641437
0.46455505
0.46496642
0.4657891
0.46592623
0.465652
0.4657891
0.46537775
0.46551487
0.465652
0.4648293
0.46400657
0.46537775
0.46441793
0.4648293
0.4648293
0.46537775
0.46537775
0.46825722
0.4672974
0.46825722
0.46757165
0.46606335
0.46674892
0.46674892
0.46661183
0.46524063
0.46551487
0.4648293
0.46373233
0.46373233
0.46386945
0.46400657
0.46400657
0.46373233
0.46441793
0.46702316
0.4641437
0.4642808
0.46510354
0.465652
0.46537775
0.46606335
0.4664747
0.4672974
0.46661183
0.46825722
0.46743453
0.46716028
0.4697655
0.4672974
0.46921706
0.47291923
0.46825722
0.47058824
0.47045112
0.46812013
0.4697655
0.4734677
0.4718223
0.47319347
0.46962842
0.47442752
0.47223365
0.46894282
0.47360483
0.47374195
0.47703278
0.47922665
0.4709996
0.47483888
0.47209653
0.48059782
0.47771835
0.4733306
0.472645
0.4781297
0.47634718
0.4781297
0.4774441
0.47758123
0.48471138
0.47785547
0.47840396
0.47785547
0.4786782
0.47785547
0.48292884
0.47840396
0.47771835
0.48073494
0.4849856
0.47840396
0.47991225
0.474976
0.48443714
0.48320308
0.4851227
0.47703278
0.4801865
0.4849856
0.47826684
0.48443714
0.4810092
0.48759085
0.49047032
0.48992184
0.48868778
0.49005896
0.49047032
0.48978472
0.4878651
0.49143013
0.48992184
0.49005896
0.49088168
0.48841354
0.491293
0.49197862
0.48745373
0.49005896
0.49074456
0.4888249
0.4893734
0.49225286
0.49101877
0.49170437
0.49156725
0.4933498
0.49513233
0.49376115
0.49458385
0.4934869
0.49293843
0.49444672
0.49718907
0.49622926
0.49376115
0.49211574
0.4934869
0.49403536
0.49691486
0.49540657
0.50047994
0.50157684
0.50404495
0.50143975
0.49787468
0.49746332
0.49664062
0.49869737
0.5032223
0.5003428
0.49513233
0.49828604
0.4995201
0.49856025
0.49993145
0.49938297
0.49869737
0.49938297
0.49554366
0.5034965
0.50047994
0.501714
0.50294805
0.50459343
0.50445634
0.5061017
0.50596464
0.50637597
0.5066502
0.5047306
0.50788426
0.50706154
0.5065131
0.50747293
0.50788426
0.5061017
0.5073358
0.50925547
0.5080214
0.5088441
0.50788426
0.51007813
0.5135061
0.508707
0.5119978
0.50856984
0.5088441
0.5088441
0.5132319
0.5106266
0.51295763
0.5088441
0.5115864
