0.2905526
0.2905526
0.2905526
0.2905526
0.30563554
0.29494035
0.29494035
0.2869875
0.29864255
0.29178664
0.31934732
0.29809406
0.30426437
0.29274645
0.35184422
0.3338818
0.32126698
0.3152338
0.34882763
0.3400521
0.34608528
0.31441107
0.37035513
0.35431236
0.3700809
0.3917455
0.3777595
0.36788702
0.4024407
0.39147127
0.43507472
0.40189222
0.424928
0.4054573
0.43123543
0.4289044
0.44302756
0.46469218
0.48059782
0.48471138
0.46277252
0.4903332
0.3200329
0.2905526
0.47840396
0.47922665
0.5021253
0.486631
0.5117236
0.49869737
0.518031
0.5191279
0.51679695
0.4061429
0.46620047
0.50377077
0.4663376
0.53914714
0.41286165
0.5077472
0.4712738
0.42575073
0.47291923
0.5502537
0.5479227
0.4162896
0.467983
0.5488825
0.51830524
0.43397778
0.54655147
0.5359934
0.4988345
0.56588507
0.47072536
0.29494035
0.42904153
0.46921706
0.52570957
0.5284519
0.42054024
0.6003017
0.40106952
0.5021253
0.5557384
0.5735637
0.50856984
0.4811463
0.5451803
0.56478816
0.453997
0.40257782
0.6211436
0.6245715
0.6081174
0.5427122
0.42259702
0.5191279
0.5279035
0.65816534
0.60194707
0.65350336
0.54463184
0.53859866
0.5934458
0.50143975
0.59372
0.53901
0.53366244
0.61538464
0.5905663
0.5850816
0.6012615
0.6729741
0.64500207
0.6098999
0.4903332
0.6445907
0.5758947
0.55998904
0.57795143
0.6706431
0.62320036
0.6546003
0.6776361
0.5990676
0.6543261
0.5957768
0.417935
0.7068422
0.53846157
0.6035925
0.45619085
0.71644044
0.6839435
0.6759907
0.50761
0.6599479
0.69203347
0.64705884
0.6628274
0.56698203
0.5813794
0.5566982
0.5119978
0.72823256
0.60304403
0.45372275
0.30700672
0.5369533
0.55162483
0.5625943
0.6721514
0.48909914
0.5752091
0.6762649
0.56094885
0.6141506
0.51295763
0.57493484
0.67887014
0.58727545
0.5989305
0.4464555
0.72535306
0.50788426
0.71602905
0.51186067
0.6899767
0.66652954
0.3677499
0.5706842
0.65556014
0.62333745
0.5562869
0.4958179
0.46345812
0.59509116
0.607706
0.6051008
0.67201424
0.65597147
0.5228301
0.5942685
0.76155216
0.63129026
0.53914714
0.50143975
0.6879199
0.5720554
0.68572605
0.68572605
0.6562457
0.66433567
0.6528178
0.59810776
0.69217056
0.6849033
0.7091732
0.60002744
0.57246673
0.6192239
0.6340326
0.68668586
0.3939394
0.6295077
0.5130947
0.64719594
0.60016453
0.698478
0.6676265
0.5348965
0.6739339
0.6958728
0.7319347
0.4741533
0.62882215
0.6482929
0.61744136
0.41807213
0.48388866
0.748526
0.54298645
0.6840806
0.56835324
0.5625943
0.44138214
0.6805156
0.54655147
0.6267654
0.7529138
0.66035926
0.6241602
0.76045525
0.65336627
0.69025093
0.7138352
0.53475934
0.681064
0.64815575
0.7084876
0.2761552
0.632113
0.56533664
0.6877828
0.49938297
0.6351296
0.6418483
0.6142877
0.53626764
0.7509941
0.67434525
0.6617304
0.7132867
0.56945014
0.686823
0.56094885
0.54147816
0.6033183
0.53174275
0.5701358
0.64034003
0.5528589
0.6482929
0.65268064
0.7215138
0.7001234
0.5697244
0.56739336
0.5368161
0.6105855
0.5798711
0.6349925
0.48443714
0.5477855
0.41245028
0.43137255
0.74427533
0.67585355
0.28712463
0.57726586
0.6300562
0.57232964
0.51474017
0.5135061
0.47771835
0.5225559
0.6907994
0.7534622
0.5395585
0.555327
0.56876457
0.6870972
0.5636912
0.4933498
0.27574387
0.5645139
0.6514466
0.5671192
0.6584396
0.6027698
0.57164407
0.60098726
0.5339367
0.5905663
0.6199095
0.5088441
0.41985464
0.5337995
0.4851227
0.4918415
0.6488414
0.35568354
0.64911556
0.58425885
0.6096257
0.52392703
0.5944056
0.6458248
0.68174964
0.7346771
0.56890166
0.5466886
0.63019335
0.6126423
0.21568628
0.6152475
0.5394214
0.62237763
0.39448786
0.7677225
0.4519402
0.6031811
0.46277252
0.61401343
0.6969697
0.610037
0.66433567
0.59646237
0.30371588
0.5041821
0.53421086
0.62237763
0.5650624
0.46071574
0.6611819
0.73591113
0.44508433
0.6252571
0.64911556
0.474976
0.72055393
0.45070615
0.64171124
0.6422597
0.7608666
0.45152888
0.72274786
0.6622789
0.5720554
0.69203347
0.53846157
0.6691348
0.66803783
0.65706843
0.42369395
0.67201424
0.49088168
0.5280406
