0.2905526
0.2905526
0.2905526
0.2905526
0.2905526
0.2905526
0.2905526
0.2905526
0.2905526
0.2905526
0.2905526
0.2905526
0.2905526
0.2905526
0.2905526
0.2905526
0.2905526
0.2905526
0.2905526
0.2905526
0.2905526
0.2905526
0.2905526
0.2905526
0.2905526
0.2905526
0.2905526
0.2905526
0.2905526
0.2905526
0.2905526
0.2905526
0.2905526
0.2905526
0.2905526
0.2905526
0.2905526
0.2905526
0.2905526
0.2905526
0.2905526
0.2905526
0.2905526
0.2905526
0.2905526
0.30165914
0.30700672
0.30728096
0.3090635
0.3168792
0.31893596
0.31441107
0.3268888
0.31509668
0.32551762
0.3300425
0.3299054
0.32400933
0.32414645
0.32647744
0.31962156
0.31742766
0.3253805
0.31962156
0.3268888
0.3278486
0.31866172
0.31235433
0.31249142
0.3207185
0.32058138
0.32963115
0.32606608
0.3308652
0.3330591
0.33059096
0.34265736
0.35129577
0.35828876
0.35527217
0.35513505
0.35376388
0.3569176
0.3569176
0.3576032
0.35650623
0.35417524
0.35513505
0.3578774
0.35376388
0.35335252
0.35897437
0.36103112
0.3592486
0.36281365
0.36980668
0.37254903
0.38722062
0.392294
0.38283285
0.38036475
0.39339092
0.3870835
0.39339092
0.39613327
0.40038392
0.4031263
0.39805293
0.4002468
0.39709312
0.39736733
0.39599615
0.39585903
0.3986014
0.3979158
0.40148088
0.40148088
0.4055944
0.39983547
0.39654464
0.4009324
0.40778828
0.4095708
0.41053066
0.41066778
0.40696558
0.41519266
0.40189222
0.40915948
0.41299877
0.41245028
0.41299877
0.41341013
0.41615248
0.4187577
0.42506513
0.42259702
0.42122585
0.4193062
0.4247909
0.41985464
0.42314547
0.4254765
0.43288085
0.43137255
0.4363088
0.43137255
0.43301797
0.4371315
0.4356232
0.44275331
0.4408337
0.44371316
0.44906074
0.44659263
0.45317426
0.44439873
0.44357604
0.44206774
0.4485123
0.45358562
0.45303717
0.4509804
0.4556424
0.45331138
0.4594817
0.45728782
0.45152888
0.4534485
0.45632797
0.45660222
0.4571507
0.458659
0.45852187
0.45975593
0.45907035
0.45577952
0.4579734
0.463321
0.4603044
0.46003017
0.46222404
0.46496642
0.46044153
0.4672974
0.46770877
0.46592623
0.47826684
0.472645
0.4789524
0.47017688
0.48320308
0.4803236
0.48430002
0.48388866
0.48800218
0.48553407
0.4911559
0.4740162
0.4873166
0.49664062
0.48553407
0.48896202
0.49156725
0.49705195
0.49389827
0.4943096
0.49718907
0.49842316
0.5047306
0.5047306
0.49856025
0.5077472
0.51131225
0.51638556
0.5051419
0.50980395
0.50541615
0.5041821
0.50678736
0.5132319
0.50692445
0.5161113
0.51336896
0.5206362
0.5125463
0.500617
0.5166598
0.5159742
0.51144934
0.51624846
0.5173454
0.51528865
0.5195393
0.52529824
0.5233786
0.51844233
0.5210476
0.52241874
0.5215961
0.5236528
0.5170712
0.53996986
0.52474976
0.5220074
0.5233786
0.529686
0.5206362
0.5344851
0.5298231
0.53462225
0.5365419
0.5344851
0.5284519
0.54408336
0.53517073
0.53846157
0.5395585
0.54449475
0.54161525
0.541341
0.53722745
0.5433978
0.5442205
0.53763884
0.5418895
0.5337995
0.53873575
0.5407925
0.54860824
0.53873575
0.54751134
0.5450432
0.55011654
0.54559165
0.5409297
0.5487454
0.5428493
0.54997945
0.55052793
0.55148774
0.5497052
0.5513506
0.55299604
0.55148774
0.5572467
0.55011654
0.54943097
0.5513506
0.55299604
0.5538187
0.55395585
0.5532703
0.55148774
0.55395585
0.55313313
0.5562869
0.55148774
0.5542301
0.555327
0.5546414
0.55779517
0.55244756
0.55299604
0.55409294
0.5535445
0.5582065
0.5547786
0.56149733
0.5590292
0.56094885
0.5588921
0.55779517
0.5580694
0.5588921
0.5625943
0.56327987
0.5630056
0.56245714
0.5612231
0.55944055
0.5591663
0.5597148
0.561086
0.56149733
0.5617716
0.56040037
0.56232005
0.5602633
0.5612231
0.5625943
0.5641026
0.5642397
0.5651995
0.5643768
0.56396544
0.5697244
0.5665707
0.5672563
0.56698203
0.5675305
0.5667078
0.5650624
0.5695873
0.57027286
0.5713698
0.56794184
0.5695873
0.57082134
0.57466066
0.56890166
0.5705471
0.5754833
0.57466066
0.575072
0.57493484
0.5784999
0.5784999
0.575072
0.5782257
0.5768545
0.5798711
0.57932264
0.58069384
0.58014536
0.5784999
0.58124226
0.58165365
0.57932264
0.58014536
0.57863706
0.58329904
0.58467025
0.582065
0.58316195
0.5830248
0.5830248
0.5845331
0.5834362
0.5834362
0.5835733
0.58412176
0.58412176
0.58316195
0.584396
0.58412176
0.58467025
0.58727545
0.584396
0.58480734
0.58727545
0.58480734
0.5849445
0.5865899
0.5852187
0.58563006
0.5904292
0.58576715
0.5854929
0.5868641
0.5875497
0.5864528
0.5859043
0.5874126
0.58617854
0.58727545
0.5878239
0.58809817
0.59248596
0.5928973
0.5928973
0.5912519
0.5894694
0.5900178
0.59097767
0.5934458
0.591389
0.59646237
0.58864665
0.598382
0.5919375
0.59152615
0.59947896
0.59413135
0.59961605
0.5961881
0.59399426
0.598382
0.5992047
0.5978335
0.59851915
0.60112435
0.59262305
0.59509116
0.59563965
0.59659946
0.60112435
0.6005759
0.60194707
0.6035925
0.59166324
0.59248596
0.60304403
0.5976964
0.5993418
0.60263264
0.5938571
0.6008501
0.60414094
0.60112435
0.5990676
0.60098726
0.6045523
0.60249555
0.6046894
0.60098726
0.60304403
0.605375
0.60482657
0.60414094
0.60304403
0.6060606
0.6033183
0.60400385
0.6042781
0.60564923
0.6098999
0.6068833
0.6059235
0.6045523
0.6031811
0.60564923
0.6059235
0.6059235
0.6061977
0.6059235
0.6066091
0.6082545
0.6057864
0.6092143
0.60551214
0.6112711
0.60647196
0.6061977
0.60784316
0.6066091
0.607706
0.6045523
0.607706
0.61291647
0.61332786
0.6137392
0.61236805
0.6115453
0.61442477
0.6097628
0.611134
0.61483616
0.61031127
0.6162073
0.61483616
0.6126423
0.6126423
0.6156589
0.61291647
0.6122309
0.6160702
0.61332786
0.61593306
0.6182641
0.6197724
0.6184012
0.6200466
0.6145619
0.61497325
0.618127
0.6205951
0.6200466
0.62018377
0.61894965
0.6197724
0.6185383
0.61538464
0.61703
0.61593306
0.6155217
0.6190868
0.6185383
0.62237763
0.61798984
0.62333745
0.62032086
0.62237763
0.6230632
0.62018377
0.62237763
0.6177156
0.6185383
0.62182915
0.62169206
0.6237488
0.62868506
0.62320036
0.6226519
0.6230632
0.6211436
0.6238859
0.6230632
0.62333745
0.6207322
0.6237488
0.62018377
0.6241602
0.6245715
0.62621695
0.6253942
0.62498283
0.62923354
0.6260798
0.6281366
0.6281366
0.627451
0.6269025
0.6275881
0.62827367
0.62786233
0.6275881
0.62923354
0.63183874
0.6244344
0.6293706
0.63170165
0.6295077
0.6293706
0.62278897
0.63115317
0.62786233
0.6300562
0.6314274
0.6295077
0.6241602
0.63334703
0.6285479
0.63334703
0.6315645
0.6355409
0.63951737
0.6363636
0.6354038
0.636775
0.63183874
0.632113
0.63567805
0.6323872
0.63581514
0.63183874
0.63320994
0.6355409
0.6374606
0.6380091
0.6385575
0.6340326
0.64253396
0.6393802
0.64102566
0.6407514
0.64171124
0.6374606
0.6412999
0.63883173
0.6445907
0.6434938
0.6406143
0.64363086
0.6458248
0.64719594
0.64760727
0.6477444
0.64555055
0.64952695
0.64870423
0.6488414
0.64116275
0.6445907
0.64651036
0.65062386
0.6469217
0.6469217
0.65048677
0.64843
0.64843
0.6503497
0.6458248
0.64911556
0.6498012
0.6517208
0.6539147
0.65007544
0.6493898
0.65336627
0.6508981
0.6469217
0.65062386
0.6546003
0.6508981
0.6524064
0.6493898
0.6546003
0.65514874
0.6529549
0.65706843
0.6562457
0.65706843
0.6569313
0.6591252
0.6587138
0.6567942
0.6592623
0.6576169
0.66090775
0.6606335
0.65939945
0.65706843
0.6602221
0.65816534
0.6602221
0.6607706
0.66200465
0.6611819
0.6613191
0.66200465
0.6611819
0.6622789
0.66447276
0.66447276
0.6657068
0.6669409
0.66186756
0.66488415
0.66488415
0.6607706
0.6631016
0.6628274
0.6651584
0.6651584
0.6661182
0.66447276
0.6657068
0.66639245
0.66502124
0.6655697
0.6669409
0.667078
0.6657068
0.6691348
0.6700946
0.66982037
0.66639245
0.6695461
0.6700946
0.6677636
0.66982037
0.6699575
0.66982037
0.66982037
0.67091733
0.67091733
0.6716029
0.6695461
0.67187715
0.67132866
0.6699575
0.6691348
0.67050594
0.6711916
0.6710544
0.6722885
0.6714658
0.67036885
0.6724256
0.67187715
0.6721514
0.6732483
0.6736597
0.6722885
0.6737968
0.6736597
0.6747566
0.6739339
0.67434525
0.67420816
0.67420816
0.67489374
0.6747566
0.6739339
0.6744824
0.67420816
0.67434525
0.6747566
0.6729741
0.6744824
0.6747566
0.67571646
0.6754422
0.67489374
0.67420816
0.6744824
0.675168
0.6750308
0.6750308
0.6754422
0.675168
0.6761278
0.6761278
0.67420816
0.6746195
0.675168
0.6744824
0.6754422
0.675168
0.67585355
0.6759907
0.6766763
0.6761278
0.67571646
0.67571646
0.67640203
0.677499
0.6746195
0.6790073
0.67736185
0.6795557
0.6780474
0.6792815
