0.2905526
0.2905526
0.2905526
0.2905526
0.2905526
0.2905526
0.2905526
0.2905526
0.2905526
0.29727137
0.29727137
0.29891676
0.30563554
0.30563554
0.30563554
0.30728096
0.31098312
0.32332373
0.3223639
0.3278486
0.34087482
0.34293157
0.34128615
0.34567395
0.34718224
0.34279445
0.34087482
0.34416565
0.3529412
0.36281365
0.35513505
0.37049225
0.37597695
0.38516384
0.3877691
0.3984643
0.40271494
0.40202934
0.410942
0.4095708
0.41683805
0.42314547
0.4332922
0.4456328
0.44768956
0.45056903
0.45331138
0.45619085
0.4648293
0.46304676
0.46921706
0.4672974
0.4663376
0.46167558
0.4664747
0.47291923
0.46400657
0.4833402
0.48525983
0.4863568
0.4893734
0.49060744
0.48951048
0.49005896
0.491293
0.49513233
0.4996572
0.5026738
0.49938297
0.5026738
0.50541615
0.5003428
0.50239956
0.5056904
0.508707
0.51227206
0.5121349
0.51789385
0.5185795
0.51789385
0.5188537
0.5211847
0.52310437
0.52474976
0.5229672
0.5255725
0.5243384
0.5269436
0.53078294
0.53078294
0.5365419
0.53777593
0.5392842
0.5409297
0.542438
0.5443576
0.5479227
0.54997945
0.54614013
0.55093926
0.55107635
0.5562869
0.55697244
0.5547786
0.5588921
0.5595777
0.55998904
0.56245714
0.5643768
0.5650624
0.56739336
0.5715069
0.5690388
0.5713698
0.57178116
0.5752091
0.57534623
0.58083093
0.5819279
0.58371043
0.5828877
0.5860414
0.591389
0.5934458
0.59399426
0.59563965
0.59659946
0.5978335
0.5974222
0.5992047
0.60098726
0.6020842
0.6044152
0.6068833
0.60743177
0.6115453
0.6105855
0.6107226
0.6130536
0.6127794
0.6142877
0.61730427
0.6192239
0.62018377
0.62429726
0.6244344
0.6269025
0.6267654
0.62882215
0.62923354
0.6299191
0.632113
0.631016
0.63170165
0.631016
0.63225013
0.631016
0.63334703
0.6325243
0.63485533
0.63663787
0.63567805
0.6407514
0.6382833
0.64253396
0.63965446
0.6428082
0.6478815
0.6463732
0.64952695
0.64870423
0.65254354
0.6528178
0.6562457
0.65706843
0.65939945
0.66090775
0.66296446
0.6646099
0.66543263
0.6696833
0.6716029
0.67201424
0.67681336
0.67187715
0.6766763
0.6784588
0.6816125
0.67982996
0.6822981
0.68476623
0.6849033
0.6894282
0.68956536
0.6929933
0.69258195
0.6949129
0.6947758
0.6953243
0.6945016
0.6960099
0.69820374
0.69820374
0.6987522
0.7014946
0.70067185
0.7047854
0.70656794
0.7157548
0.7084876
0.71657753
0.7256273
0.7263129
0.71506923
0.7290553
0.72727275
0.73179764
0.7326203
0.7354998
0.7330317
0.73124915
0.733443
0.7346771
0.7401618
0.74276704
0.7390649
0.7457836
0.7409845
0.7459207
0.7479775
0.7453723
0.7470177
0.74564654
0.7493487
0.7516797
0.7533251
0.75455916
0.75442207
0.75757575
0.7592212
0.7594954
0.7563417
0.7597696
0.7622378
0.75990677
0.7633347
0.76306045
0.76854515
0.76552856
0.7677225
0.76854515
0.77128756
0.7722474
0.7732072
0.7692308
0.77375567
0.7749897
0.7730701
0.77594954
0.77581245
0.7771836
0.7751268
0.7777321
0.77636087
0.7770465
0.777595
0.7789661
0.7804744
0.7817085
0.77786916
0.78294253
0.77882904
0.7817085
0.783491
0.7833539
0.7786919
0.7840395
0.7826683
0.783491
0.7825312
0.78472507
0.78211987
0.7848622
0.78362817
0.78582203
0.78691894
0.78280544
0.7887015
0.7873303
0.7888386
0.78541064
0.78664476
0.78691894
0.78979844
0.7899355
0.7888386
0.78842723
0.7889757
0.7893871
0.7925408
0.7893871
0.7943233
0.79075825
0.79528314
0.79528314
0.7903469
0.7935006
0.7910325
0.79569453
0.7978884
0.7973399
0.79679143
0.79967093
0.8003565
0.8020019
0.8047443
0.8062526
0.80227613
0.8041958
0.80460715
0.8052927
0.8057041
0.8052927
0.8081722
0.8072124
0.8098176
0.807898
0.8133827
0.807898
0.8122858
0.8109146
0.8107775
0.81351984
0.81160015
0.81214863
0.81461674
0.8133827
0.81708485
0.8132456
0.81214863
0.81406826
0.814891
0.8157137
0.81749624
0.81941587
0.81694776
0.819553
0.819553
0.8221582
0.82229537
0.82298094
0.8187303
0.8232552
0.8227067
0.8233923
0.82160974
0.82435215
0.8227067
0.82298094
0.8225696
0.8233923
0.82298094
0.8246263
0.82380366
0.8232552
0.82435215
0.8202386
0.82435215
0.82544905
0.82490057
0.8257233
0.82599753
0.8262718
0.8270945
0.82682025
0.8281914
0.82778007
0.82682025
0.82778007
0.82778007
0.82778007
0.8276429
0.8276429
0.8290141
0.8275058
0.82942545
0.8296997
0.8301111
0.82887703
0.8306595
0.82983685
0.833539
0.8321678
0.8306595
0.8316194
0.8327163
0.8316194
0.83079666
0.8329905
0.833539
0.83148223
0.8342246
0.83244205
0.83285344
0.8334019
0.8321678
0.83545864
0.83285344
0.83436173
0.83395034
0.83285344
0.8349102
0.8329905
0.8342246
0.8380639
0.8357329
0.8355958
0.83436173
0.8357329
0.8355958
0.83833814
0.83778965
0.83532155
0.8373783
0.8379268
0.8424517
0.84533113
0.8403949
0.8460167
0.84725076
0.8464281
0.84615386
0.8460167
0.8480735
0.84862196
0.84930754
0.84711367
0.8504045
0.8519128
0.85081583
0.8512272
0.8553407
0.85547787
0.85451806
0.8535582
0.8567119
0.8552036
0.85602635
0.8542438
0.8565748
0.85767174
0.85698617
0.85808307
0.85698617
0.8578088
0.85904294
0.8604141
0.8587687
0.8608254
0.86013985
0.8589058
0.85904294
0.86164814
0.8621966
0.8635678
0.8637049
0.86452764
0.86466473
0.8652132
0.86535037
0.86535037
0.8652132
0.86411625
