0.31084603
0.4618127
0.5221445
0.55244756
0.62580556
0.6544632
0.6947758
0.7102701
0.73371726
0.7324832
0.741533
0.7548334
0.6854518
0.67132866
0.28163993
0.6646099
0.7239819
0.7416701
0.75606745
0.7239819
0.7577129
0.75908405
0.74427533
0.7679967
0.7656657
0.75593036
0.756753
0.77142465
0.7611408
0.7919923
0.78074867
0.78774166
0.78774166
0.793912
0.7341286
0.76347184
0.65665704
0.7593583
0.55148774
0.5575209
0.7296037
0.7734814
0.6732483
0.6205951
0.6849033
0.77978885
0.76004386
0.7940491
0.78211987
0.7603181
0.7673111
0.79062116
0.73988754
0.7745784
0.75785
0.743864
0.78774166
0.776498
0.7840395
0.7573015
0.38201013
0.79322636
0.58713835
0.76607704
0.77828056
0.7733443
0.77430415
0.7721102
0.797477
0.7579871
0.74372685
0.573975
0.77732074
0.6290964
