0.2937063
0.2905526
0.30056217
0.29713425
0.2890443
0.2890443
0.299191
0.2890443
0.30042505
0.31125736
0.29480323
0.3006993
0.29932812
0.2890443
0.31084603
0.29781982
0.31290278
0.29480323
0.29740846
0.29754558
0.2967229
0.31276566
0.30399013
0.2798574
0.32112986
0.32099274
0.2998766
0.34197176
0.31331414
0.3222268
0.30508706
0.31125736
0.33127657
0.3044015
0.32949403
0.30974907
0.30878925
0.31907308
0.3338818
0.33401892
0.3323735
0.31934732
0.3499246
0.31578225
0.34060058
0.3068696
0.34855342
0.346908
0.35019884
0.31043467
0.35719183
0.34293157
0.34485123
0.3416975
0.3584259
0.3484163
0.33936653
0.34594816
0.3563691
0.32126698
0.35061017
0.34485123
0.34800494
0.35472372
0.33977786
0.34060058
0.36020842
0.35157
0.35348964
0.3569176
0.33868092
0.35321543
0.3432058
0.34101194
0.33881804
0.3362128
0.3652818
0.3555464
0.34293157
0.3400521
0.35472372
0.34649664
0.34827918
0.35047305
0.35129577
0.3692582
0.35252982
0.3416975
0.3576032
0.3570547
0.3529412
0.35033593
0.36363637
0.37967914
0.35252982
0.35801452
0.35335252
0.35828876
0.35993418
0.38118744
0.38105032
0.38022763
0.34485123
0.36103112
0.35527217
0.3855752
0.37652543
0.38338134
0.37748525
0.37679967
0.39311668
0.38118744
0.42081448
0.34238312
0.38146168
0.38118744
0.40353763
0.39681888
0.39489922
0.3839298
0.40627998
0.40669134
0.41436994
0.4101193
0.42040312
0.41121623
0.41738653
0.41231316
0.4394625
0.4186206
0.42739612
0.4171123
0.4177979
0.41656384
0.4286302
0.42081448
0.4217743
0.436583
0.44138214
0.42602494
0.4433018
0.4534485
0.43767998
0.42204854
0.467983
0.44151926
0.44302756
0.46249828
0.45907035
0.47470176
0.46853146
0.43905115
0.47771835
0.4755245
0.4534485
0.4526258
0.486631
0.45331138
0.44371316
0.47223365
0.48430002
0.42602494
0.45002058
0.48539695
0.47387907
0.49746332
0.5073358
0.48471138
0.4454957
0.49554366
0.44672975
0.51090086
0.49910873
0.4989716
0.48361441
0.53709036
0.4995201
0.5077472
0.511038
0.5458659
0.50980395
0.48525983
0.5140546
0.5298231
0.53407377
0.5405183
0.5580694
0.5447689
0.56040037
0.5477855
0.5642397
0.53873575
0.48745373
0.56876457
0.536679
0.5656109
0.56780475
0.5443576
0.5462772
0.54614013
0.54326063
0.54943097
0.5503908
0.5768545
0.5726039
0.5860414
0.5641026
0.5767174
0.57781434
0.57918555
0.5834362
0.57932264
0.5879611
0.5865899
0.58576715
0.57918555
0.60002744
0.57246673
0.5671192
0.61442477
0.586727
0.5605375
0.5982449
0.6114082
0.58124226
0.6027698
0.5907034
0.5948169
0.5889209
0.58371043
0.605375
0.55861783
0.55642396
0.59454274
0.6141506
0.5928973
0.6059235
0.61538464
0.6182641
0.6022213
0.6090772
0.61099684
0.611134
0.6152475
0.6253942
0.6226519
0.6045523
0.6354038
0.61250514
0.6214178
0.62868506
0.6105855
0.62182915
0.58179075
0.62566847
0.62827367
0.62978196
0.63183874
0.62731385
0.589058
0.6296449
0.6299191
0.5210476
0.63266146
0.6561086
0.63225013
0.6352667
0.62484574
0.6666667
0.6447278
0.64966404
0.64417934
0.6493898
0.64171124
0.6695461
0.6655697
0.6646099
0.6412999
0.6556972
0.6210064
0.66447276
0.64966404
0.6598108
0.6562457
0.6655697
0.6651584
0.50637597
0.65487456
0.35348964
0.6779103
0.6611819
0.66337585
0.6816125
0.683395
0.69463867
0.6731112
0.684492
0.68723434
0.7014946
0.68366927
0.69655836
0.69121075
0.67530507
0.6762649
0.6790073
0.69902647
0.6809269
0.69066226
0.69971204
0.6714658
0.700809
0.6870972
0.6987522
0.68874264
0.67352253
0.6879199
0.71986836
0.70739067
0.70793915
0.7141094
0.6972439
0.71602905
0.7039627
0.70601946
0.7254902
0.70958453
0.7231592
0.70505965
0.40202934
0.7231592
0.7167147
0.6947758
0.655423
0.741533
0.7250788
0.73179764
0.73220897
0.72727275
0.717126
0.7235705
0.7116413
0.7201426
0.73536265
0.73728234
0.74071026
0.7402989
0.72055393
0.72343343
0.75222814
0.74413824
0.7523653
0.7483889
0.74921155
0.7433155
0.7556561
0.741533
0.7464692
0.76744825
0.7637461
0.74907446
0.7516797
0.73728234
0.7349513
0.75661594
0.74921155
0.7678596
0.7577129
0.76251197
0.76744825
0.76758534
0.75785
0.7711504
0.74317837
0.75702727
0.7594954
0.75812423
0.76593995
0.7457836
0.75606745
0.7716989
0.6972439
0.7607295
0.7693679
0.7478404
0.7733443
0.77540106
0.7751268
0.7419443
0.77841765
0.7756753
0.7745784
0.78362817
0.72823256
0.34677088
0.77279586
0.7766351
0.7701906
0.7819827
0.6913479
0.78362817
0.7710133
0.78582203
0.7859591
0.7760867
0.7806116
0.78582203
0.784588
0.77992594
0.7876046
0.7899355
0.7817085
0.7762238
0.78829014
0.7880159
0.7844508
0.7777321
0.7958316
0.7859591
0.7870561
0.7818456
0.79322636
0.7908954
0.7950089
0.7819827
0.76854515
0.7878788
0.7806116
0.78362817
0.6994378
0.7819827
0.7693679
0.7818456
0.5595777
0.7910325
