0.2905526
0.2905526
0.2905526
0.29192376
0.29548883
0.31797615
0.31098312
0.32743728
0.35321543
0.37145206
0.37213767
0.39887562
0.42986426
0.45221445
0.46551487
0.4858083
0.50596464
0.51240915
0.56081176
0.57082134
0.5849445
0.59097767
0.60564923
0.6192239
0.6226519
0.6433566
0.6502125
0.6641985
0.67571646
0.6917592
0.70643085
0.72494173
0.7315234
0.7553819
0.741533
0.76360893
0.7721102
0.7786919
0.7860963
0.79130673
0.8002194
0.8057041
0.8098176
0.814891
0.8173591
0.8210613
0.83477306
0.8440971
0.84670234
0.84917045
0.85465515
0.85918003
0.86411625
0.8682298
0.8805704
0.8831757
0.89428216
0.90072674
0.9012752
0.90305775
0.9121075
0.9211573
0.92156863
0.93198955
0.93322366
0.93198955
0.9424105
0.94035375
0.9414507
0.94433016
0.9528315
0.9583162
0.96009874
