0.27848622
0.29233512
0.2845194
0.27656657
0.2775264
0.27958316
0.28671327
0.30056217
0.30056217
0.30056217
0.30193335
0.3122172
0.31646785
0.31646785
0.31742766
0.31646785
0.3185246
0.31495956
0.3185246
0.32263815
0.32908267
0.33196217
0.33182505
0.3345674
0.33429316
0.33278486
0.33072808
0.33580145
0.33470452
0.33662415
0.33950365
0.33950365
0.33991498
0.34142327
0.3430687
0.346908
0.34869054
0.34663376
0.34718224
0.35678047
0.3615796
0.3600713
0.3630879
0.35664335
0.3645962
0.36541888
0.3692582
0.36939532
0.37035513
0.3717263
0.37186342
0.37721103
0.37145206
0.37419444
0.37405732
0.3784451
0.37885645
0.3778966
0.3778966
0.3778966
0.38173592
0.38201013
0.38146168
0.38187304
0.37954202
0.38050184
0.3785822
0.37995338
0.3785822
0.37529138
0.37981626
0.38036475
0.38571233
0.39503634
0.40038392
0.4049088
0.40737695
0.40833676
0.41039354
0.41217607
0.41286165
0.4110791
0.42122585
0.41889483
0.42588782
0.42369395
0.42300835
0.42369395
0.42232278
0.424928
0.4271219
0.4294529
0.43493763
0.4346634
0.4378171
0.44042233
0.4457699
0.44960922
0.4603044
0.45975593
0.46524063
0.46620047
0.46866858
0.46318388
0.4601673
0.4611271
0.45934457
0.46003017
0.45907035
0.458659
0.46770877
0.46661183
0.467983
0.46907994
0.46812013
0.4697655
0.472645
0.47840396
0.4789524
0.48471138
0.48430002
0.48676813
0.48594543
0.4856712
0.4856712
0.48457426
0.48909914
0.491293
0.4863568
0.4911559
0.4903332
0.4918415
0.49389827
0.4943096
