0.2905526
0.2905526
0.2905526
0.3685726
0.3662416
0.35828876
0.37734815
0.4054573
0.49197862
0.5161113
0.5243384
0.5243384
0.5172083
0.5412039
0.54161525
0.55258465
0.5643768
0.5782257
0.5813794
0.5215961
0.58631563
0.59015495
0.58467025
0.5972851
0.59851915
0.5992047
0.59755933
0.59851915
0.6022213
0.6020842
0.600713
0.6101741
0.6072947
0.61936104
0.6182641
0.6105855
0.6279994
0.6267654
0.6166187
0.62347454
0.62786233
0.62772524
0.631016
0.6325243
0.6406143
0.634444
0.64705884
0.63581514
0.63965446
0.64760727
0.64856714
0.6443165
0.6473331
0.6478815
0.64555055
0.651858
0.64719594
0.64843
0.6489785
0.64870423
0.650761
0.6499383
0.6558344
0.65487456
0.65501165
0.6573427
0.660085
0.6561086
0.6628274
0.66186756
0.66145617
0.6615933
0.6587138
0.6613191
0.6661182
0.6631016
0.6632387
0.6641985
0.6641985
0.66598105
0.6652955
0.66639245
0.66543263
0.6677636
0.6685863
0.66652954
0.6631016
0.6668038
0.6676265
0.6699575
0.6646099
0.67269987
0.67050594
0.6710544
0.6725627
0.6736597
0.6729741
0.6684492
0.67132866
0.6707802
0.6736597
0.6707802
0.6714658
0.67132866
0.67283696
0.67050594
0.66899765
0.6725627
0.6739339
0.67201424
0.67352253
0.67174
0.67174
0.67338544
0.67352253
0.6724256
0.6737968
0.6750308
0.6750308
0.67132866
0.6759907
0.6750308
0.6750308
0.6744824
0.6746195
0.67420816
0.6762649
0.67420816
0.6736597
0.67434525
0.6766763
0.6736597
0.67818457
0.6794186
0.69217056
0.6762649
0.683395
0.6785959
0.67982996
0.68284655
0.68654877
0.68366927
0.6888797
0.6875086
0.69559854
0.6945016
0.7013575
0.7032771
0.7016317
0.6932675
0.7043741
0.7038256
0.70492256
0.7082133
0.70451117
0.70643085
0.7072535
0.70300287
0.7076649
0.7071164
0.7056081
0.7113671
0.70999587
0.71287537
0.7016317
0.70656794
0.71205264
0.71342385
0.7161662
0.7110928
0.7117784
0.7154806
0.7178116
0.718223
0.72041684
0.7184972
0.72288495
0.72439325
0.72439325
0.72192514
0.7237077
0.72823256
0.7231592
0.7278212
0.7271356
0.72274786
0.7250788
0.724119
0.733443
0.7269985
0.73275745
0.7294666
0.7296037
0.7319347
0.72123957
0.731112
0.7335802
0.7263129
0.7378308
0.7300151
0.7316605
0.7319347
0.73330593
0.73124915
0.7285068
0.73522556
0.73124915
0.74071026
0.7408474
0.73577404
0.7389277
0.7385164
0.7360483
0.73042643
0.74317837
0.74125874
0.7379679
0.740436
0.74221855
0.73426574
0.74221855
0.74139583
0.7434526
0.74427533
0.7455094
0.7416701
0.74139583
0.74221855
0.74276704
0.74413824
0.7430413
0.7444124
0.7500343
0.7463321
0.7519539
0.7424928
0.75113124
0.7464692
0.7418072
0.74825174
0.7479775
0.7541478
0.7453723
0.75071985
0.75263953
0.7464692
0.7430413
0.75305086
0.7533251
0.760181
0.75209105
0.75661594
0.7592212
0.7563417
0.75442207
0.74907446
0.7610037
0.7509941
0.7549705
0.7677225
0.75853556
0.76360893
0.7494858
0.7582613
0.767174
0.7651172
0.76402026
0.76703686
0.7679967
0.7592212
0.76840806
0.76498014
0.76402026
0.76607704
0.7692308
0.76251197
0.7678596
0.76744825
0.76607704
0.7677225
0.7706019
0.7679967
0.7666255
0.764843
0.76854515
0.7666255
0.77389276
0.7770465
0.7688194
0.7686823
0.7701906
0.77444124
0.7703277
0.7725216
0.7679967
0.7688194
0.7795146
0.7710133
0.7692308
0.7789661
0.76909363
0.7740299
0.77375567
0.7716989
0.7725216
0.76991636
0.7732072
0.78033733
0.7870561
0.7863705
0.784588
0.7795146
0.7855478
0.7789661
0.77978885
0.7795146
0.7863705
0.77732074
0.7802002
0.7791033
0.77882904
0.78664476
0.7818456
0.77882904
0.783491
0.791581
0.7849993
0.7832168
0.7870561
0.79418623
0.78924996
0.78513646
0.78129715
0.79062116
0.7874674
0.7870561
0.79130673
0.7874674
0.78911287
0.79062116
0.793912
0.7859591
0.78623337
0.7925408
0.78664476
0.78678185
0.79514605
0.7919923
0.7987111
0.7959687
0.79363775
0.79761416
0.7972028
0.79473466
0.797477
0.79377484
0.79679143
0.79816264
0.79816264
0.78966135
0.7924037
0.799808
0.799808
0.7993967
0.79569453
0.8002194
0.797477
0.7980255
0.79925954
0.8111888
0.79967093
0.80008227
0.7972028
0.8003565
0.7989853
0.7933635
0.8013163
0.8077609
0.790484
0.8063897
0.80447006
0.80447006
0.8065268
0.80378443
0.8048814
0.80460715
0.81201154
0.80364734
0.8040587
0.8033731
0.8118744
0.8058412
0.8013163
0.8050185
0.807898
0.8153024
0.81201154
0.810229
0.8073495
0.810229
0.81831896
0.8147539
0.8118744
0.81900454
0.817222
0.8113259
0.81050324
0.8147539
0.80515563
0.8087207
0.8210613
0.8088578
0.8206499
0.8081722
0.8192788
0.81447965
0.81831896
0.8137941
0.819553
0.8173591
0.8124229
0.8158508
0.8235294
0.8153024
0.8180447
0.8255862
0.8240779
0.8262718
0.81214863
0.824215
0.82160974
0.8235294
0.82243246
0.81214863
0.817222
0.82051283
0.82133555
0.8232552
0.82887703
0.82435215
0.8247635
0.82380366
0.8206499
0.83134514
0.82640886
0.82682025
0.826546
0.8275058
0.8281914
0.8227067
0.82887703
0.8276429
0.8318936
0.82284385
0.8233923
0.82599753
0.8255862
0.8349102
0.83381325
0.8302482
0.83079666
0.8310709
0.831208
0.82983685
0.8310709
0.83682984
0.8334019
0.8302482
0.8342246
0.83477306
0.83532155
0.82983685
0.82832855
0.8305224
0.8435486
0.83545864
0.83778965
0.8331277
0.84533113
0.8251748
0.8375154
0.8373783
0.8334019
0.8351844
0.83436173
0.83929795
0.84162897
0.8386124
0.8413547
0.8460167
0.84176606
0.84176606
0.8394351
0.84464556
0.8479364
0.83916086
0.8329905
0.8410805
0.8410805
0.8458796
0.8395722
0.84574246
0.84574246
0.8450569
0.84478265
0.84025776
0.8435486
0.8410805
0.83929795
0.84025776
0.84025776
0.84711367
0.8473879
0.8425888
0.840532
0.83628136
0.8394351
0.84519404
0.8412176
0.84025776
0.8430001
0.84875906
0.8484849
0.84464556
0.83929795
0.8430001
0.84327435
0.84478265
0.8379268
0.8490333
0.8412176
0.8409434
0.84533113
0.8420403
0.8395722
0.8399835
0.8409434
0.8450569
0.84066916
0.84629095
0.8479364
0.849856
0.8465652
0.84862196
0.8409434
0.8473879
0.8464281
0.84464556
0.8419032
0.84066916
0.8443713
0.84423417
0.84176606
0.8440971
0.8450569
0.8410805
0.84821063
0.8495818
0.84176606
0.8494447
0.84464556
0.8458796
0.84382284
0.84766215
0.84533113
0.8454683
0.8494447
0.84999317
0.8413547
0.8479364
0.84327435
0.84711367
0.84862196
0.84670234
0.84779924
0.8465652
0.84368575
0.85067874
0.8484849
0.8480735
0.85081583
0.84615386
0.8469766
0.85163856
0.84930754
0.84478265
0.84917045
0.85328394
0.8497189
0.85013026
0.8538324
0.8454683
0.8479364
0.85081583
0.8520499
0.8464281
0.8523241
0.84615386
0.8534211
0.85259837
0.8535582
0.8523241
0.850953
0.8553407
0.85150146
0.85013026
0.8505416
0.84917045
0.8483477
0.85177565
0.85026735
0.8538324
0.85314685
0.85218704
0.85163856
0.8552036
0.8553407
0.8557521
0.8550665
0.8553407
0.857946
0.84930754
0.85712326
0.8572604
0.8558892
0.850953
0.8553407
0.8542438
0.857946
0.85369533
0.8578088
0.85753465
0.8488962
0.856849
0.85918003
0.8552036
0.8623337
0.85712326
0.8539696
0.8572604
0.85547787
0.85863155
0.85918003
0.85218704
0.8582202
0.85808307
0.8538324
0.8578088
0.8557521
0.86013985
0.8597285
0.86013985
0.8593171
0.8612368
0.85314685
0.85767174
0.85177565
0.8557521
0.85451806
0.86096257
0.8578088
0.86535037
0.8597285
0.8564377
0.8606883
0.86109966
0.8578088
0.8589058
0.85849446
0.8604141
0.8598656
0.8617853
0.85630053
0.8642534
0.86411625
0.8597285
0.8583573
0.85561496
0.85630053
0.8604141
0.86151105
0.8513643
0.8627451
0.86164814
0.85698617
0.85904294
0.8621966
0.8619224
0.86301935
0.86260796
0.86247087
0.8642534
0.86109966
0.8617853
0.8542438
0.8578088
0.85451806
0.85904294
0.8619224
0.8604141
0.86384207
0.86164814
0.8524613
0.85177565
0.86109966
0.86164814
0.8628822
0.86603594
0.8598656
0.8558892
0.8628822
0.85547787
0.86411625
0.8612368
0.860277
0.8594543
0.86000276
0.8702866
0.86411625
0.86397916
0.86466473
0.864939
0.8678185
0.86096257
0.8557521
0.8549294
0.8657617
0.8613739
0.86727
0.86685866
0.85808307
0.8663102
0.8637049
0.8597285
0.8604141
0.86754423
0.86987525
0.85767174
0.86013985
0.86466473
0.86535037
0.8637049
0.8674071
0.86315644
0.8674071
0.86562455
0.8634307
0.86603594
0.86535037
0.26024956
0.26024956
0.26024956
0.26024956
0.26024956
0.26024956
0.26024956
0.26024956
0.26024956
0.26024956
0.26024956
0.26024956
0.26024956
0.26024956
0.26024956
0.26024956
0.26024956
0.26024956
0.26024956
0.26024956
0.26024956
0.26024956
0.26024956
0.26024956
0.26024956
0.26024956
0.26024956
0.26024956
0.26024956
0.26024956
0.26024956
0.26024956
0.26024956
0.26024956
0.26024956
0.26024956
0.26024956
0.26024956
0.26024956
0.26024956
0.26024956
0.26024956
0.26024956
0.26024956
0.26024956
0.26024956
0.26024956
0.26024956
0.26024956
0.26024956
0.26024956
0.26024956
0.26024956
0.26024956
0.26024956
0.26024956
0.26024956
0.26024956
0.26024956
0.26024956
0.26024956
0.26024956
0.26024956
0.26024956
0.26024956
0.26024956
0.26024956
0.26024956
0.26024956
0.26024956
0.26024956
0.26024956
0.26024956
0.26024956
0.26024956
0.26024956
0.26024956
0.26024956
0.26024956
0.26024956
0.26024956
0.26024956
0.26024956
0.26024956
0.26024956
0.26024956
0.26024956
0.26024956
0.26024956
0.26024956
0.26024956
0.26024956
0.26024956
0.26024956
0.26024956
0.26024956
0.26024956
0.26024956
0.26024956
0.26024956
0.26024956
0.26024956
0.26024956
0.26024956
0.26024956
0.26024956
0.26024956
0.26024956
0.26024956
0.26024956
0.26024956
0.26024956
0.26024956
0.26024956
0.26024956
0.26024956
0.26024956
0.26024956
0.26024956
0.26024956
0.26024956
0.26024956
0.26024956
0.26024956
0.26024956
0.26024956
0.26024956
0.26024956
0.26024956
0.26024956
0.26024956
0.26024956
0.26024956
0.26024956
0.26024956
0.26024956
0.26024956
0.26024956
0.26024956
0.26024956
0.26024956
0.26024956
0.26024956
0.26024956
0.26024956
0.26024956
0.26024956
0.26024956
0.26024956
0.26024956
0.26024956
0.26024956
0.26024956
0.26024956
0.26024956
0.26024956
0.26024956
0.26024956
0.26024956
0.26024956
0.26024956
0.26024956
0.26024956
0.26024956
0.26024956
0.26024956
0.26024956
0.26024956
0.26024956
0.26024956
0.26024956
0.26024956
0.26024956
0.26024956
0.26024956
0.26024956
0.26024956
0.26024956
0.26024956
0.26024956
0.26024956
0.26024956
0.26024956
0.26024956
0.26024956
0.26024956
0.26024956
0.26024956
0.26024956
0.26024956
0.26024956
0.26024956
0.26024956
0.26024956
0.26024956
0.26024956
0.26024956
0.26024956
0.26024956
0.26024956
0.26024956
0.26024956
0.26024956
0.26024956
0.26024956
0.26024956
0.26024956
0.26024956
0.26024956
0.26024956
0.26024956
0.26024956
0.26024956
0.26024956
0.26024956
0.26024956
0.26024956
0.26024956
0.26024956
0.26024956
0.26024956
0.26024956
0.26024956
0.26024956
0.26024956
0.26024956
0.26024956
0.26024956
0.26024956
0.26024956
0.26024956
0.26024956
0.26024956
0.26024956
0.26024956
0.26024956
0.26024956
0.26024956
0.26024956
0.26024956
0.26024956
0.26024956
0.26024956
0.26024956
0.26024956
0.26024956
0.26024956
0.26024956
0.26024956
0.26024956
0.26024956
0.26024956
0.26024956
0.26024956
0.26024956
0.26024956
0.26024956
0.26024956
0.26024956
0.26024956
0.26024956
0.26024956
0.26024956
0.26024956
0.26024956
0.26024956
0.26024956
0.26024956
0.26024956
0.26024956
0.26024956
0.26024956
0.26024956
0.26024956
0.26024956
0.26024956
0.26024956
0.26024956
0.26024956
0.26024956
0.26024956
0.26024956
0.26024956
0.26024956
0.26024956
0.26024956
0.26024956
0.26024956
0.26024956
0.26024956
0.26024956
0.26024956
0.26024956
0.26024956
0.26024956
0.26024956
0.26024956
0.26024956
0.26024956
0.26024956
0.26024956
0.26024956
0.26024956
0.26024956
0.26024956
0.26024956
0.26024956
0.26024956
0.26024956
0.26024956
0.26024956
0.26024956
0.26024956
0.26024956
0.26024956
0.26024956
0.26024956
0.26024956
0.26024956
0.26024956
0.26024956
0.26024956
0.26024956
0.26024956
0.26024956
0.26024956
0.26024956
0.26024956
0.26024956
0.26024956
0.26024956
0.26024956
0.26024956
0.26024956
0.26024956
0.26024956
0.26024956
0.26024956
0.26024956
0.26024956
0.26024956
0.26024956
0.26024956
0.26024956
0.26024956
0.26024956
0.26024956
0.26024956
0.26024956
0.26024956
0.26024956
0.26024956
0.26024956
0.26024956
0.26024956
0.26024956
0.26024956
0.26024956
0.26024956
0.26024956
0.26024956
0.26024956
0.26024956
0.26024956
0.26024956
0.26024956
0.26024956
0.26024956
0.26024956
0.26024956
0.26024956
0.26024956
0.26024956
0.26024956
0.26024956
0.26024956
0.26024956
0.26024956
0.26024956
0.26024956
0.26024956
0.26024956
0.26024956
0.26024956
0.26024956
0.26024956
0.26024956
0.26024956
0.26024956
0.26024956
0.26024956
0.26024956
0.26024956
0.26024956
0.26024956
0.26024956
0.26024956
0.26024956
0.26024956
0.26024956
0.26024956
0.26024956
0.26024956
0.26024956
0.26024956
0.26024956
0.26024956
0.26024956
0.26024956
0.26024956
0.26024956
0.26024956
0.26024956
0.26024956
0.26024956
0.26024956
0.26024956
0.26024956
0.26024956
0.26024956
0.26024956
0.26024956
0.26024956
0.26024956
0.26024956
0.26024956
0.26024956
0.26024956
0.26024956
0.26024956
0.26024956
0.26024956
0.26024956
0.26024956
0.26024956
0.26024956
0.26024956
0.26024956
0.26024956
0.26024956
0.26024956
0.26024956
0.26024956
0.26024956
0.26024956
0.26024956
0.26024956
0.26024956
0.26024956
0.26024956
0.26024956
0.26024956
0.26024956
0.26024956
0.26024956
0.26024956
0.26024956
0.26024956
0.26024956
0.26024956
0.26024956
0.26024956
0.26024956
0.26024956
0.26024956
0.26024956
0.26024956
0.26024956
0.26024956
0.26024956
0.26024956
0.26024956
0.26024956
0.26024956
0.26024956
0.26024956
0.26024956
0.26024956
0.26024956
0.26024956
0.26024956
0.26024956
0.26024956
0.26024956
0.26024956
0.26024956
0.26024956
0.26024956
0.26024956
0.26024956
0.26024956
0.26024956
0.26024956
0.26024956
0.26024956
0.26024956
0.26024956
0.26024956
0.26024956
0.26024956
0.26024956
0.26024956
0.26024956
0.26024956
0.26024956
0.26024956
0.26024956
0.26024956
0.26024956
0.26024956
0.26024956
0.26024956
0.26024956
0.26024956
0.26024956
0.26024956
0.26024956
0.26024956
0.26024956
0.26024956
0.26024956
0.26024956
0.26024956
0.26024956
0.26024956
0.26024956
0.26024956
0.26024956
0.26024956
0.26024956
0.26024956
0.26024956
0.26024956
0.26024956
0.26024956
0.26024956
0.26024956
0.26024956
0.26024956
0.26024956
0.26024956
0.26024956
0.26024956
0.26024956
0.26024956
0.26024956
0.26024956
0.26024956
0.26024956
0.26024956
0.26024956
0.26024956
0.26024956
0.26024956
0.26024956
0.26024956
0.26024956
0.26024956
0.26024956
0.26024956
0.26024956
0.26024956
0.26024956
0.26024956
0.26024956
0.26024956
0.26024956
0.26024956
0.26024956
0.26024956
0.26024956
0.26024956
0.26024956
0.26024956
0.26024956
0.26024956
0.26024956
0.26024956
0.26024956
0.26024956
0.26024956
0.26024956
0.26024956
0.26024956
0.26024956
0.26024956
0.26024956
0.26024956
0.26024956
0.26024956
0.26024956
0.26024956
0.26024956
0.26024956
0.26024956
0.26024956
0.26024956
0.26024956
0.26024956
0.26024956
0.26024956
0.26024956
0.26024956
0.26024956
0.26024956
0.26024956
0.26024956
0.26024956
0.26024956
0.26024956
0.26024956
0.26024956
0.26024956
0.26024956
0.26024956
0.26024956
0.26024956
0.26024956
0.26024956
0.26024956
0.26024956
0.26024956
0.26024956
0.26024956
0.26024956
0.26024956
0.26024956
0.26024956
0.26024956
0.26024956
0.26024956
0.26024956
0.26024956
0.26024956
0.26024956
0.26024956
0.26024956
0.26024956
0.26024956
0.26024956
0.26024956
0.26024956
0.26024956
0.26024956
0.26024956
0.26024956
0.26024956
0.26024956
0.26024956
0.26024956
0.26024956
0.26024956
0.26024956
0.26024956
0.26024956
0.26024956
0.26024956
0.26024956
0.26024956
0.26024956
0.26024956
0.26024956
0.26024956
0.26024956
0.26024956
0.26024956
0.26024956
0.26024956
0.26024956
0.26024956
0.26024956
0.26024956
0.26024956
0.26024956
0.26024956
0.26024956
0.26024956
0.26024956
0.26024956
0.26024956
0.26024956
0.26024956
0.26024956
0.26024956
0.26024956
0.26024956
0.26024956
0.26024956
0.26024956
0.26024956
0.26024956
0.26024956
0.26024956
0.26024956
0.26024956
0.26024956
0.26024956
0.26024956
0.26024956
0.26024956
0.26024956
0.26024956
0.26024956
0.26024956
0.26024956
0.26024956
0.26024956
0.26024956
0.26024956
0.26024956
0.26024956
0.26024956
0.26024956
0.26024956
0.26024956
0.26024956
0.26024956
0.26024956
0.26024956
0.26024956
0.26024956
0.26024956
0.26024956
0.26024956
0.26024956
0.26024956
0.26024956
0.26024956
0.26024956
0.26024956
0.26024956
0.26024956
0.26024956
0.26024956
0.26024956
0.26024956
0.26024956
0.26024956
0.26024956
0.26024956
0.26024956
0.26024956
0.26024956
0.26024956
0.26024956
0.26024956
0.26024956
0.26024956
0.26024956
0.26024956
0.26024956
0.26024956
0.26024956
0.26024956
0.26024956
0.26024956
0.26024956
0.26024956
0.26024956
0.26024956
0.26024956
0.26024956
0.26024956
0.26024956
0.26024956
0.26024956
0.26024956
0.26024956
0.26024956
0.26024956
0.26024956
0.26024956
0.26024956
0.26024956
0.26024956
0.26024956
0.26024956
0.26024956
0.26024956
0.26024956
0.26024956
0.26024956
0.26024956
0.26024956
0.26024956
0.26024956
0.26024956
0.26024956
0.26024956
0.26024956
0.26024956
0.26024956
0.26024956
0.26024956
0.26024956
0.26024956
0.26024956
0.26024956
0.26024956
0.26024956
0.26024956
0.26024956
0.26024956
0.26024956
0.26024956
0.26024956
0.26024956
0.26024956
0.26024956
0.26024956
0.26024956
0.26024956
0.26024956
0.26024956
0.26024956
0.26024956
0.26024956
0.26024956
0.26024956
0.26024956
0.26024956
0.26024956
0.26024956
0.26024956
0.26024956
0.26024956
0.26024956
0.26024956
0.26024956
0.26024956
0.26024956
0.26024956
0.26024956
0.26024956
0.26024956
0.26024956
0.26024956
0.26024956
0.26024956
0.26024956
0.26024956
0.26024956
0.26024956
0.26024956
0.26024956
0.26024956
0.26024956
0.26024956
0.26024956
0.26024956
0.26024956
0.26024956
0.26024956
0.26024956
0.26024956
0.26024956
0.26024956
0.26024956
0.26024956
0.26024956
0.26024956
0.26024956
0.26024956
0.26024956
0.26024956
0.26024956
0.26024956
0.26024956
0.26024956
0.26024956
0.26024956
0.26024956
0.26024956
0.26024956
0.26024956
0.26024956
0.26024956
0.26024956
0.26024956
0.26024956
0.26024956
0.26024956
0.26024956
0.26024956
0.26024956
0.26024956
0.26024956
0.26024956
0.26024956
0.26024956
0.26024956
0.26024956
0.26024956
0.26024956
0.26024956
0.26024956
0.26024956
0.26024956
0.26024956
0.26024956
0.26024956
0.26024956
0.26024956
0.26024956
0.26024956
0.26024956
0.26024956
0.26024956
0.26024956
0.26024956
0.26024956
0.26024956
0.26024956
0.26024956
0.26024956
0.26024956
0.26024956
0.26024956
0.26024956
0.26024956
0.26024956
0.26024956
0.26024956
0.26024956
0.26024956
0.26024956
0.26024956
0.26024956
0.26024956
0.26024956
0.26024956
0.26024956
0.26024956
0.26024956
0.26024956
0.26024956
0.26024956
0.26024956
0.26024956
0.26024956
0.26024956
0.26024956
0.26024956
0.26024956
0.26024956
0.26024956
0.26024956
0.26024956
0.26024956
0.26024956
0.26024956
0.26024956
0.26024956
0.26024956
0.26024956
0.26024956
0.26024956
0.26024956
0.26024956
0.26024956
0.26024956
0.26024956
0.26024956
0.26024956
0.26024956
0.26024956
0.26024956
0.26024956
0.26024956
0.26024956
0.26024956
0.26024956
0.26024956
0.26024956
0.26024956
0.26024956
0.26024956
0.26024956
0.26024956
0.26024956
0.26024956
0.26024956
0.26024956
0.26024956
0.26024956
0.26024956
0.26024956
0.26024956
0.26024956
0.26024956
0.26024956
0.26024956
0.26024956
0.26024956
0.26024956
0.26024956
0.26024956
0.26024956
0.26024956
0.26024956
0.26024956
0.26024956
0.26024956
0.26024956
0.26024956
0.26024956
0.26024956
0.26024956
0.26024956
0.26024956
0.26024956
0.26024956
0.26024956
0.26024956
0.26024956
0.26024956
0.26024956
0.26024956
0.26024956
0.26024956
0.26024956
0.26024956
0.26024956
0.26024956
0.26024956
0.26024956
0.26024956
0.26024956
0.26024956
0.26024956
0.26024956
0.26024956
0.26024956
0.26024956
0.26024956
0.26024956
0.26024956
0.26024956
0.26024956
0.26024956
0.26024956
0.26024956
0.26024956
0.26024956
0.26024956
0.26024956
0.26024956
0.26024956
0.26024956
0.26024956
0.26024956
0.26024956
0.26024956
0.26024956
0.26024956
0.26024956
0.26024956
0.26024956
0.26024956
0.26024956
0.26024956
0.26024956
0.26024956
0.26024956
0.26024956
0.26024956
0.26024956
0.26024956
0.26024956
0.26024956
0.26024956
0.26024956
0.26024956
0.26024956
0.26024956
0.26024956
0.26024956
0.26024956
0.26024956
0.26024956
0.26024956
0.26024956
0.26024956
0.26024956
0.26024956
0.26024956
0.26024956
0.26024956
0.26024956
0.26024956
0.26024956
0.26024956
0.26024956
0.26024956
0.26024956
0.26024956
0.26024956
0.26024956
0.26024956
0.26024956
0.26024956
0.26024956
0.26024956
0.26024956
0.26024956
0.26024956
0.26024956
0.26024956
0.26024956
0.26024956
0.26024956
0.26024956
0.26024956
0.26024956
0.26024956
0.26024956
0.26024956
0.26024956
0.26024956
0.26024956
0.26024956
0.26024956
0.26024956
0.26024956
0.26024956
0.26024956
0.26024956
0.26024956
0.26024956
0.26024956
0.26024956
0.26024956
0.26024956
0.26024956
0.26024956
0.26024956
0.26024956
0.26024956
0.26024956
0.26024956
0.26024956
0.26024956
0.26024956
0.26024956
0.26024956
0.26024956
0.26024956
0.26024956
0.26024956
0.26024956
0.26024956
0.26024956
0.26024956
0.26024956
0.26024956
0.26024956
0.26024956
0.26024956
0.26024956
0.26024956
0.26024956
0.26024956
0.26024956
0.26024956
0.26024956
0.26024956
0.26024956
0.26024956
0.26024956
0.26024956
0.26024956
0.26024956
0.26024956
0.26024956
0.26024956
0.26024956
0.26024956
0.26024956
0.26024956
0.26024956
0.26024956
0.26024956
0.26024956
0.26024956
0.26024956
0.26024956
0.26024956
0.26024956
0.26024956
0.26024956
0.26024956
0.26024956
0.26024956
0.26024956
0.26024956
0.26024956
0.26024956
0.26024956
0.26024956
0.26024956
0.26024956
0.26024956
0.26024956
0.26024956
0.26024956
0.26024956
0.26024956
0.26024956
0.26024956
0.26024956
0.26024956
0.26024956
0.26024956
0.26024956
0.26024956
0.26024956
0.26024956
0.26024956
0.26024956
0.26024956
0.26024956
0.26024956
0.26024956
0.26024956
0.26024956
0.26024956
0.26024956
0.26024956
0.26024956
0.26024956
0.26024956
0.26024956
0.26024956
0.26024956
0.26024956
0.26024956
0.26024956
0.26024956
0.26024956
0.26024956
0.26024956
0.26024956
0.26024956
0.26024956
0.26024956
0.26024956
0.26024956
0.26024956
0.26024956
0.26024956
0.26024956
0.26024956
0.26024956
0.26024956
0.26024956
0.26024956
0.26024956
0.26024956
0.26024956
0.26024956
0.26024956
0.26024956
0.26024956
0.26024956
0.26024956
0.26024956
0.26024956
0.26024956
0.26024956
0.26024956
0.26024956
0.26024956
0.26024956
0.26024956
0.26024956
0.26024956
0.26024956
0.26024956
0.26024956
0.26024956
0.26024956
0.26024956
0.26024956
0.26024956
0.26024956
0.26024956
0.26024956
0.26024956
0.26024956
0.26024956
0.26024956
0.26024956
0.26024956
0.26024956
0.26024956
0.26024956
0.26024956
0.26024956
0.26024956
0.26024956
0.26024956
0.26024956
0.26024956
0.26024956
0.26024956
0.26024956
0.26024956
0.26024956
0.26024956
0.26024956
0.26024956
0.26024956
0.26024956
0.26024956
0.26024956
0.26024956
0.26024956
0.26024956
0.26024956
0.26024956
0.26024956
0.26024956
0.26024956
0.26024956
0.26024956
0.26024956
0.26024956
0.26024956
0.26024956
0.26024956
0.26024956
0.26024956
0.26024956
0.26024956
0.26024956
0.26024956
0.26024956
0.26024956
0.26024956
0.26024956
0.26024956
0.26024956
0.26024956
0.26024956
0.26024956
0.26024956
0.26024956
0.26024956
0.26024956
0.26024956
0.26024956
0.26024956
0.26024956
0.26024956
0.26024956
0.26024956
0.26024956
0.26024956
0.26024956
0.26024956
0.26024956
0.26024956
0.26024956
0.26024956
0.26024956
0.26024956
0.26024956
0.26024956
0.26024956
0.26024956
0.26024956
0.26024956
0.26024956
0.26024956
0.26024956
0.26024956
0.26024956
0.26024956
0.26024956
0.26024956
0.26024956
0.26024956
0.26024956
0.26024956
0.26024956
0.26024956
0.26024956
0.26024956
0.26024956
0.26024956
0.26024956
0.26024956
0.26024956
0.26024956
0.26024956
0.26024956
0.26024956
0.26024956
0.26024956
0.26024956
0.26024956
0.26024956
0.26024956
0.26024956
0.26024956
0.26024956
0.26024956
0.26024956
0.26024956
0.26024956
0.26024956
0.26024956
0.26024956
0.26024956
0.26024956
0.26024956
0.26024956
0.26024956
0.26024956
0.26024956
0.26024956
0.26024956
0.26024956
0.26024956
0.26024956
0.26024956
0.26024956
0.26024956
0.26024956
0.26024956
0.26024956
0.26024956
0.26024956
0.26024956
0.26024956
0.26024956
0.26024956
0.26024956
0.26024956
0.26024956
0.26024956
0.26024956
0.26024956
0.26024956
0.26024956
0.26024956
0.26024956
0.26024956
0.26024956
0.26024956
0.26024956
0.26024956
0.26024956
0.26024956
0.26024956
0.26024956
0.26024956
0.26024956
0.26024956
0.26024956
0.26024956
0.26024956
0.26024956
0.26024956
0.26024956
0.26024956
0.26024956
0.26024956
0.26024956
0.26024956
0.26024956
0.26024956
0.26024956
0.26024956
0.26024956
0.26024956
0.26024956
0.26024956
0.26024956
0.26024956
0.26024956
0.26024956
0.26024956
0.26024956
0.26024956
0.26024956
0.26024956
0.26024956
0.26024956
0.26024956
0.26024956
0.26024956
0.26024956
0.26024956
0.26024956
0.26024956
0.26024956
0.26024956
0.26024956
0.26024956
0.26024956
0.26024956
0.26024956
0.26024956
0.26024956
0.26024956
0.26024956
0.26024956
0.26024956
0.26024956
0.26024956
0.26024956
0.26024956
0.26024956
0.26024956
0.26024956
0.26024956
0.26024956
0.26024956
0.26024956
0.26024956
0.26024956
0.26024956
0.26024956
0.26024956
0.26024956
0.26024956
0.26024956
0.26024956
0.26024956
0.26024956
0.26024956
0.26024956
0.26024956
0.26024956
0.26024956
0.26024956
0.26024956
0.26024956
0.26024956
0.26024956
0.26024956
0.26024956
0.26024956
0.26024956
0.26024956
0.26024956
0.26024956
0.26024956
0.26024956
0.26024956
0.26024956
0.26024956
0.26024956
0.26024956
0.26024956
0.26024956
0.26024956
0.26024956
0.26024956
0.26024956
0.26024956
0.26024956
0.26024956
0.26024956
0.26024956
0.26024956
0.26024956
0.26024956
0.26024956
0.26024956
0.26024956
0.26024956
0.26024956
0.26024956
0.26024956
0.26024956
0.26024956
0.26024956
0.26024956
0.26024956
0.26024956
0.26024956
0.26024956
0.26024956
0.26024956
0.26024956
0.26024956
0.26024956
0.26024956
0.26024956
0.26024956
0.26024956
0.26024956
0.26024956
0.26024956
0.26024956
0.26024956
0.26024956
0.26024956
0.26024956
0.26024956
0.26024956
0.26024956
0.26024956
0.26024956
0.26024956
0.26024956
0.26024956
0.26024956
0.26024956
0.26024956
0.26024956
0.26024956
0.26024956
0.26024956
0.26024956
0.26024956
0.26024956
0.26024956
0.26024956
0.26024956
0.26024956
0.26024956
0.26024956
0.26024956
0.26024956
0.26024956
0.26024956
0.26024956
0.26024956
0.26024956
0.26024956
0.26024956
0.26024956
0.26024956
0.26024956
0.26024956
0.26024956
0.26024956
0.26024956
0.26024956
0.26024956
0.26024956
0.26024956
0.26024956
0.26024956
0.26024956
0.26024956
0.26024956
0.26024956
0.26024956
0.26024956
0.26024956
0.26024956
0.26024956
0.26024956
0.26024956
0.26024956
0.26024956
0.26024956
0.26024956
0.26024956
0.26024956
0.26024956
0.26024956
0.26024956
0.26024956
0.26024956
0.26024956
0.26024956
0.26024956
0.26024956
0.26024956
0.26024956
0.26024956
0.26024956
0.26024956
0.26024956
0.26024956
0.26024956
0.26024956
0.26024956
0.26024956
0.26024956
0.26024956
0.26024956
0.26024956
0.26024956
0.26024956
0.26024956
0.26024956
0.26024956
0.26024956
0.26024956
0.26024956
0.26024956
0.26024956
0.26024956
0.26024956
0.26024956
0.26024956
0.26024956
0.26024956
0.26024956
0.26024956
0.26024956
0.26024956
0.26024956
0.26024956
0.26024956
0.26024956
0.26024956
0.26024956
0.26024956
0.26024956
0.26024956
0.26024956
0.26024956
0.26024956
0.26024956
0.26024956
0.26024956
0.26024956
0.26024956
0.26024956
0.26024956
0.26024956
0.26024956
0.26024956
0.26024956
0.26024956
0.26024956
0.26024956
0.26024956
0.26024956
0.26024956
0.26024956
0.26024956
0.26024956
0.26024956
0.26024956
0.26024956
0.26024956
0.26024956
0.26024956
0.26024956
0.26024956
0.26024956
0.26024956
0.26024956
0.26024956
0.26024956
0.26024956
0.26024956
0.26024956
0.26024956
0.26024956
0.26024956
0.26024956
0.26024956
0.26024956
0.26024956
0.26024956
0.26024956
0.26024956
0.26024956
0.26024956
0.26024956
0.26024956
0.26024956
0.26024956
0.26024956
0.26024956
0.26024956
0.26024956
0.26024956
0.26024956
0.26024956
0.26024956
0.26024956
0.26024956
0.26024956
0.26024956
0.26024956
0.26024956
0.26024956
0.26024956
0.26024956
0.26024956
0.26024956
0.26024956
0.26024956
0.26024956
0.26024956
0.26024956
0.26024956
0.26024956
0.26024956
0.26024956
0.26024956
0.26024956
0.26024956
0.26024956
0.26024956
0.26024956
0.26024956
0.26024956
0.26024956
0.26024956
0.26024956
0.26024956
0.26024956
0.26024956
0.26024956
0.26024956
0.26024956
0.26024956
0.26024956
0.26024956
0.26024956
0.26024956
0.26024956
0.26024956
0.26024956
0.26024956
0.26024956
0.26024956
0.26024956
0.26024956
0.26024956
0.26024956
0.26024956
0.26024956
0.26024956
0.26024956
0.26024956
0.26024956
0.26024956
0.26024956
0.26024956
0.26024956
0.26024956
0.26024956
0.26024956
0.26024956
0.26024956
0.26024956
0.26024956
0.26024956
0.26024956
0.26024956
0.26024956
0.26024956
0.26024956
0.26024956
0.26024956
0.26024956
0.26024956
0.26024956
0.26024956
0.26024956
0.26024956
0.26024956
0.26024956
0.26024956
0.26024956
0.26024956
0.26024956
0.26024956
0.26024956
0.26024956
0.26024956
0.26024956
0.26024956
0.26024956
0.26024956
0.26024956
0.26024956
0.26024956
0.26024956
0.26024956
0.26024956
0.26024956
0.26024956
0.26024956
0.26024956
0.26024956
0.26024956
0.26024956
0.26024956
0.26024956
0.26024956
0.26024956
0.26024956
0.26024956
0.26024956
0.26024956
0.26024956
0.26024956
0.26024956
0.26024956
0.26024956
0.26024956
0.26024956
0.26024956
0.26024956
0.26024956
0.26024956
0.26024956
0.26024956
0.26024956
0.26024956
0.26024956
0.26024956
0.26024956
0.26024956
0.26024956
0.26024956
0.26024956
0.26024956
0.26024956
0.26024956
0.26024956
0.26024956
0.26024956
0.26024956
0.26024956
0.26024956
0.26024956
0.26024956
0.26024956
0.26024956
0.26024956
0.26024956
0.26024956
0.26024956
0.26024956
0.26024956
0.26024956
0.26024956
0.26024956
0.26024956
0.26024956
0.26024956
0.26024956
0.26024956
0.26024956
0.26024956
0.26024956
0.26024956
0.26024956
0.26024956
0.26024956
0.26024956
0.26024956
0.26024956
0.26024956
0.26024956
0.26024956
0.26024956
0.26024956
0.26024956
0.26024956
0.26024956
0.26024956
0.26024956
0.26024956
0.26024956
0.26024956
0.26024956
0.26024956
0.26024956
0.26024956
0.26024956
0.26024956
0.26024956
0.26024956
0.26024956
0.26024956
0.26024956
0.26024956
0.26024956
0.26024956
0.26024956
0.26024956
0.26024956
0.26024956
0.26024956
0.26024956
0.26024956
0.26024956
0.26024956
0.26024956
0.26024956
0.26024956
0.26024956
0.26024956
0.26024956
0.26024956
0.26024956
0.26024956
0.26024956
0.26024956
0.26024956
0.26024956
0.26024956
0.26024956
0.26024956
0.26024956
0.26024956
0.26024956
0.26024956
0.26024956
0.26024956
0.26024956
0.26024956
0.26024956
0.26024956
0.26024956
0.26024956
0.26024956
0.26024956
0.26024956
0.26024956
0.26024956
0.26024956
0.26024956
0.26024956
0.26024956
0.26024956
0.26024956
0.26024956
0.26024956
0.26024956
0.26024956
0.26024956
0.26024956
0.26024956
0.26024956
0.26024956
0.26024956
0.26024956
0.26024956
0.26024956
0.26024956
0.26024956
0.26024956
0.26024956
0.26024956
0.26024956
0.26024956
0.26024956
0.26024956
0.26024956
0.26024956
0.26024956
0.26024956
0.26024956
0.26024956
0.26024956
0.26024956
0.26024956
0.26024956
0.26024956
0.26024956
0.26024956
0.26024956
0.26024956
0.26024956
0.26024956
0.26024956
0.26024956
0.26024956
0.26024956
0.26024956
0.26024956
0.26024956
0.26024956
0.26024956
0.26024956
0.26024956
0.26024956
0.26024956
0.26024956
0.26024956
0.26024956
0.26024956
0.26024956
0.26024956
0.26024956
0.26024956
0.26024956
0.26024956
0.26024956
0.26024956
0.26024956
0.26024956
0.26024956
0.26024956
0.26024956
0.26024956
0.26024956
0.26024956
0.26024956
0.26024956
0.26024956
0.26024956
0.26024956
0.26024956
0.26024956
0.26024956
0.26024956
0.26024956
0.26024956
0.26024956
0.26024956
0.26024956
0.26024956
0.26024956
0.26024956
0.26024956
0.26024956
0.26024956
0.26024956
0.26024956
0.26024956
0.26024956
0.26024956
0.26024956
0.26024956
0.26024956
0.26024956
0.26024956
0.26024956
0.26024956
0.26024956
0.26024956
0.26024956
0.26024956
0.26024956
0.26024956
0.26024956
0.26024956
0.26024956
0.26024956
0.26024956
0.26024956
0.26024956
0.26024956
0.26024956
0.26024956
0.26024956
0.26024956
0.26024956
0.26024956
0.26024956
0.26024956
0.26024956
0.26024956
0.26024956
0.26024956
0.26024956
0.26024956
0.26024956
0.26024956
0.26024956
0.26024956
0.26024956
0.26024956
0.26024956
0.26024956
0.26024956
0.26024956
0.26024956
0.26024956
0.26024956
0.26024956
0.26024956
0.26024956
0.26024956
0.26024956
0.26024956
0.26024956
0.26024956
0.26024956
0.26024956
0.26024956
0.26024956
0.26024956
0.26024956
0.26024956
0.26024956
0.26024956
0.26024956
0.26024956
0.26024956
0.26024956
0.26024956
0.26024956
0.26024956
0.26024956
0.26024956
0.26024956
0.26024956
0.26024956
0.26024956
0.26024956
0.26024956
0.26024956
0.26024956
0.26024956
0.26024956
0.26024956
0.26024956
0.26024956
0.26024956
0.26024956
0.26024956
0.26024956
0.26024956
0.26024956
0.26024956
0.26024956
0.26024956
0.26024956
0.26024956
0.26024956
0.26024956
0.26024956
0.26024956
0.26024956
0.26024956
0.26024956
0.26024956
0.26024956
0.26024956
0.26024956
0.26024956
0.26024956
0.26024956
0.26024956
0.26024956
0.26024956
0.26024956
0.26024956
0.26024956
0.26024956
0.26024956
0.26024956
0.26024956
0.26024956
0.26024956
0.26024956
0.26024956
0.26024956
0.26024956
0.26024956
0.26024956
0.26024956
0.26024956
0.26024956
0.26024956
0.26024956
0.26024956
0.26024956
0.26024956
0.26024956
0.26024956
0.26024956
0.26024956
0.26024956
0.26024956
0.26024956
0.26024956
0.26024956
0.26024956
0.26024956
0.26024956
0.26024956
0.26024956
0.26024956
0.26024956
0.26024956
0.26024956
0.26024956
0.26024956
0.26024956
0.26024956
0.26024956
0.26024956
0.26024956
0.26024956
0.26024956
0.26024956
0.26024956
0.26024956
0.26024956
0.26024956
0.26024956
0.26024956
0.26024956
0.26024956
0.26024956
0.26024956
0.26024956
0.26024956
0.26024956
0.26024956
0.26024956
0.26024956
0.26024956
0.26024956
0.26024956
0.26024956
0.26024956
0.26024956
0.26024956
0.26024956
0.26024956
0.26024956
0.26024956
0.26024956
0.26024956
0.26024956
0.26024956
0.26024956
0.26024956
0.26024956
0.26024956
0.26024956
0.26024956
0.26024956
0.26024956
0.26024956
0.26024956
0.26024956
0.26024956
0.26024956
0.26024956
0.26024956
0.26024956
0.26024956
0.26024956
0.26024956
0.26024956
0.26024956
0.26024956
0.26024956
0.26024956
0.26024956
0.26024956
0.26024956
0.26024956
0.26024956
0.26024956
0.26024956
0.26024956
0.26024956
0.26024956
0.26024956
0.26024956
0.26024956
0.26024956
0.26024956
0.26024956
0.26024956
0.26024956
0.26024956
0.26024956
0.26024956
0.26024956
0.26024956
0.26024956
0.26024956
0.26024956
0.26024956
0.26024956
0.26024956
0.26024956
0.26024956
0.26024956
0.26024956
0.26024956
0.26024956
0.26024956
0.26024956
0.26024956
0.26024956
0.26024956
0.26024956
0.26024956
0.26024956
0.26024956
0.26024956
0.26024956
0.26024956
0.26024956
0.26024956
0.26024956
0.26024956
0.26024956
0.26024956
0.26024956
0.26024956
0.26024956
0.26024956
0.26024956
0.26024956
0.26024956
0.26024956
0.26024956
0.26024956
0.26024956
0.26024956
0.26024956
0.26024956
0.26024956
0.26024956
0.26024956
0.26024956
0.26024956
0.26024956
0.26024956
0.26024956
0.26024956
0.26024956
0.26024956
0.26024956
0.26024956
0.26024956
0.26024956
0.26024956
0.26024956
0.26024956
0.26024956
0.26024956
0.26024956
0.26024956
0.26024956
0.26024956
0.26024956
0.26024956
0.26024956
0.26024956
0.26024956
0.26024956
0.26024956
0.26024956
0.26024956
0.26024956
0.26024956
0.26024956
0.26024956
0.26024956
0.26024956
0.26024956
0.26024956
0.26024956
0.26024956
0.26024956
0.26024956
0.26024956
0.26024956
0.26024956
0.26024956
0.26024956
0.26024956
0.26024956
0.26024956
0.26024956
0.26024956
0.26024956
0.26024956
0.26024956
0.26024956
0.26024956
0.26024956
0.26024956
0.26024956
0.26024956
0.26024956
0.26024956
0.26024956
0.26024956
0.26024956
0.26024956
0.26024956
0.26024956
0.26024956
0.26024956
0.26024956
0.26024956
0.26024956
0.26024956
0.26024956
0.26024956
0.26024956
0.26024956
0.26024956
0.26024956
0.26024956
0.26024956
0.26024956
0.26024956
0.26024956
0.26024956
0.26024956
0.26024956
0.26024956
0.26024956
0.26024956
0.26024956
0.26024956
0.26024956
0.26024956
0.26024956
0.26024956
0.26024956
0.26024956
0.26024956
0.26024956
0.26024956
0.26024956
0.26024956
0.26024956
0.26024956
0.26024956
0.26024956
0.26024956
0.26024956
0.26024956
0.26024956
0.26024956
0.26024956
0.26024956
0.26024956
0.26024956
0.26024956
0.26024956
0.26024956
0.26024956
0.26024956
0.26024956
0.26024956
0.26024956
0.26024956
0.26024956
0.26024956
0.26024956
0.26024956
0.26024956
0.26024956
0.26024956
0.26024956
0.26024956
0.26024956
0.26024956
0.26024956
0.26024956
0.26024956
0.26024956
0.26024956
0.26024956
0.26024956
0.26024956
0.26024956
0.26024956
0.26024956
0.26024956
0.26024956
0.26024956
0.26024956
0.26024956
0.26024956
0.26024956
0.26024956
0.26024956
0.26024956
0.26024956
0.26024956
0.26024956
0.26024956
0.26024956
0.26024956
0.26024956
0.26024956
0.26024956
0.26024956
0.26024956
0.26024956
0.26024956
0.26024956
0.26024956
0.26024956
0.26024956
0.26024956
0.26024956
0.26024956
0.26024956
0.26024956
0.26024956
0.26024956
0.26024956
0.26024956
0.26024956
0.26024956
0.26024956
0.26024956
0.26024956
0.26024956
0.26024956
0.26024956
0.26024956
0.26024956
0.26024956
0.26024956
0.26024956
0.26024956
0.26024956
0.26024956
0.26024956
0.26024956
0.26024956
0.26024956
0.26024956
0.26024956
0.26024956
0.26024956
0.26024956
0.26024956
0.26024956
0.26024956
0.26024956
0.26024956
0.26024956
0.26024956
0.26024956
0.26024956
0.26024956
0.26024956
0.26024956
0.26024956
0.26024956
0.26024956
0.26024956
0.26024956
0.26024956
0.26024956
0.26024956
0.26024956
0.26024956
0.26024956
0.26024956
0.26024956
0.26024956
0.26024956
0.26024956
0.26024956
0.26024956
0.26024956
0.26024956
0.26024956
0.26024956
0.26024956
0.26024956
0.26024956
0.26024956
0.26024956
0.26024956
0.26024956
0.26024956
0.26024956
0.26024956
0.26024956
0.26024956
0.26024956
0.26024956
0.26024956
0.26024956
0.26024956
0.26024956
0.26024956
0.26024956
0.26024956
0.26024956
0.26024956
0.26024956
0.26024956
0.26024956
0.26024956
0.26024956
0.26024956
0.26024956
0.26024956
0.26024956
0.26024956
0.26024956
0.26024956
0.26024956
0.26024956
0.26024956
0.26024956
0.26024956
0.26024956
0.26024956
0.26024956
0.26024956
0.26024956
0.26024956
0.26024956
0.26024956
0.26024956
0.26024956
0.26024956
0.26024956
0.26024956
0.26024956
0.26024956
0.26024956
0.26024956
0.26024956
0.26024956
0.26024956
0.26024956
0.26024956
0.26024956
0.26024956
0.26024956
0.26024956
0.26024956
0.26024956
0.26024956
0.26024956
0.26024956
0.26024956
0.26024956
0.26024956
0.26024956
0.26024956
0.26024956
0.26024956
0.26024956
0.26024956
0.26024956
0.26024956
0.26024956
0.26024956
0.26024956
0.26024956
0.26024956
0.26024956
0.26024956
0.26024956
0.26024956
0.26024956
0.26024956
0.26024956
0.26024956
0.26024956
0.26024956
0.26024956
0.26024956
0.26024956
0.26024956
0.26024956
0.26024956
0.26024956
0.26024956
0.26024956
0.26024956
0.26024956
0.26024956
0.26024956
0.26024956
0.26024956
0.26024956
0.26024956
0.26024956
0.26024956
0.26024956
0.26024956
0.26024956
0.26024956
0.26024956
0.26024956
0.26024956
0.26024956
0.26024956
0.26024956
0.26024956
0.26024956
0.26024956
0.26024956
0.26024956
0.26024956
0.26024956
0.26024956
0.26024956
0.26024956
0.26024956
0.26024956
0.26024956
0.26024956
0.26024956
0.26024956
0.26024956
0.26024956
0.26024956
0.26024956
0.26024956
0.26024956
0.26024956
0.26024956
0.26024956
0.26024956
0.26024956
0.26024956
0.26024956
0.26024956
0.26024956
0.26024956
0.26024956
0.26024956
0.26024956
0.26024956
0.26024956
0.26024956
0.26024956
0.26024956
0.26024956
0.26024956
0.26024956
0.26024956
0.26024956
0.26024956
0.26024956
0.26024956
0.26024956
0.26024956
0.26024956
0.26024956
0.26024956
0.26024956
0.26024956
0.26024956
0.26024956
0.26024956
0.26024956
0.26024956
0.26024956
0.26024956
0.26024956
0.26024956
0.26024956
0.26024956
0.26024956
0.26024956
0.26024956
0.26024956
0.26024956
0.26024956
0.26024956
0.26024956
0.26024956
0.26024956
0.26024956
0.26024956
0.26024956
0.26024956
0.26024956
0.26024956
0.26024956
0.26024956
0.26024956
0.26024956
0.26024956
0.26024956
0.26024956
0.26024956
0.26024956
0.26024956
0.26024956
0.26024956
0.26024956
0.26024956
0.26024956
0.26024956
0.26024956
0.26024956
0.26024956
0.26024956
0.26024956
0.26024956
0.26024956
0.26024956
0.26024956
0.26024956
0.26024956
0.26024956
0.26024956
0.26024956
0.26024956
0.26024956
0.26024956
0.26024956
0.26024956
0.26024956
0.26024956
0.26024956
0.26024956
0.26024956
0.26024956
0.26024956
0.26024956
0.26024956
0.26024956
0.26024956
0.26024956
0.26024956
0.26024956
0.26024956
0.26024956
0.26024956
0.26024956
0.26024956
0.26024956
0.26024956
0.26024956
0.26024956
0.26024956
0.26024956
0.26024956
0.26024956
0.26024956
0.26024956
0.26024956
0.26024956
0.26024956
0.26024956
0.26024956
0.26024956
0.26024956
0.26024956
0.26024956
0.26024956
0.26024956
0.26024956
0.26024956
0.26024956
0.26024956
0.26024956
0.26024956
0.26024956
0.26024956
0.26024956
0.26024956
0.26024956
0.26024956
0.26024956
0.26024956
0.26024956
0.26024956
0.26024956
0.26024956
0.26024956
0.26024956
0.26024956
0.26024956
0.26024956
0.26024956
0.26024956
0.26024956
0.26024956
0.26024956
0.26024956
0.26024956
0.26024956
0.26024956
0.26024956
0.26024956
0.26024956
0.26024956
0.26024956
0.26024956
0.26024956
0.26024956
0.26024956
0.26024956
0.26024956
0.26024956
0.26024956
0.26024956
0.26024956
0.26024956
0.26024956
0.26024956
0.26024956
0.26024956
0.26024956
0.26024956
0.26024956
0.26024956
0.26024956
0.26024956
0.26024956
0.26024956
0.26024956
0.26024956
0.26024956
0.26024956
0.26024956
0.26024956
0.26024956
0.26024956
0.26024956
0.26024956
0.26024956
0.26024956
0.26024956
0.26024956
0.26024956
0.26024956
0.26024956
0.26024956
0.26024956
0.26024956
0.26024956
0.26024956
0.26024956
0.26024956
0.26024956
0.26024956
0.26024956
0.26024956
0.26024956
0.26024956
0.26024956
0.26024956
0.26024956
0.26024956
0.26024956
0.26024956
0.26024956
0.26024956
0.26024956
0.26024956
0.26024956
0.26024956
0.26024956
0.26024956
0.26024956
0.26024956
0.26024956
0.26024956
0.26024956
0.26024956
0.26024956
0.26024956
0.26024956
0.26024956
0.26024956
0.26024956
0.26024956
0.26024956
0.26024956
0.26024956
0.26024956
0.26024956
0.26024956
0.26024956
0.26024956
0.26024956
0.26024956
0.26024956
0.26024956
0.26024956
0.26024956
0.26024956
0.26024956
0.26024956
0.26024956
0.26024956
0.26024956
0.26024956
0.26024956
0.26024956
0.26024956
0.26024956
0.26024956
0.26024956
0.26024956
0.26024956
0.26024956
0.26024956
0.26024956
0.26024956
0.26024956
0.26024956
0.26024956
0.26024956
0.26024956
0.26024956
0.26024956
0.26024956
0.26024956
0.26024956
0.26024956
0.26024956
0.26024956
0.26024956
0.26024956
0.26024956
0.26024956
0.26024956
0.26024956
0.26024956
0.26024956
0.26024956
0.26024956
0.26024956
0.26024956
0.26024956
0.26024956
0.26024956
0.26024956
0.26024956
0.26024956
0.26024956
0.26024956
0.26024956
0.26024956
0.26024956
0.26024956
0.26024956
0.26024956
0.26024956
0.26024956
0.26024956
0.26024956
0.26024956
0.26024956
0.26024956
0.26024956
0.26024956
0.26024956
0.26024956
0.26024956
0.26024956
0.26024956
0.26024956
0.26024956
0.26024956
0.26024956
0.26024956
0.26024956
0.26024956
0.26024956
0.26024956
0.26024956
0.26024956
0.26024956
0.26024956
0.26024956
0.26024956
0.26024956
0.26024956
0.26024956
0.26024956
0.26024956
0.26024956
0.26024956
0.26024956
0.26024956
0.26024956
0.26024956
0.26024956
0.26024956
0.26024956
0.26024956
0.26024956
0.26024956
0.26024956
0.26024956
0.26024956
0.26024956
0.26024956
0.26024956
0.26024956
0.26024956
0.26024956
0.26024956
0.26024956
0.26024956
0.26024956
0.26024956
0.26024956
0.26024956
0.26024956
0.26024956
0.26024956
0.26024956
0.26024956
0.26024956
0.26024956
0.26024956
0.26024956
0.26024956
0.26024956
0.26024956
0.26024956
0.26024956
0.26024956
0.26024956
0.26024956
0.26024956
0.26024956
0.26024956
0.26024956
0.26024956
0.26024956
0.26024956
0.26024956
0.26024956
0.26024956
0.26024956
0.26024956
0.26024956
0.26024956
0.26024956
0.26024956
0.26024956
0.26024956
0.26024956
0.26024956
0.26024956
0.26024956
0.26024956
0.26024956
0.26024956
0.26024956
0.26024956
0.26024956
0.26024956
0.26024956
0.26024956
0.26024956
0.26024956
0.26024956
0.26024956
0.26024956
0.26024956
0.26024956
0.26024956
0.26024956
0.26024956
0.26024956
0.26024956
0.26024956
0.26024956
0.26024956
0.26024956
0.26024956
0.26024956
0.26024956
0.26024956
0.26024956
0.26024956
0.26024956
0.26024956
0.26024956
0.26024956
0.26024956
0.26024956
0.26024956
0.26024956
0.26024956
0.26024956
0.26024956
0.26024956
0.26024956
0.26024956
0.26024956
0.26024956
0.26024956
0.26024956
0.26024956
0.26024956
0.26024956
0.26024956
0.26024956
0.26024956
0.26024956
0.26024956
0.26024956
0.26024956
0.26024956
0.26024956
0.26024956
0.26024956
0.26024956
0.26024956
0.26024956
0.26024956
0.26024956
0.26024956
0.26024956
0.26024956
0.26024956
0.26024956
0.26024956
0.26024956
0.26024956
0.26024956
0.26024956
0.26024956
0.26024956
0.26024956
0.26024956
0.26024956
0.26024956
0.26024956
0.26024956
0.26024956
0.26024956
0.26024956
0.26024956
0.26024956
0.26024956
0.26024956
0.26024956
0.26024956
0.26024956
0.26024956
0.26024956
0.26024956
0.26024956
0.26024956
0.26024956
0.26024956
0.26024956
0.26024956
0.26024956
0.26024956
0.26024956
0.26024956
0.26024956
0.26024956
0.26024956
0.26024956
0.26024956
0.26024956
0.26024956
0.26024956
0.26024956
0.26024956
0.26024956
0.26024956
0.26024956
0.26024956
0.26024956
0.26024956
0.26024956
0.26024956
0.26024956
0.26024956
0.26024956
0.26024956
0.26024956
0.26024956
0.26024956
0.26024956
0.26024956
0.26024956
0.26024956
0.26024956
0.26024956
0.26024956
0.26024956
0.26024956
0.26024956
0.26024956
0.26024956
0.26024956
0.26024956
0.26024956
0.26024956
0.26024956
0.26024956
0.26024956
0.26024956
0.26024956
0.26024956
0.26024956
0.26024956
0.26024956
0.26024956
0.26024956
0.26024956
0.26024956
0.26024956
0.26024956
0.26024956
0.26024956
0.26024956
0.26024956
0.26024956
0.26024956
0.26024956
0.26024956
0.26024956
0.26024956
0.26024956
0.26024956
0.26024956
0.26024956
0.26024956
0.26024956
0.26024956
0.26024956
0.26024956
0.26024956
0.26024956
0.26024956
0.26024956
0.26024956
0.26024956
0.26024956
0.26024956
0.26024956
0.26024956
0.26024956
0.26024956
0.26024956
0.26024956
0.26024956
0.26024956
0.26024956
0.26024956
0.26024956
0.26024956
0.26024956
0.26024956
0.26024956
0.26024956
0.26024956
0.26024956
0.26024956
0.26024956
0.26024956
0.26024956
0.26024956
0.26024956
0.26024956
0.26024956
0.26024956
0.26024956
0.26024956
0.26024956
0.26024956
0.26024956
0.26024956
0.26024956
0.26024956
0.26024956
0.26024956
0.26024956
0.26024956
0.26024956
0.26024956
0.26024956
0.26024956
0.26024956
0.26024956
0.26024956
0.26024956
0.26024956
0.26024956
0.26024956
0.26024956
0.26024956
0.26024956
0.26024956
0.26024956
0.26024956
0.26024956
0.26024956
0.26024956
0.26024956
0.26024956
0.26024956
0.26024956
0.26024956
0.26024956
0.26024956
0.26024956
0.26024956
0.26024956
0.26024956
0.26024956
0.26024956
0.26024956
0.26024956
0.26024956
0.26024956
0.26024956
0.26024956
0.26024956
0.26024956
0.26024956
0.26024956
0.26024956
0.26024956
0.26024956
0.26024956
0.26024956
0.26024956
0.26024956
0.26024956
0.26024956
0.26024956
0.26024956
0.26024956
0.26024956
0.26024956
0.26024956
0.26024956
0.26024956
0.26024956
0.26024956
0.26024956
0.26024956
0.26024956
0.26024956
0.26024956
0.26024956
0.26024956
0.26024956
0.26024956
0.26024956
0.26024956
0.26024956
0.26024956
0.26024956
0.26024956
0.26024956
0.26024956
0.26024956
0.26024956
0.26024956
0.26024956
0.26024956
0.26024956
0.26024956
0.26024956
0.26024956
0.26024956
0.26024956
0.26024956
0.26024956
0.26024956
0.26024956
0.26024956
0.26024956
0.26024956
0.26024956
0.26024956
0.26024956
0.26024956
0.26024956
0.26024956
0.26024956
0.26024956
0.26024956
0.26024956
0.26024956
0.26024956
0.26024956
0.26024956
0.26024956
0.26024956
0.26024956
0.26024956
0.26024956
0.26024956
0.26024956
0.26024956
0.26024956
0.26024956
0.26024956
0.26024956
0.26024956
0.26024956
0.26024956
0.26024956
0.26024956
0.26024956
0.26024956
0.26024956
0.26024956
0.26024956
0.26024956
0.26024956
0.26024956
0.26024956
0.26024956
0.26024956
0.26024956
0.26024956
0.26024956
0.26024956
0.26024956
0.26024956
0.26024956
0.26024956
0.26024956
0.26024956
0.26024956
0.26024956
0.26024956
0.26024956
0.26024956
0.26024956
0.26024956
0.26024956
0.26024956
0.26024956
0.26024956
0.26024956
0.26024956
0.26024956
0.26024956
0.26024956
0.26024956
0.26024956
0.26024956
0.26024956
0.26024956
0.26024956
0.26024956
0.26024956
0.26024956
0.26024956
0.26024956
0.26024956
0.26024956
0.26024956
0.26024956
0.26024956
0.26024956
0.26024956
0.26024956
0.26024956
0.26024956
0.26024956
0.26024956
0.26024956
0.26024956
0.26024956
0.26024956
0.26024956
0.26024956
0.26024956
0.26024956
0.26024956
0.26024956
0.26024956
0.26024956
0.26024956
0.26024956
0.26024956
0.26024956
0.26024956
0.26024956
0.26024956
0.26024956
0.26024956
0.26024956
0.26024956
0.26024956
0.26024956
0.26024956
0.26024956
0.26024956
0.26024956
0.26024956
0.26024956
0.26024956
0.26024956
0.26024956
0.26024956
0.26024956
0.26024956
0.26024956
0.26024956
0.26024956
0.26024956
0.26024956
0.26024956
0.26024956
0.26024956
0.26024956
0.26024956
0.26024956
0.26024956
0.26024956
0.26024956
0.26024956
0.26024956
0.26024956
0.26024956
0.26024956
0.26024956
0.26024956
0.26024956
0.26024956
0.26024956
0.26024956
0.26024956
0.26024956
0.26024956
0.26024956
0.26024956
0.26024956
0.26024956
0.26024956
0.26024956
0.26024956
0.26024956
0.26024956
0.26024956
0.26024956
0.26024956
0.26024956
0.26024956
0.26024956
0.26024956
0.26024956
0.26024956
0.26024956
0.26024956
0.26024956
0.26024956
0.26024956
0.26024956
0.26024956
0.26024956
0.26024956
0.26024956
0.26024956
0.26024956
0.26024956
0.26024956
0.26024956
0.26024956
0.26024956
0.26024956
0.26024956
0.26024956
0.26024956
0.26024956
0.26024956
0.26024956
0.26024956
0.26024956
0.26024956
0.26024956
0.26024956
0.26024956
0.26024956
0.26024956
0.26024956
0.26024956
0.26024956
0.26024956
0.26024956
0.26024956
0.26024956
0.26024956
0.26024956
0.26024956
0.26024956
0.26024956
0.26024956
0.26024956
0.26024956
0.26024956
0.26024956
0.26024956
0.26024956
0.26024956
0.26024956
0.26024956
0.26024956
0.26024956
0.26024956
0.26024956
0.26024956
0.26024956
0.26024956
0.26024956
0.26024956
0.26024956
0.26024956
0.26024956
0.26024956
0.26024956
0.26024956
0.26024956
0.26024956
0.26024956
0.26024956
0.26024956
0.26024956
0.26024956
0.26024956
0.26024956
0.26024956
0.26024956
0.26024956
0.26024956
0.26024956
0.26024956
0.26024956
0.26024956
0.26024956
0.26024956
0.26024956
0.26024956
0.26024956
0.26024956
0.26024956
0.26024956
0.26024956
0.26024956
0.26024956
0.26024956
0.26024956
0.26024956
0.26024956
0.26024956
0.26024956
0.26024956
0.26024956
0.26024956
0.26024956
0.26024956
0.26024956
0.26024956
0.26024956
0.26024956
0.26024956
0.26024956
0.26024956
0.26024956
0.26024956
0.26024956
0.26024956
0.26024956
0.26024956
0.26024956
0.26024956
0.26024956
0.26024956
0.26024956
0.26024956
0.26024956
0.26024956
0.26024956
0.26024956
0.26024956
0.26024956
0.26024956
0.26024956
0.26024956
0.26024956
0.26024956
0.26024956
0.26024956
0.26024956
0.26024956
0.26024956
0.26024956
0.26024956
0.26024956
0.26024956
0.26024956
0.26024956
0.26024956
0.26024956
0.26024956
0.26024956
0.26024956
0.26024956
0.26024956
0.26024956
0.26024956
0.26024956
0.26024956
0.26024956
0.26024956
0.26024956
0.26024956
0.26024956
0.26024956
0.26024956
0.26024956
0.26024956
0.26024956
0.26024956
0.26024956
0.26024956
0.26024956
0.26024956
0.26024956
0.26024956
0.26024956
0.26024956
0.26024956
0.26024956
0.26024956
0.26024956
0.26024956
0.26024956
0.26024956
0.26024956
0.26024956
0.26024956
0.26024956
0.26024956
0.26024956
0.26024956
0.26024956
0.26024956
0.26024956
0.26024956
0.26024956
0.26024956
0.26024956
0.26024956
0.26024956
0.26024956
0.26024956
0.26024956
0.26024956
0.26024956
0.26024956
0.26024956
0.26024956
0.26024956
0.26024956
0.26024956
0.26024956
0.26024956
0.26024956
0.26024956
0.26024956
0.26024956
0.26024956
0.26024956
0.26024956
0.26024956
0.26024956
0.26024956
0.26024956
0.26024956
0.26024956
0.26024956
0.26024956
0.26024956
0.26024956
0.26024956
0.26024956
0.26024956
0.26024956
0.26024956
0.26024956
0.26024956
0.26024956
0.26024956
0.26024956
0.26024956
0.26024956
0.26024956
0.26024956
0.26024956
0.26024956
0.26024956
0.26024956
0.26024956
0.26024956
0.26024956
0.26024956
0.26024956
0.26024956
0.26024956
0.26024956
0.26024956
0.26024956
0.26024956
0.26024956
0.26024956
0.26024956
0.26024956
0.26024956
0.26024956
0.26024956
0.26024956
0.26024956
0.26024956
0.26024956
0.26024956
0.26024956
0.26024956
0.26024956
0.26024956
0.26024956
0.26024956
0.26024956
0.26024956
0.26024956
0.26024956
0.26024956
0.26024956
0.26024956
0.26024956
0.26024956
0.26024956
0.26024956
0.26024956
0.26024956
0.26024956
0.26024956
0.26024956
0.26024956
0.26024956
0.26024956
0.26024956
0.26024956
0.26024956
0.26024956
0.26024956
0.26024956
0.26024956
0.26024956
0.26024956
0.26024956
0.26024956
0.26024956
0.26024956
0.26024956
0.26024956
0.26024956
0.26024956
0.26024956
0.26024956
0.26024956
0.26024956
0.26024956
0.26024956
0.26024956
0.26024956
0.26024956
0.26024956
0.26024956
0.26024956
0.26024956
0.26024956
0.26024956
0.26024956
0.26024956
0.26024956
0.26024956
0.26024956
0.26024956
0.26024956
0.26024956
0.26024956
0.26024956
0.26024956
0.26024956
0.26024956
0.26024956
0.26024956
0.26024956
0.26024956
0.26024956
0.26024956
0.26024956
0.26024956
0.26024956
0.26024956
0.26024956
0.26024956
0.26024956
0.26024956
0.26024956
0.26024956
0.26024956
0.26024956
0.26024956
0.26024956
0.26024956
0.26024956
0.26024956
0.26024956
0.26024956
0.26024956
0.26024956
0.26024956
0.26024956
0.26024956
0.26024956
0.26024956
0.26024956
0.26024956
0.26024956
0.26024956
0.26024956
0.26024956
0.26024956
0.26024956
0.26024956
0.26024956
0.26024956
0.26024956
0.26024956
0.26024956
0.26024956
0.26024956
0.26024956
0.26024956
0.26024956
0.26024956
0.26024956
0.26024956
0.26024956
0.26024956
0.26024956
0.26024956
0.26024956
0.26024956
0.26024956
0.26024956
0.26024956
0.26024956
0.26024956
0.26024956
0.26024956
0.26024956
0.26024956
0.26024956
0.26024956
0.26024956
0.26024956
0.26024956
0.26024956
0.26024956
0.26024956
0.26024956
0.26024956
0.26024956
0.26024956
0.26024956
0.26024956
0.26024956
0.26024956
0.26024956
0.26024956
0.26024956
0.26024956
0.26024956
0.26024956
0.26024956
0.26024956
0.26024956
0.26024956
0.26024956
0.26024956
0.26024956
0.26024956
0.26024956
0.26024956
0.26024956
0.26024956
0.26024956
0.26024956
0.26024956
0.26024956
0.26024956
0.26024956
0.26024956
0.26024956
0.26024956
0.26024956
0.26024956
0.26024956
0.26024956
0.26024956
0.26024956
0.26024956
0.26024956
0.26024956
0.26024956
0.26024956
0.26024956
0.26024956
0.26024956
0.26024956
0.26024956
0.26024956
0.26024956
0.26024956
0.26024956
0.26024956
0.26024956
0.26024956
0.26024956
0.26024956
0.26024956
0.26024956
0.26024956
0.26024956
0.26024956
0.26024956
0.26024956
0.26024956
0.26024956
0.26024956
0.26024956
0.26024956
0.26024956
0.26024956
0.26024956
0.26024956
0.26024956
0.26024956
0.26024956
0.26024956
0.26024956
0.26024956
0.26024956
0.26024956
0.26024956
0.26024956
0.26024956
0.26024956
0.26024956
0.26024956
0.26024956
0.26024956
