0.2905526
0.2905526
0.2905526
0.2905526
0.2905526
0.2905526
0.2905526
0.2905526
0.2905526
0.2905526
0.2905526
0.2905526
0.2905526
0.292198
0.292198
0.29329494
0.2937063
0.29699713
0.29699713
0.29699713
0.29699713
0.29699713
0.29699713
0.29699713
0.29699713
0.29699713
0.29699713
0.29699713
0.29699713
0.29699713
0.29699713
0.29699713
0.29699713
0.29699713
0.29699713
0.29699713
0.29699713
0.29699713
0.29699713
0.29699713
0.29699713
0.29699713
0.29699713
0.29699713
0.29699713
0.29699713
0.29699713
0.29699713
0.29699713
0.29699713
0.29699713
0.29699713
0.29699713
0.29699713
0.29699713
0.29699713
0.29699713
0.29699713
0.29699713
0.29699713
0.29699713
0.29699713
0.29699713
0.29699713
0.29699713
0.29699713
0.303853
0.3137255
0.3137255
0.31345126
0.3100233
0.31166872
0.31358838
0.32825997
0.32510626
0.32524338
0.32880846
0.32661456
0.32730016
0.32812285
0.32908267
0.33662415
0.33881804
0.34581104
0.34334293
0.3500617
0.3523927
0.35719183
0.34910187
0.35362676
0.35431236
0.35623202
0.35883725
0.36939532
0.37062937
0.37268615
0.37762237
0.3769368
0.38187304
0.38914028
0.39133415
0.3954477
0.396956
0.40202934
0.40449747
0.4061429
0.41080487
0.410942
0.4079254
0.4076512
0.40669134
0.4049088
0.40449747
0.403949
0.40422323
0.4032634
0.399287
0.3999726
0.4001097
0.3994241
0.4001097
0.3994241
0.39956123
0.3994241
0.39819005
0.40134376
0.3999726
0.40298918
0.40504593
0.40586865
0.40532017
0.4079254
0.40970793
0.4171123
0.41834635
0.42040312
0.41889483
0.42300835
0.4239682
0.42451665
0.42629918
0.42821884
0.4304127
0.43370354
0.436583
0.43850267
0.44193062
0.44343892
0.44535857
0.4408337
0.4457699
0.44823804
0.44618127
0.44714108
0.44988346
0.44919786
0.44933498
0.4518031
0.45303717
0.4519402
0.45290005
0.45372275
0.4541341
0.4541341
0.45440835
0.45783627
0.46098998
0.4603044
0.46044153
0.45893323
0.4594817
0.46044153
0.45975593
0.4603044
0.45907035
0.45975593
0.4596188
0.46044153
0.46057865
0.46153846
0.46716028
0.46606335
0.4657891
0.46455505
0.46537775
0.46866858
0.46907994
0.46770877
0.46743453
0.46935418
0.46921706
0.46990263
0.46962842
0.46990263
0.46935418
0.4712738
0.47058824
0.4712738
0.47141093
0.47456464
0.4742904
0.4741533
0.4734677
0.47442752
0.47538736
0.47456464
0.47483888
0.4755245
0.4755245
0.4756616
0.4757987
0.47456464
0.4757987
0.47511312
0.474976
0.47525024
0.47387907
0.47291923
0.47360483
0.4727821
0.4727821
0.47483888
0.47223365
0.472645
0.47291923
0.4740162
0.47442752
0.47483888
0.474976
0.47387907
0.47634718
0.4756616
0.47634718
0.47511312
0.4741533
0.47374195
0.4741533
