0.2905526
0.36912107
0.5200878
0.5229672
0.5236528
0.5215961
0.5274921
0.53366244
0.54106677
0.54805976
0.54997945
0.56533664
0.5715069
0.57726586
0.5811052
0.57973397
0.5835733
0.5919375
0.5907034
0.5992047
0.600713
0.6052379
0.6022213
0.6097628
0.6131907
0.61483616
0.61579597
0.62032086
0.624023
0.62731385
0.632113
0.63320994
0.6340326
0.6382833
0.64267105
0.6473331
0.6489785
0.6498012
0.64966404
0.6514466
0.65336627
0.6561086
0.66337585
0.66735226
0.66982037
0.66392434
0.66899765
0.66899765
0.6732483
0.674071
0.6725627
0.6762649
0.6785959
0.6766763
0.6801042
0.68188673
0.6809269
0.68188673
0.6838064
0.67722476
0.6829837
0.6855889
0.68723434
0.68366927
0.6835322
0.6883313
0.68956536
0.6883313
0.6875086
0.6875086
0.6875086
0.69025093
0.68970245
0.6898396
0.691485
0.690388
0.6923077
0.6932675
0.6934046
0.69505006
0.69463867
0.69505006
0.69505006
0.6958728
0.6968326
0.6979295
0.7009461
0.7003977
0.69957495
0.7016317
0.70355135
0.70670503
0.70505965
0.7056081
0.70793915
0.7086247
0.7057452
0.7098588
0.70999587
0.71040726
0.710133
0.7112299
0.7106815
0.710133
0.7117784
0.7123269
0.71150416
0.7123269
0.71191555
0.71301246
0.7142465
0.71342385
0.71150416
0.7141094
0.7146579
0.71438366
0.71493214
0.7141094
0.7142465
0.71602905
0.71493214
0.7153435
0.71602905
0.7163033
0.717126
0.717126
0.7163033
0.71753734
0.7157548
0.71493214
0.71794873
0.71836007
0.71753734
0.7186343
0.7163033
0.7191828
0.7186343
0.71836007
0.7184972
0.71986836
0.71945703
0.72041684
0.718223
0.71945703
0.7216509
0.7186343
0.7208282
0.721788
0.71945703
0.7202797
0.7211024
0.7230221
0.7216509
0.7231592
0.7230221
0.7224736
0.7231592
0.7184972
0.7230221
0.724119
0.72343343
0.7231592
0.7246675
0.7237077
0.7232963
0.7245304
0.7250788
0.7248046
0.72590154
0.7248046
0.7256273
0.72576445
0.72439325
0.7256273
0.72645
0.72645
0.7254902
0.72672427
0.7256273
0.72672427
0.727547
0.7278212
0.7269985
0.7279583
0.7280954
0.72836965
0.72686136
0.7319347
0.731112
0.72891814
0.72836965
0.7316605
0.73124915
0.73289454
0.7324832
0.72974086
0.73179764
0.7339915
0.7324832
0.73440284
0.73508847
0.73275745
0.7279583
0.7290553
0.73426574
0.7349513
0.7348142
0.73508847
0.7335802
0.73591113
0.7319347
0.7356369
0.7348142
0.73508847
0.7339915
0.73536265
0.73577404
0.7354998
0.7356369
0.73591113
0.7356369
0.73577404
0.7354998
0.73522556
0.7356369
0.7361854
0.7360483
0.7356369
0.7360483
0.73522556
0.73577404
0.73536265
0.7363225
0.73673385
0.7374194
0.7341286
0.73591113
0.7356369
0.7364596
0.73577404
0.73687094
0.7360483
0.73687094
0.7370081
0.7371452
0.7371452
0.73728234
0.73769367
0.7364596
0.7361854
0.7375566
0.7370081
0.73687094
0.7374194
0.7370081
0.7386535
0.73837924
0.7390649
0.7394762
0.7390649
0.73988754
0.73975044
0.7434526
0.74057317
0.7429041
0.74221855
0.7419443
0.73920196
0.74276704
0.7401618
0.7409845
0.74221855
0.7444124
0.74112165
0.7445496
0.74276704
0.74660635
0.7464692
0.7433155
0.7464692
0.7489373
0.74619496
0.74921155
0.7489373
0.7494858
0.74825174
0.74962294
0.7498972
0.750857
0.7504456
0.7514055
0.7533251
0.7534622
0.75305086
0.750857
0.75222814
0.7541478
0.7509941
0.7529138
0.7534622
0.75442207
0.7549705
0.7556561
0.7564788
0.75702727
0.75661594
0.75743866
0.75743866
0.75785
0.7577129
0.7593583
0.7579871
0.760181
0.7603181
0.75606745
0.7592212
0.75702727
0.76155216
0.7610037
0.76004386
0.7596325
0.76210064
0.7612779
0.76210064
0.7608666
0.7623749
0.76141506
0.7637461
0.76347184
0.7638832
0.7637461
0.7637461
0.76456875
0.76251197
0.7652544
0.7651172
0.7642945
0.7656657
0.7641574
0.7641574
0.76552856
0.76854515
0.7677225
0.7662142
0.7692308
0.7701906
0.76744825
0.7692308
0.76991636
0.7706019
0.76895654
0.7722474
0.77087617
0.7716989
0.7722474
0.77197313
0.7725216
0.77156174
0.77279586
0.7734814
0.77293295
0.77293295
0.77293295
0.7734814
0.7736185
0.7730701
0.7733443
0.7733443
0.7747155
0.77375567
0.77444124
0.7745784
0.7745784
0.7760867
0.77594954
0.7760867
0.7747155
0.776498
0.776498
0.7756753
0.776498
0.7771836
0.7749897
0.77594954
0.77636087
0.776498
0.77677226
0.7785548
0.7795146
0.7789661
0.77841765
0.7777321
0.77937746
0.77924037
0.7780063
0.78129715
0.7800631
0.7804744
0.7796517
0.78116
0.78116
0.77745783
0.7806116
0.78129715
0.7804744
0.7789661
0.78116
0.7804744
0.7817085
0.78116
0.7818456
0.78074867
0.78143424
0.7817085
0.78143424
0.7818456
0.7817085
0.78211987
0.7819827
0.78362817
0.78362817
0.78239405
0.78280544
0.7830797
0.78362817
0.7844508
0.7833539
0.7832168
0.7832168
0.7849993
0.7849993
0.7830797
0.7832168
0.7840395
0.78239405
0.783491
0.7855478
0.78527355
0.78691894
0.78678185
0.7874674
0.7855478
0.78829014
0.7859591
0.7870561
0.7860963
0.78774166
0.7885644
0.7878788
0.7863705
0.78774166
0.7893871
0.7878788
0.78842723
0.7893871
0.78966135
0.7893871
0.7889757
0.79062116
0.7899355
0.7899355
0.7895242
0.79116964
0.79062116
0.79130673
0.7900727
0.7908954
0.7918552
0.7910325
0.7914438
0.7925408
0.79363775
0.79116964
0.79212946
0.79212946
0.7930893
0.7933635
0.7930893
0.79322636
0.7933635
0.7935006
0.7929521
0.7954203
0.7944604
0.7943233
0.793912
0.7940491
0.79473466
0.79473466
0.7943233
0.7954203
0.79569453
0.7954203
0.7950089
0.7959687
0.79624295
0.7955574
0.7963801
0.79761416
0.797477
0.797477
0.7970657
0.7969286
0.79829973
0.7980255
0.7987111
0.7980255
0.7987111
0.79829973
0.7987111
0.7999452
0.7988482
0.7984369
0.8002194
0.80008227
0.8003565
0.7995338
0.800905
0.8010421
0.80117923
0.80117923
0.80117923
0.803236
0.8017277
0.80117923
0.8018648
0.80213904
0.8014535
0.8033731
0.80309886
0.80666393
0.8043329
0.80364734
0.803236
0.8072124
0.80296177
0.803236
0.8054299
0.8041958
0.8058412
0.80447006
0.80556697
0.8050185
0.8041958
0.8048814
0.8096805
0.80762374
0.807898
0.8062526
0.80899495
0.80597836
0.810229
0.80762374
0.80844647
0.8095434
0.8083093
0.8065268
0.8073495
0.80844647
0.810229
0.80995476
0.8113259
0.81214863
0.8111888
0.8126971
0.81160015
0.81105167
0.8122858
0.8137941
0.8073495
0.8142054
0.81393117
0.81406826
0.8128342
0.81255996
0.8109146
0.8143425
0.8137941
0.8143425
0.81393117
0.814891
0.81351984
0.8143425
0.81598794
0.8142054
0.8133827
0.8143425
0.81393117
0.81406826
0.81557655
0.8151652
0.81502813
0.8153024
0.81447965
0.81502813
0.8157137
0.8153024
0.8157137
0.81502813
0.8157137
0.81543946
0.81543946
0.8157137
0.8163993
0.81557655
0.8163993
0.81612504
0.8163993
0.8165364
0.8180447
0.81694776
0.81708485
0.81694776
0.81749624
0.8180447
0.8187303
0.81941587
0.81681067
0.8177705
0.81831896
0.8188674
0.8180447
0.81900454
0.81859314
0.8180447
0.8181818
0.8192788
0.81941587
0.8202386
0.8177705
0.8188674
0.8196901
0.8192788
0.8192788
0.8211984
0.8196901
0.8187303
0.8211984
0.82229537
0.8187303
0.8227067
0.8210613
0.82147264
0.8232552
0.82160974
0.8207871
0.8232552
0.8207871
0.82051283
0.82092416
0.8210613
0.8221582
0.8211984
0.8210613
0.8232552
0.82448924
0.8250377
0.8240779
0.82298094
0.8220211
0.8220211
0.824215
0.8236665
0.82544905
0.82544905
0.82394075
0.82586044
0.82640886
0.8251748
0.82599753
0.8255862
0.82586044
0.82640886
0.8261346
0.82544905
0.8250377
0.82695735
0.8270945
0.82682025
0.8275058
0.82682025
0.8270945
0.8276429
0.8276429
0.82736874
0.8272316
0.82791716
0.82791716
0.8281914
0.82928836
0.8295626
0.8287399
0.8266831
0.8286028
0.82942545
0.82983685
0.8261346
0.82791716
0.82791716
0.8266831
0.82983685
0.82778007
0.8280543
0.8281914
0.8280543
0.8296997
0.8303853
0.83230495
0.82997394
0.8303853
0.82832855
0.82983685
0.8306595
0.83079666
0.8310709
0.8325792
0.82928836
0.83134514
0.8290141
0.83148223
0.8316194
0.8296997
0.8316194
0.8316194
0.8316194
0.83148223
0.83148223
0.8318936
0.831208
0.83093375
0.83381325
0.8336761
0.83436173
0.8342246
0.8325792
0.8325792
0.83230495
0.83079666
0.8318936
0.83395034
0.8351844
0.8357329
0.8331277
0.83587
0.8344988
0.8355958
0.831208
0.8355958
0.8365556
0.83436173
0.83381325
0.83134514
0.8360071
0.83532155
0.8366927
0.8364185
0.834636
0.8375154
0.83696693
0.83696693
0.83230495
0.8372412
0.8380639
0.8364185
0.83614427
0.83778965
0.8386124
0.83874947
0.8388866
0.8413547
0.8379268
0.83916086
0.83984643
0.8397093
0.8357329
0.8399835
0.83929795
0.8357329
0.83874947
0.8401207
0.83984643
0.8390237
0.84382284
0.84313726
0.83929795
0.8401207
0.8412176
0.84313726
0.8427259
0.84327435
0.84327435
0.84025776
0.84382284
0.84423417
0.8435486
0.8427259
0.84368575
0.84080625
0.842863
0.8440971
0.84423417
0.8427259
0.84423417
0.8449198
0.8445084
0.8443713
0.8434115
0.84478265
0.84519404
0.8440971
0.8419032
0.8456054
0.84574246
0.84519404
0.8468394
0.8465652
0.84629095
0.8454683
0.8469766
0.8464281
0.8469766
0.8449198
0.8454683
0.8465652
0.8465652
0.84670234
0.84670234
0.8468394
0.847525
0.84711367
0.8460167
0.847525
0.84711367
0.84711367
0.8469766
0.8473879
0.8469766
0.8473879
0.84725076
0.8480735
0.84766215
0.84711367
0.8480735
0.84821063
0.8465652
0.84821063
0.8469766
0.8456054
0.84766215
0.8480735
0.84821063
0.8483477
0.84862196
0.84779924
0.8484849
0.8490333
0.8480735
0.8483477
0.847525
0.84875906
0.84862196
0.8488962
0.8483477
0.84862196
0.84821063
0.84875906
0.8490333
0.8490333
0.8494447
0.8488962
0.8495818
0.8494447
0.8488962
0.849856
0.26024956
0.26024956
0.26024956
0.26024956
0.26024956
0.26024956
0.26024956
0.26024956
0.26024956
0.26024956
0.26024956
0.26024956
0.26024956
0.26024956
0.26024956
0.26024956
0.26024956
0.26024956
0.26024956
0.26024956
0.26024956
0.26024956
0.26024956
0.26024956
0.26024956
0.26024956
0.26024956
0.26024956
0.26024956
0.26024956
0.26024956
0.26024956
0.26024956
0.26024956
0.26024956
0.26024956
0.26024956
0.26024956
0.26024956
0.26024956
0.26024956
0.26024956
0.26024956
0.26024956
0.26024956
0.26024956
0.26024956
0.26024956
0.26024956
0.26024956
0.26024956
0.26024956
0.26024956
0.26024956
0.26024956
0.26024956
0.26024956
0.26024956
0.26024956
0.26024956
0.26024956
0.26024956
0.26024956
0.26024956
0.26024956
0.26024956
0.26024956
0.26024956
0.26024956
0.26024956
0.26024956
0.26024956
0.26024956
0.26024956
0.26024956
0.26024956
0.26024956
0.26024956
0.26024956
0.26024956
0.26024956
0.26024956
0.26024956
0.26024956
0.26024956
0.26024956
0.26024956
0.26024956
0.26024956
0.26024956
0.26024956
0.26024956
0.26024956
0.26024956
0.26024956
0.26024956
0.26024956
0.26024956
0.26024956
0.26024956
0.26024956
0.26024956
0.26024956
0.26024956
0.26024956
0.26024956
0.26024956
0.26024956
0.26024956
0.26024956
0.26024956
0.26024956
0.26024956
0.26024956
0.26024956
0.26024956
0.26024956
0.26024956
0.26024956
0.26024956
0.26024956
0.26024956
0.26024956
0.26024956
0.26024956
0.26024956
0.26024956
0.26024956
0.26024956
0.26024956
0.26024956
0.26024956
0.26024956
0.26024956
0.26024956
0.26024956
0.26024956
0.26024956
0.26024956
0.26024956
0.26024956
0.26024956
0.26024956
0.26024956
0.26024956
0.26024956
0.26024956
0.26024956
0.26024956
0.26024956
0.26024956
0.26024956
0.26024956
0.26024956
0.26024956
0.26024956
0.26024956
0.26024956
0.26024956
0.26024956
0.26024956
0.26024956
0.26024956
0.26024956
0.26024956
0.26024956
0.26024956
0.26024956
0.26024956
0.26024956
0.26024956
0.26024956
0.26024956
0.26024956
0.26024956
0.26024956
0.26024956
0.26024956
0.26024956
0.26024956
0.26024956
0.26024956
0.26024956
0.26024956
0.26024956
0.26024956
0.26024956
0.26024956
0.26024956
0.26024956
0.26024956
0.26024956
0.26024956
0.26024956
0.26024956
0.26024956
0.26024956
0.26024956
0.26024956
0.26024956
0.26024956
0.26024956
0.26024956
0.26024956
0.26024956
0.26024956
0.26024956
0.26024956
0.26024956
0.26024956
0.26024956
0.26024956
0.26024956
0.26024956
0.26024956
0.26024956
0.26024956
0.26024956
0.26024956
0.26024956
0.26024956
0.26024956
0.26024956
0.26024956
0.26024956
0.26024956
0.26024956
0.26024956
0.26024956
0.26024956
0.26024956
0.26024956
0.26024956
0.26024956
0.26024956
0.26024956
0.26024956
0.26024956
0.26024956
0.26024956
0.26024956
0.26024956
0.26024956
0.26024956
0.26024956
0.26024956
0.26024956
0.26024956
0.26024956
0.26024956
0.26024956
0.26024956
0.26024956
0.26024956
0.26024956
0.26024956
0.26024956
0.26024956
0.26024956
0.26024956
0.26024956
0.26024956
0.26024956
0.26024956
0.26024956
0.26024956
0.26024956
0.26024956
0.26024956
0.26024956
0.26024956
0.26024956
0.26024956
0.26024956
0.26024956
0.26024956
0.26024956
0.26024956
0.26024956
0.26024956
0.26024956
0.26024956
0.26024956
0.26024956
0.26024956
0.26024956
0.26024956
0.26024956
0.26024956
0.26024956
0.26024956
0.26024956
0.26024956
0.26024956
0.26024956
0.26024956
0.26024956
0.26024956
0.26024956
0.26024956
0.26024956
0.26024956
0.26024956
0.26024956
0.26024956
0.26024956
0.26024956
0.26024956
0.26024956
0.26024956
0.26024956
0.26024956
0.26024956
0.26024956
0.26024956
0.26024956
0.26024956
0.26024956
0.26024956
0.26024956
0.26024956
0.26024956
0.26024956
0.26024956
0.26024956
0.26024956
0.26024956
0.26024956
0.26024956
0.26024956
0.26024956
0.26024956
0.26024956
0.26024956
0.26024956
0.26024956
0.26024956
0.26024956
0.26024956
0.26024956
0.26024956
0.26024956
0.26024956
0.26024956
0.26024956
0.26024956
0.26024956
0.26024956
0.26024956
0.26024956
0.26024956
0.26024956
0.26024956
0.26024956
0.26024956
0.26024956
0.26024956
0.26024956
0.26024956
0.26024956
0.26024956
0.26024956
0.26024956
0.26024956
0.26024956
0.26024956
0.26024956
0.26024956
0.26024956
0.26024956
0.26024956
0.26024956
0.26024956
0.26024956
0.26024956
0.26024956
0.26024956
0.26024956
0.26024956
0.26024956
0.26024956
0.26024956
0.26024956
0.26024956
0.26024956
0.26024956
0.26024956
0.26024956
0.26024956
0.26024956
0.26024956
0.26024956
0.26024956
0.26024956
0.26024956
0.26024956
0.26024956
0.26024956
0.26024956
0.26024956
0.26024956
0.26024956
0.26024956
0.26024956
0.26024956
0.26024956
0.26024956
0.26024956
0.26024956
0.26024956
0.26024956
0.26024956
0.26024956
0.26024956
0.26024956
0.26024956
0.26024956
0.26024956
0.26024956
0.26024956
0.26024956
0.26024956
0.26024956
0.26024956
0.26024956
0.26024956
0.26024956
0.26024956
0.26024956
0.26024956
0.26024956
0.26024956
0.26024956
0.26024956
0.26024956
0.26024956
0.26024956
0.26024956
0.26024956
0.26024956
0.26024956
0.26024956
0.26024956
0.26024956
0.26024956
0.26024956
0.26024956
0.26024956
0.26024956
0.26024956
0.26024956
0.26024956
0.26024956
0.26024956
0.26024956
0.26024956
0.26024956
0.26024956
0.26024956
0.26024956
0.26024956
0.26024956
0.26024956
0.26024956
0.26024956
0.26024956
0.26024956
0.26024956
0.26024956
0.26024956
0.26024956
0.26024956
0.26024956
0.26024956
0.26024956
0.26024956
0.26024956
0.26024956
0.26024956
0.26024956
0.26024956
0.26024956
0.26024956
0.26024956
0.26024956
0.26024956
0.26024956
0.26024956
0.26024956
0.26024956
0.26024956
0.26024956
0.26024956
0.26024956
0.26024956
0.26024956
0.26024956
0.26024956
0.26024956
0.26024956
0.26024956
0.26024956
0.26024956
0.26024956
0.26024956
0.26024956
0.26024956
0.26024956
0.26024956
0.26024956
0.26024956
0.26024956
0.26024956
0.26024956
0.26024956
0.26024956
0.26024956
0.26024956
0.26024956
0.26024956
0.26024956
0.26024956
0.26024956
0.26024956
0.26024956
0.26024956
0.26024956
0.26024956
0.26024956
0.26024956
0.26024956
0.26024956
0.26024956
0.26024956
0.26024956
0.26024956
0.26024956
0.26024956
0.26024956
0.26024956
0.26024956
0.26024956
0.26024956
0.26024956
0.26024956
0.26024956
0.26024956
0.26024956
0.26024956
0.26024956
0.26024956
0.26024956
0.26024956
0.26024956
0.26024956
0.26024956
0.26024956
0.26024956
0.26024956
0.26024956
0.26024956
0.26024956
0.26024956
0.26024956
0.26024956
0.26024956
0.26024956
0.26024956
0.26024956
0.26024956
0.26024956
0.26024956
0.26024956
0.26024956
0.26024956
0.26024956
0.26024956
0.26024956
0.26024956
0.26024956
0.26024956
0.26024956
0.26024956
0.26024956
0.26024956
0.26024956
0.26024956
0.26024956
0.26024956
0.26024956
0.26024956
0.26024956
0.26024956
0.26024956
0.26024956
0.26024956
0.26024956
0.26024956
0.26024956
0.26024956
0.26024956
0.26024956
0.26024956
0.26024956
0.26024956
0.26024956
0.26024956
0.26024956
0.26024956
0.26024956
0.26024956
0.26024956
0.26024956
0.26024956
0.26024956
0.26024956
0.26024956
0.26024956
0.26024956
0.26024956
0.26024956
0.26024956
0.26024956
0.26024956
0.26024956
0.26024956
0.26024956
0.26024956
0.26024956
0.26024956
0.26024956
0.26024956
0.26024956
0.26024956
0.26024956
0.26024956
0.26024956
0.26024956
0.26024956
0.26024956
0.26024956
0.26024956
0.26024956
0.26024956
0.26024956
0.26024956
0.26024956
0.26024956
0.26024956
0.26024956
0.26024956
0.26024956
0.26024956
0.26024956
0.26024956
0.26024956
0.26024956
0.26024956
0.26024956
0.26024956
0.26024956
0.26024956
0.26024956
0.26024956
0.26024956
0.26024956
0.26024956
0.26024956
0.26024956
0.26024956
0.26024956
0.26024956
0.26024956
0.26024956
0.26024956
0.26024956
0.26024956
0.26024956
0.26024956
0.26024956
0.26024956
0.26024956
0.26024956
0.26024956
0.26024956
0.26024956
0.26024956
0.26024956
0.26024956
0.26024956
0.26024956
0.26024956
0.26024956
0.26024956
0.26024956
0.26024956
0.26024956
0.26024956
0.26024956
0.26024956
0.26024956
0.26024956
0.26024956
0.26024956
0.26024956
0.26024956
0.26024956
0.26024956
0.26024956
0.26024956
0.26024956
0.26024956
0.26024956
0.26024956
0.26024956
0.26024956
0.26024956
0.26024956
0.26024956
0.26024956
0.26024956
0.26024956
0.26024956
0.26024956
0.26024956
0.26024956
0.26024956
0.26024956
0.26024956
0.26024956
0.26024956
0.26024956
0.26024956
0.26024956
0.26024956
0.26024956
0.26024956
0.26024956
0.26024956
0.26024956
0.26024956
0.26024956
0.26024956
0.26024956
0.26024956
0.26024956
0.26024956
0.26024956
0.26024956
0.26024956
0.26024956
0.26024956
0.26024956
0.26024956
0.26024956
0.26024956
0.26024956
0.26024956
0.26024956
0.26024956
0.26024956
0.26024956
0.26024956
0.26024956
0.26024956
0.26024956
0.26024956
0.26024956
0.26024956
0.26024956
0.26024956
0.26024956
0.26024956
0.26024956
0.26024956
0.26024956
0.26024956
0.26024956
0.26024956
0.26024956
0.26024956
0.26024956
0.26024956
0.26024956
0.26024956
0.26024956
0.26024956
0.26024956
0.26024956
0.26024956
0.26024956
0.26024956
0.26024956
0.26024956
0.26024956
0.26024956
0.26024956
0.26024956
0.26024956
0.26024956
0.26024956
0.26024956
0.26024956
0.26024956
0.26024956
0.26024956
0.26024956
0.26024956
0.26024956
0.26024956
0.26024956
0.26024956
0.26024956
0.26024956
0.26024956
0.26024956
0.26024956
0.26024956
0.26024956
0.26024956
0.26024956
0.26024956
0.26024956
0.26024956
0.26024956
0.26024956
0.26024956
0.26024956
0.26024956
0.26024956
0.26024956
0.26024956
0.26024956
0.26024956
0.26024956
0.26024956
0.26024956
0.26024956
0.26024956
0.26024956
0.26024956
0.26024956
0.26024956
0.26024956
0.26024956
0.26024956
0.26024956
0.26024956
0.26024956
0.26024956
0.26024956
0.26024956
0.26024956
0.26024956
0.26024956
0.26024956
0.26024956
0.26024956
0.26024956
0.26024956
0.26024956
0.26024956
0.26024956
0.26024956
0.26024956
0.26024956
0.26024956
0.26024956
0.26024956
0.26024956
0.26024956
0.26024956
0.26024956
0.26024956
0.26024956
0.26024956
0.26024956
0.26024956
0.26024956
0.26024956
0.26024956
0.26024956
0.26024956
0.26024956
0.26024956
0.26024956
0.26024956
0.26024956
0.26024956
0.26024956
0.26024956
0.26024956
0.26024956
0.26024956
0.26024956
0.26024956
0.26024956
0.26024956
0.26024956
0.26024956
0.26024956
0.26024956
0.26024956
0.26024956
0.26024956
0.26024956
0.26024956
0.26024956
0.26024956
0.26024956
0.26024956
0.26024956
0.26024956
0.26024956
0.26024956
0.26024956
0.26024956
0.26024956
0.26024956
0.26024956
0.26024956
0.26024956
0.26024956
0.26024956
0.26024956
0.26024956
0.26024956
0.26024956
0.26024956
0.26024956
0.26024956
0.26024956
0.26024956
0.26024956
0.26024956
0.26024956
0.26024956
0.26024956
0.26024956
0.26024956
0.26024956
0.26024956
0.26024956
0.26024956
0.26024956
0.26024956
0.26024956
0.26024956
0.26024956
0.26024956
0.26024956
0.26024956
0.26024956
0.26024956
0.26024956
0.26024956
0.26024956
0.26024956
0.26024956
0.26024956
0.26024956
0.26024956
0.26024956
0.26024956
0.26024956
0.26024956
0.26024956
0.26024956
0.26024956
0.26024956
0.26024956
0.26024956
0.26024956
0.26024956
0.26024956
0.26024956
0.26024956
0.26024956
0.26024956
0.26024956
0.26024956
0.26024956
0.26024956
0.26024956
0.26024956
0.26024956
0.26024956
0.26024956
0.26024956
0.26024956
0.26024956
0.26024956
0.26024956
0.26024956
0.26024956
0.26024956
0.26024956
0.26024956
0.26024956
0.26024956
0.26024956
0.26024956
0.26024956
0.26024956
0.26024956
0.26024956
0.26024956
0.26024956
0.26024956
0.26024956
0.26024956
0.26024956
0.26024956
0.26024956
0.26024956
0.26024956
0.26024956
0.26024956
0.26024956
0.26024956
0.26024956
0.26024956
0.26024956
0.26024956
0.26024956
0.26024956
0.26024956
0.26024956
0.26024956
0.26024956
0.26024956
0.26024956
0.26024956
0.26024956
0.26024956
0.26024956
0.26024956
0.26024956
0.26024956
0.26024956
0.26024956
0.26024956
0.26024956
0.26024956
0.26024956
0.26024956
0.26024956
0.26024956
0.26024956
0.26024956
0.26024956
0.26024956
0.26024956
0.26024956
0.26024956
0.26024956
0.26024956
0.26024956
0.26024956
0.26024956
0.26024956
0.26024956
0.26024956
0.26024956
0.26024956
0.26024956
0.26024956
0.26024956
0.26024956
0.26024956
0.26024956
0.26024956
0.26024956
0.26024956
0.26024956
0.26024956
0.26024956
0.26024956
0.26024956
0.26024956
0.26024956
0.26024956
0.26024956
0.26024956
0.26024956
0.26024956
0.26024956
0.26024956
0.26024956
0.26024956
0.26024956
0.26024956
0.26024956
0.26024956
0.26024956
0.26024956
0.26024956
0.26024956
0.26024956
0.26024956
0.26024956
0.26024956
0.26024956
0.26024956
0.26024956
0.26024956
0.26024956
0.26024956
0.26024956
0.26024956
0.26024956
0.26024956
0.26024956
0.26024956
0.26024956
0.26024956
0.26024956
0.26024956
0.26024956
0.26024956
0.26024956
0.26024956
0.26024956
0.26024956
0.26024956
0.26024956
0.26024956
0.26024956
0.26024956
0.26024956
0.26024956
0.26024956
0.26024956
0.26024956
0.26024956
0.26024956
0.26024956
0.26024956
0.26024956
0.26024956
0.26024956
0.26024956
0.26024956
0.26024956
0.26024956
0.26024956
0.26024956
0.26024956
0.26024956
0.26024956
0.26024956
0.26024956
0.26024956
0.26024956
0.26024956
0.26024956
0.26024956
0.26024956
0.26024956
0.26024956
0.26024956
0.26024956
0.26024956
0.26024956
0.26024956
0.26024956
0.26024956
0.26024956
0.26024956
0.26024956
0.26024956
0.26024956
0.26024956
0.26024956
0.26024956
0.26024956
0.26024956
0.26024956
0.26024956
0.26024956
0.26024956
0.26024956
0.26024956
0.26024956
0.26024956
0.26024956
0.26024956
0.26024956
0.26024956
0.26024956
0.26024956
0.26024956
0.26024956
0.26024956
0.26024956
0.26024956
0.26024956
0.26024956
0.26024956
0.26024956
0.26024956
0.26024956
0.26024956
0.26024956
0.26024956
0.26024956
0.26024956
0.26024956
0.26024956
0.26024956
0.26024956
0.26024956
0.26024956
0.26024956
0.26024956
0.26024956
0.26024956
0.26024956
0.26024956
0.26024956
0.26024956
0.26024956
0.26024956
0.26024956
0.26024956
0.26024956
0.26024956
0.26024956
0.26024956
0.26024956
0.26024956
0.26024956
0.26024956
0.26024956
0.26024956
0.26024956
0.26024956
0.26024956
0.26024956
0.26024956
0.26024956
0.26024956
0.26024956
0.26024956
0.26024956
0.26024956
0.26024956
0.26024956
0.26024956
0.26024956
0.26024956
0.26024956
0.26024956
0.26024956
0.26024956
0.26024956
0.26024956
0.26024956
0.26024956
0.26024956
0.26024956
0.26024956
0.26024956
0.26024956
0.26024956
0.26024956
0.26024956
0.26024956
0.26024956
0.26024956
0.26024956
0.26024956
0.26024956
0.26024956
0.26024956
0.26024956
0.26024956
0.26024956
0.26024956
0.26024956
0.26024956
0.26024956
0.26024956
0.26024956
0.26024956
0.26024956
0.26024956
0.26024956
0.26024956
0.26024956
0.26024956
0.26024956
0.26024956
0.26024956
0.26024956
0.26024956
0.26024956
0.26024956
0.26024956
0.26024956
0.26024956
0.26024956
0.26024956
0.26024956
0.26024956
0.26024956
0.26024956
0.26024956
0.26024956
0.26024956
0.26024956
0.26024956
0.26024956
0.26024956
0.26024956
0.26024956
0.26024956
0.26024956
0.26024956
0.26024956
0.26024956
0.26024956
0.26024956
0.26024956
0.26024956
0.26024956
0.26024956
0.26024956
0.26024956
0.26024956
0.26024956
0.26024956
0.26024956
0.26024956
0.26024956
0.26024956
0.26024956
0.26024956
0.26024956
0.26024956
0.26024956
0.26024956
0.26024956
0.26024956
0.26024956
0.26024956
0.26024956
0.26024956
0.26024956
0.26024956
0.26024956
0.26024956
0.26024956
0.26024956
0.26024956
0.26024956
0.26024956
0.26024956
0.26024956
0.26024956
0.26024956
0.26024956
0.26024956
0.26024956
0.26024956
0.26024956
0.26024956
0.26024956
0.26024956
0.26024956
0.26024956
0.26024956
0.26024956
0.26024956
0.26024956
0.26024956
0.26024956
0.26024956
0.26024956
0.26024956
0.26024956
0.26024956
0.26024956
0.26024956
0.26024956
0.26024956
0.26024956
0.26024956
0.26024956
0.26024956
0.26024956
0.26024956
0.26024956
0.26024956
0.26024956
0.26024956
0.26024956
0.26024956
0.26024956
0.26024956
0.26024956
0.26024956
0.26024956
0.26024956
0.26024956
0.26024956
0.26024956
0.26024956
0.26024956
0.26024956
0.26024956
0.26024956
0.26024956
0.26024956
0.26024956
0.26024956
0.26024956
0.26024956
0.26024956
0.26024956
0.26024956
0.26024956
0.26024956
0.26024956
0.26024956
0.26024956
0.26024956
0.26024956
0.26024956
0.26024956
0.26024956
0.26024956
0.26024956
0.26024956
0.26024956
0.26024956
0.26024956
0.26024956
0.26024956
0.26024956
0.26024956
0.26024956
0.26024956
0.26024956
0.26024956
0.26024956
0.26024956
0.26024956
0.26024956
0.26024956
0.26024956
0.26024956
0.26024956
0.26024956
0.26024956
0.26024956
0.26024956
0.26024956
0.26024956
0.26024956
0.26024956
0.26024956
0.26024956
0.26024956
0.26024956
0.26024956
0.26024956
0.26024956
0.26024956
0.26024956
0.26024956
0.26024956
0.26024956
0.26024956
0.26024956
0.26024956
0.26024956
0.26024956
0.26024956
0.26024956
0.26024956
0.26024956
0.26024956
0.26024956
0.26024956
0.26024956
0.26024956
0.26024956
0.26024956
0.26024956
0.26024956
0.26024956
0.26024956
0.26024956
0.26024956
0.26024956
0.26024956
0.26024956
0.26024956
0.26024956
0.26024956
0.26024956
0.26024956
0.26024956
0.26024956
0.26024956
0.26024956
0.26024956
0.26024956
0.26024956
0.26024956
0.26024956
0.26024956
0.26024956
0.26024956
0.26024956
0.26024956
0.26024956
0.26024956
0.26024956
0.26024956
0.26024956
0.26024956
0.26024956
0.26024956
0.26024956
0.26024956
0.26024956
0.26024956
0.26024956
0.26024956
0.26024956
0.26024956
0.26024956
0.26024956
0.26024956
0.26024956
0.26024956
0.26024956
0.26024956
0.26024956
0.26024956
0.26024956
0.26024956
0.26024956
0.26024956
0.26024956
0.26024956
0.26024956
0.26024956
0.26024956
0.26024956
0.26024956
0.26024956
0.26024956
0.26024956
0.26024956
0.26024956
0.26024956
0.26024956
0.26024956
0.26024956
0.26024956
0.26024956
0.26024956
0.26024956
0.26024956
0.26024956
0.26024956
0.26024956
0.26024956
0.26024956
0.26024956
0.26024956
0.26024956
0.26024956
0.26024956
0.26024956
0.26024956
0.26024956
0.26024956
0.26024956
0.26024956
0.26024956
0.26024956
0.26024956
0.26024956
0.26024956
0.26024956
0.26024956
0.26024956
0.26024956
0.26024956
0.26024956
0.26024956
0.26024956
0.26024956
0.26024956
0.26024956
0.26024956
0.26024956
0.26024956
0.26024956
0.26024956
0.26024956
0.26024956
0.26024956
0.26024956
0.26024956
0.26024956
0.26024956
0.26024956
0.26024956
0.26024956
0.26024956
0.26024956
0.26024956
0.26024956
0.26024956
0.26024956
0.26024956
0.26024956
0.26024956
0.26024956
0.26024956
0.26024956
0.26024956
0.26024956
0.26024956
0.26024956
0.26024956
0.26024956
0.26024956
0.26024956
0.26024956
0.26024956
0.26024956
0.26024956
0.26024956
0.26024956
0.26024956
0.26024956
0.26024956
0.26024956
0.26024956
0.26024956
0.26024956
0.26024956
0.26024956
0.26024956
0.26024956
0.26024956
0.26024956
0.26024956
0.26024956
0.26024956
0.26024956
0.26024956
0.26024956
0.26024956
0.26024956
0.26024956
0.26024956
0.26024956
0.26024956
0.26024956
0.26024956
0.26024956
0.26024956
0.26024956
0.26024956
0.26024956
0.26024956
0.26024956
0.26024956
0.26024956
0.26024956
0.26024956
0.26024956
0.26024956
0.26024956
0.26024956
0.26024956
0.26024956
0.26024956
0.26024956
0.26024956
0.26024956
0.26024956
0.26024956
0.26024956
0.26024956
0.26024956
0.26024956
0.26024956
0.26024956
0.26024956
0.26024956
0.26024956
0.26024956
0.26024956
0.26024956
0.26024956
0.26024956
0.26024956
0.26024956
0.26024956
0.26024956
0.26024956
0.26024956
0.26024956
0.26024956
0.26024956
0.26024956
0.26024956
0.26024956
0.26024956
0.26024956
0.26024956
0.26024956
0.26024956
0.26024956
0.26024956
0.26024956
0.26024956
0.26024956
0.26024956
0.26024956
0.26024956
0.26024956
0.26024956
0.26024956
0.26024956
0.26024956
0.26024956
0.26024956
0.26024956
0.26024956
0.26024956
0.26024956
0.26024956
0.26024956
0.26024956
0.26024956
0.26024956
0.26024956
0.26024956
0.26024956
0.26024956
0.26024956
0.26024956
0.26024956
0.26024956
0.26024956
0.26024956
0.26024956
0.26024956
0.26024956
0.26024956
0.26024956
0.26024956
0.26024956
0.26024956
0.26024956
0.26024956
0.26024956
0.26024956
0.26024956
0.26024956
0.26024956
0.26024956
0.26024956
0.26024956
0.26024956
0.26024956
0.26024956
0.26024956
0.26024956
0.26024956
0.26024956
0.26024956
0.26024956
0.26024956
0.26024956
0.26024956
0.26024956
0.26024956
0.26024956
0.26024956
0.26024956
0.26024956
0.26024956
0.26024956
0.26024956
0.26024956
0.26024956
0.26024956
0.26024956
0.26024956
0.26024956
0.26024956
0.26024956
0.26024956
0.26024956
0.26024956
0.26024956
0.26024956
0.26024956
0.26024956
0.26024956
0.26024956
0.26024956
0.26024956
0.26024956
0.26024956
0.26024956
0.26024956
0.26024956
0.26024956
0.26024956
0.26024956
0.26024956
0.26024956
0.26024956
0.26024956
0.26024956
0.26024956
0.26024956
0.26024956
0.26024956
0.26024956
0.26024956
0.26024956
0.26024956
0.26024956
0.26024956
0.26024956
0.26024956
0.26024956
0.26024956
0.26024956
0.26024956
0.26024956
0.26024956
0.26024956
0.26024956
0.26024956
0.26024956
0.26024956
0.26024956
0.26024956
0.26024956
0.26024956
0.26024956
0.26024956
0.26024956
0.26024956
0.26024956
0.26024956
0.26024956
0.26024956
0.26024956
0.26024956
0.26024956
0.26024956
0.26024956
0.26024956
0.26024956
0.26024956
0.26024956
0.26024956
0.26024956
0.26024956
0.26024956
0.26024956
0.26024956
0.26024956
0.26024956
0.26024956
0.26024956
0.26024956
0.26024956
0.26024956
0.26024956
0.26024956
0.26024956
0.26024956
0.26024956
0.26024956
0.26024956
0.26024956
0.26024956
0.26024956
0.26024956
0.26024956
0.26024956
0.26024956
0.26024956
0.26024956
0.26024956
0.26024956
0.26024956
0.26024956
0.26024956
0.26024956
0.26024956
0.26024956
0.26024956
0.26024956
0.26024956
0.26024956
0.26024956
0.26024956
0.26024956
0.26024956
0.26024956
0.26024956
0.26024956
0.26024956
0.26024956
0.26024956
0.26024956
0.26024956
0.26024956
0.26024956
0.26024956
0.26024956
0.26024956
0.26024956
0.26024956
0.26024956
0.26024956
0.26024956
0.26024956
0.26024956
0.26024956
0.26024956
0.26024956
0.26024956
0.26024956
0.26024956
0.26024956
0.26024956
0.26024956
0.26024956
0.26024956
0.26024956
0.26024956
0.26024956
0.26024956
0.26024956
0.26024956
0.26024956
0.26024956
0.26024956
0.26024956
0.26024956
0.26024956
0.26024956
0.26024956
0.26024956
0.26024956
0.26024956
0.26024956
0.26024956
0.26024956
0.26024956
0.26024956
0.26024956
0.26024956
0.26024956
0.26024956
0.26024956
0.26024956
0.26024956
0.26024956
0.26024956
0.26024956
0.26024956
0.26024956
0.26024956
0.26024956
0.26024956
0.26024956
0.26024956
0.26024956
0.26024956
0.26024956
0.26024956
0.26024956
0.26024956
0.26024956
0.26024956
0.26024956
0.26024956
0.26024956
0.26024956
0.26024956
0.26024956
0.26024956
0.26024956
0.26024956
0.26024956
0.26024956
0.26024956
0.26024956
0.26024956
0.26024956
0.26024956
0.26024956
0.26024956
0.26024956
0.26024956
0.26024956
0.26024956
0.26024956
0.26024956
0.26024956
0.26024956
0.26024956
0.26024956
0.26024956
0.26024956
0.26024956
0.26024956
0.26024956
0.26024956
0.26024956
0.26024956
0.26024956
0.26024956
0.26024956
0.26024956
0.26024956
0.26024956
0.26024956
0.26024956
0.26024956
0.26024956
0.26024956
0.26024956
0.26024956
0.26024956
0.26024956
0.26024956
0.26024956
0.26024956
0.26024956
0.26024956
0.26024956
0.26024956
0.26024956
0.26024956
0.26024956
0.26024956
0.26024956
0.26024956
0.26024956
0.26024956
0.26024956
0.26024956
0.26024956
0.26024956
0.26024956
0.26024956
0.26024956
0.26024956
0.26024956
0.26024956
0.26024956
0.26024956
0.26024956
0.26024956
0.26024956
0.26024956
0.26024956
0.26024956
0.26024956
0.26024956
0.26024956
0.26024956
0.26024956
0.26024956
0.26024956
0.26024956
0.26024956
0.26024956
0.26024956
0.26024956
0.26024956
0.26024956
0.26024956
0.26024956
0.26024956
0.26024956
0.26024956
0.26024956
0.26024956
0.26024956
0.26024956
0.26024956
0.26024956
0.26024956
0.26024956
0.26024956
0.26024956
0.26024956
0.26024956
0.26024956
0.26024956
0.26024956
0.26024956
0.26024956
0.26024956
0.26024956
0.26024956
0.26024956
0.26024956
0.26024956
0.26024956
0.26024956
0.26024956
0.26024956
0.26024956
0.26024956
0.26024956
0.26024956
0.26024956
0.26024956
0.26024956
0.26024956
0.26024956
0.26024956
0.26024956
0.26024956
0.26024956
0.26024956
0.26024956
0.26024956
0.26024956
0.26024956
0.26024956
0.26024956
0.26024956
0.26024956
0.26024956
0.26024956
0.26024956
0.26024956
0.26024956
0.26024956
0.26024956
0.26024956
0.26024956
0.26024956
0.26024956
0.26024956
0.26024956
0.26024956
0.26024956
0.26024956
0.26024956
0.26024956
0.26024956
0.26024956
0.26024956
0.26024956
0.26024956
0.26024956
0.26024956
0.26024956
0.26024956
0.26024956
0.26024956
0.26024956
0.26024956
0.26024956
0.26024956
0.26024956
0.26024956
0.26024956
0.26024956
0.26024956
0.26024956
0.26024956
0.26024956
0.26024956
0.26024956
0.26024956
0.26024956
0.26024956
0.26024956
0.26024956
0.26024956
0.26024956
0.26024956
0.26024956
0.26024956
0.26024956
0.26024956
0.26024956
0.26024956
0.26024956
0.26024956
0.26024956
0.26024956
0.26024956
0.26024956
0.26024956
0.26024956
0.26024956
0.26024956
0.26024956
0.26024956
0.26024956
0.26024956
0.26024956
0.26024956
0.26024956
0.26024956
0.26024956
0.26024956
0.26024956
0.26024956
0.26024956
0.26024956
0.26024956
0.26024956
0.26024956
0.26024956
0.26024956
0.26024956
0.26024956
0.26024956
0.26024956
0.26024956
0.26024956
0.26024956
0.26024956
0.26024956
0.26024956
0.26024956
0.26024956
0.26024956
0.26024956
0.26024956
0.26024956
0.26024956
0.26024956
0.26024956
0.26024956
0.26024956
0.26024956
0.26024956
0.26024956
0.26024956
0.26024956
0.26024956
0.26024956
0.26024956
0.26024956
0.26024956
0.26024956
0.26024956
0.26024956
0.26024956
0.26024956
0.26024956
0.26024956
0.26024956
0.26024956
0.26024956
0.26024956
0.26024956
0.26024956
0.26024956
0.26024956
0.26024956
0.26024956
0.26024956
0.26024956
0.26024956
0.26024956
0.26024956
0.26024956
0.26024956
0.26024956
0.26024956
0.26024956
0.26024956
0.26024956
0.26024956
0.26024956
0.26024956
0.26024956
0.26024956
0.26024956
0.26024956
0.26024956
0.26024956
0.26024956
0.26024956
0.26024956
0.26024956
0.26024956
0.26024956
0.26024956
0.26024956
0.26024956
0.26024956
0.26024956
0.26024956
0.26024956
0.26024956
0.26024956
0.26024956
0.26024956
0.26024956
0.26024956
0.26024956
0.26024956
0.26024956
0.26024956
0.26024956
0.26024956
0.26024956
0.26024956
0.26024956
0.26024956
0.26024956
0.26024956
0.26024956
0.26024956
0.26024956
0.26024956
0.26024956
0.26024956
0.26024956
0.26024956
0.26024956
0.26024956
0.26024956
0.26024956
0.26024956
0.26024956
0.26024956
0.26024956
0.26024956
0.26024956
0.26024956
0.26024956
0.26024956
0.26024956
0.26024956
0.26024956
0.26024956
0.26024956
0.26024956
0.26024956
0.26024956
0.26024956
0.26024956
0.26024956
0.26024956
0.26024956
0.26024956
0.26024956
0.26024956
0.26024956
0.26024956
0.26024956
0.26024956
0.26024956
0.26024956
0.26024956
0.26024956
0.26024956
0.26024956
0.26024956
0.26024956
0.26024956
0.26024956
0.26024956
0.26024956
0.26024956
0.26024956
0.26024956
0.26024956
0.26024956
0.26024956
0.26024956
0.26024956
0.26024956
0.26024956
0.26024956
0.26024956
0.26024956
0.26024956
0.26024956
0.26024956
0.26024956
0.26024956
0.26024956
0.26024956
0.26024956
0.26024956
0.26024956
0.26024956
0.26024956
0.26024956
0.26024956
0.26024956
0.26024956
0.26024956
0.26024956
0.26024956
0.26024956
0.26024956
0.26024956
0.26024956
0.26024956
0.26024956
0.26024956
0.26024956
0.26024956
0.26024956
0.26024956
0.26024956
0.26024956
0.26024956
0.26024956
0.26024956
0.26024956
0.26024956
0.26024956
0.26024956
0.26024956
0.26024956
0.26024956
0.26024956
0.26024956
0.26024956
0.26024956
0.26024956
0.26024956
0.26024956
0.26024956
0.26024956
0.26024956
0.26024956
0.26024956
0.26024956
0.26024956
0.26024956
0.26024956
0.26024956
0.26024956
0.26024956
0.26024956
0.26024956
0.26024956
0.26024956
0.26024956
0.26024956
0.26024956
0.26024956
0.26024956
0.26024956
0.26024956
0.26024956
0.26024956
0.26024956
0.26024956
0.26024956
0.26024956
0.26024956
0.26024956
0.26024956
0.26024956
0.26024956
0.26024956
0.26024956
0.26024956
0.26024956
0.26024956
0.26024956
0.26024956
0.26024956
0.26024956
0.26024956
0.26024956
0.26024956
0.26024956
0.26024956
0.26024956
0.26024956
0.26024956
0.26024956
0.26024956
0.26024956
0.26024956
0.26024956
0.26024956
0.26024956
0.26024956
0.26024956
0.26024956
0.26024956
0.26024956
0.26024956
0.26024956
0.26024956
0.26024956
0.26024956
0.26024956
0.26024956
0.26024956
0.26024956
0.26024956
0.26024956
0.26024956
0.26024956
0.26024956
0.26024956
0.26024956
0.26024956
0.26024956
0.26024956
0.26024956
0.26024956
0.26024956
0.26024956
0.26024956
0.26024956
0.26024956
0.26024956
0.26024956
0.26024956
0.26024956
0.26024956
0.26024956
0.26024956
0.26024956
0.26024956
0.26024956
0.26024956
0.26024956
0.26024956
0.26024956
0.26024956
0.26024956
0.26024956
0.26024956
0.26024956
0.26024956
0.26024956
0.26024956
0.26024956
0.26024956
0.26024956
0.26024956
0.26024956
0.26024956
0.26024956
0.26024956
0.26024956
0.26024956
0.26024956
0.26024956
0.26024956
0.26024956
0.26024956
0.26024956
0.26024956
0.26024956
0.26024956
0.26024956
0.26024956
0.26024956
0.26024956
0.26024956
0.26024956
0.26024956
0.26024956
0.26024956
0.26024956
0.26024956
0.26024956
0.26024956
0.26024956
0.26024956
0.26024956
0.26024956
0.26024956
0.26024956
0.26024956
0.26024956
0.26024956
0.26024956
0.26024956
0.26024956
0.26024956
0.26024956
0.26024956
0.26024956
0.26024956
0.26024956
0.26024956
0.26024956
0.26024956
0.26024956
0.26024956
0.26024956
0.26024956
0.26024956
0.26024956
0.26024956
0.26024956
0.26024956
0.26024956
0.26024956
0.26024956
0.26024956
0.26024956
0.26024956
0.26024956
0.26024956
0.26024956
0.26024956
0.26024956
0.26024956
0.26024956
0.26024956
0.26024956
0.26024956
0.26024956
0.26024956
0.26024956
0.26024956
0.26024956
0.26024956
0.26024956
0.26024956
0.26024956
0.26024956
0.26024956
0.26024956
0.26024956
0.26024956
0.26024956
0.26024956
0.26024956
0.26024956
0.26024956
0.26024956
0.26024956
0.26024956
0.26024956
0.26024956
0.26024956
0.26024956
0.26024956
0.26024956
0.26024956
0.26024956
0.26024956
0.26024956
0.26024956
0.26024956
0.26024956
0.26024956
0.26024956
0.26024956
0.26024956
0.26024956
0.26024956
0.26024956
0.26024956
0.26024956
0.26024956
0.26024956
0.26024956
0.26024956
0.26024956
0.26024956
0.26024956
0.26024956
0.26024956
0.26024956
0.26024956
0.26024956
0.26024956
0.26024956
0.26024956
0.26024956
0.26024956
0.26024956
0.26024956
0.26024956
0.26024956
0.26024956
0.26024956
0.26024956
0.26024956
0.26024956
0.26024956
0.26024956
0.26024956
0.26024956
0.26024956
0.26024956
0.26024956
0.26024956
0.26024956
0.26024956
0.26024956
0.26024956
0.26024956
0.26024956
0.26024956
0.26024956
0.26024956
0.26024956
0.26024956
0.26024956
0.26024956
0.26024956
0.26024956
0.26024956
0.26024956
0.26024956
0.26024956
0.26024956
0.26024956
0.26024956
0.26024956
0.26024956
0.26024956
0.26024956
0.26024956
0.26024956
0.26024956
0.26024956
0.26024956
0.26024956
0.26024956
0.26024956
0.26024956
0.26024956
0.26024956
0.26024956
0.26024956
0.26024956
0.26024956
0.26024956
0.26024956
0.26024956
0.26024956
0.26024956
0.26024956
0.26024956
0.26024956
0.26024956
0.26024956
0.26024956
0.26024956
0.26024956
0.26024956
0.26024956
0.26024956
0.26024956
0.26024956
0.26024956
0.26024956
0.26024956
0.26024956
0.26024956
0.26024956
0.26024956
0.26024956
0.26024956
0.26024956
0.26024956
0.26024956
0.26024956
0.26024956
0.26024956
0.26024956
0.26024956
0.26024956
0.26024956
0.26024956
0.26024956
0.26024956
0.26024956
0.26024956
0.26024956
0.26024956
0.26024956
0.26024956
0.26024956
0.26024956
0.26024956
0.26024956
0.26024956
0.26024956
0.26024956
0.26024956
0.26024956
0.26024956
0.26024956
0.26024956
0.26024956
0.26024956
0.26024956
0.26024956
0.26024956
0.26024956
0.26024956
0.26024956
0.26024956
0.26024956
0.26024956
0.26024956
0.26024956
0.26024956
0.26024956
0.26024956
0.26024956
0.26024956
0.26024956
0.26024956
0.26024956
0.26024956
0.26024956
0.26024956
0.26024956
0.26024956
0.26024956
0.26024956
0.26024956
0.26024956
0.26024956
0.26024956
0.26024956
0.26024956
0.26024956
0.26024956
0.26024956
0.26024956
0.26024956
0.26024956
0.26024956
0.26024956
0.26024956
0.26024956
0.26024956
0.26024956
0.26024956
0.26024956
0.26024956
0.26024956
0.26024956
0.26024956
0.26024956
0.26024956
0.26024956
0.26024956
0.26024956
0.26024956
0.26024956
0.26024956
0.26024956
0.26024956
0.26024956
0.26024956
0.26024956
0.26024956
0.26024956
0.26024956
0.26024956
0.26024956
0.26024956
0.26024956
0.26024956
0.26024956
0.26024956
0.26024956
0.26024956
0.26024956
0.26024956
0.26024956
0.26024956
0.26024956
0.26024956
0.26024956
0.26024956
0.26024956
0.26024956
0.26024956
0.26024956
0.26024956
0.26024956
0.26024956
0.26024956
0.26024956
0.26024956
0.26024956
0.26024956
0.26024956
0.26024956
0.26024956
0.26024956
0.26024956
0.26024956
0.26024956
0.26024956
0.26024956
0.26024956
0.26024956
0.26024956
0.26024956
0.26024956
0.26024956
0.26024956
0.26024956
0.26024956
0.26024956
0.26024956
0.26024956
0.26024956
0.26024956
0.26024956
0.26024956
0.26024956
0.26024956
0.26024956
0.26024956
0.26024956
0.26024956
0.26024956
0.26024956
0.26024956
0.26024956
0.26024956
0.26024956
0.26024956
0.26024956
0.26024956
0.26024956
0.26024956
0.26024956
0.26024956
0.26024956
0.26024956
0.26024956
0.26024956
0.26024956
0.26024956
0.26024956
0.26024956
0.26024956
0.26024956
0.26024956
0.26024956
0.26024956
0.26024956
0.26024956
0.26024956
0.26024956
0.26024956
0.26024956
0.26024956
0.26024956
0.26024956
0.26024956
0.26024956
0.26024956
0.26024956
0.26024956
0.26024956
0.26024956
0.26024956
0.26024956
0.26024956
0.26024956
0.26024956
0.26024956
0.26024956
0.26024956
0.26024956
0.26024956
0.26024956
0.26024956
0.26024956
0.26024956
0.26024956
0.26024956
0.26024956
0.26024956
0.26024956
0.26024956
0.26024956
0.26024956
0.26024956
0.26024956
0.26024956
0.26024956
0.26024956
0.26024956
0.26024956
0.26024956
0.26024956
0.26024956
0.26024956
0.26024956
0.26024956
0.26024956
0.26024956
0.26024956
0.26024956
0.26024956
0.26024956
0.26024956
0.26024956
0.26024956
0.26024956
0.26024956
0.26024956
0.26024956
0.26024956
0.26024956
0.26024956
0.26024956
0.26024956
0.26024956
0.26024956
0.26024956
0.26024956
0.26024956
0.26024956
0.26024956
0.26024956
0.26024956
0.26024956
0.26024956
0.26024956
0.26024956
0.26024956
0.26024956
0.26024956
0.26024956
0.26024956
0.26024956
0.26024956
0.26024956
0.26024956
0.26024956
0.26024956
0.26024956
0.26024956
0.26024956
0.26024956
0.26024956
0.26024956
0.26024956
0.26024956
0.26024956
0.26024956
0.26024956
0.26024956
0.26024956
0.26024956
0.26024956
0.26024956
0.26024956
0.26024956
0.26024956
0.26024956
0.26024956
0.26024956
0.26024956
0.26024956
0.26024956
0.26024956
0.26024956
0.26024956
0.26024956
0.26024956
0.26024956
0.26024956
0.26024956
0.26024956
0.26024956
0.26024956
0.26024956
0.26024956
0.26024956
0.26024956
0.26024956
0.26024956
0.26024956
0.26024956
0.26024956
0.26024956
0.26024956
0.26024956
0.26024956
0.26024956
0.26024956
0.26024956
0.26024956
0.26024956
0.26024956
0.26024956
0.26024956
0.26024956
0.26024956
0.26024956
0.26024956
0.26024956
0.26024956
0.26024956
0.26024956
0.26024956
0.26024956
0.26024956
0.26024956
0.26024956
0.26024956
0.26024956
0.26024956
0.26024956
0.26024956
0.26024956
0.26024956
0.26024956
0.26024956
0.26024956
0.26024956
0.26024956
0.26024956
0.26024956
0.26024956
0.26024956
0.26024956
0.26024956
0.26024956
0.26024956
0.26024956
0.26024956
0.26024956
0.26024956
0.26024956
0.26024956
0.26024956
0.26024956
0.26024956
0.26024956
0.26024956
0.26024956
0.26024956
0.26024956
0.26024956
0.26024956
0.26024956
0.26024956
0.26024956
0.26024956
0.26024956
0.26024956
0.26024956
0.26024956
0.26024956
0.26024956
0.26024956
0.26024956
0.26024956
0.26024956
0.26024956
0.26024956
0.26024956
0.26024956
0.26024956
0.26024956
0.26024956
0.26024956
0.26024956
0.26024956
0.26024956
0.26024956
0.26024956
0.26024956
0.26024956
0.26024956
0.26024956
0.26024956
0.26024956
0.26024956
0.26024956
0.26024956
0.26024956
0.26024956
0.26024956
0.26024956
0.26024956
0.26024956
0.26024956
0.26024956
0.26024956
0.26024956
0.26024956
0.26024956
0.26024956
0.26024956
0.26024956
0.26024956
0.26024956
0.26024956
0.26024956
0.26024956
0.26024956
0.26024956
0.26024956
0.26024956
0.26024956
0.26024956
0.26024956
0.26024956
0.26024956
0.26024956
0.26024956
0.26024956
0.26024956
0.26024956
0.26024956
0.26024956
0.26024956
0.26024956
0.26024956
0.26024956
0.26024956
0.26024956
0.26024956
0.26024956
0.26024956
0.26024956
0.26024956
0.26024956
0.26024956
0.26024956
0.26024956
0.26024956
0.26024956
0.26024956
0.26024956
0.26024956
0.26024956
0.26024956
0.26024956
0.26024956
0.26024956
0.26024956
0.26024956
0.26024956
0.26024956
0.26024956
0.26024956
0.26024956
0.26024956
0.26024956
0.26024956
0.26024956
0.26024956
0.26024956
0.26024956
0.26024956
0.26024956
0.26024956
0.26024956
0.26024956
0.26024956
0.26024956
0.26024956
0.26024956
0.26024956
0.26024956
0.26024956
0.26024956
0.26024956
0.26024956
0.26024956
0.26024956
0.26024956
0.26024956
0.26024956
0.26024956
0.26024956
0.26024956
0.26024956
0.26024956
0.26024956
0.26024956
0.26024956
0.26024956
0.26024956
0.26024956
0.26024956
0.26024956
0.26024956
0.26024956
0.26024956
0.26024956
0.26024956
0.26024956
0.26024956
0.26024956
0.26024956
0.26024956
0.26024956
0.26024956
0.26024956
0.26024956
0.26024956
0.26024956
0.26024956
0.26024956
0.26024956
0.26024956
0.26024956
0.26024956
0.26024956
0.26024956
0.26024956
0.26024956
0.26024956
0.26024956
0.26024956
0.26024956
0.26024956
0.26024956
0.26024956
0.26024956
0.26024956
0.26024956
0.26024956
0.26024956
0.26024956
0.26024956
0.26024956
0.26024956
0.26024956
0.26024956
0.26024956
0.26024956
0.26024956
0.26024956
0.26024956
0.26024956
0.26024956
0.26024956
0.26024956
0.26024956
0.26024956
0.26024956
0.26024956
0.26024956
0.26024956
0.26024956
0.26024956
0.26024956
0.26024956
0.26024956
0.26024956
0.26024956
0.26024956
0.26024956
0.26024956
0.26024956
0.26024956
0.26024956
0.26024956
0.26024956
0.26024956
0.26024956
0.26024956
0.26024956
0.26024956
0.26024956
0.26024956
0.26024956
0.26024956
0.26024956
0.26024956
0.26024956
0.26024956
0.26024956
0.26024956
0.26024956
0.26024956
0.26024956
0.26024956
0.26024956
0.26024956
0.26024956
0.26024956
0.26024956
0.26024956
0.26024956
0.26024956
0.26024956
0.26024956
0.26024956
0.26024956
0.26024956
0.26024956
0.26024956
0.26024956
0.26024956
0.26024956
0.26024956
0.26024956
0.26024956
0.26024956
0.26024956
0.26024956
0.26024956
0.26024956
0.26024956
0.26024956
0.26024956
0.26024956
0.26024956
0.26024956
0.26024956
0.26024956
0.26024956
0.26024956
0.26024956
0.26024956
0.26024956
0.26024956
0.26024956
0.26024956
0.26024956
0.26024956
0.26024956
0.26024956
0.26024956
0.26024956
0.26024956
0.26024956
0.26024956
0.26024956
0.26024956
0.26024956
0.26024956
0.26024956
0.26024956
0.26024956
0.26024956
0.26024956
0.26024956
0.26024956
0.26024956
0.26024956
0.26024956
0.26024956
0.26024956
0.26024956
0.26024956
0.26024956
0.26024956
0.26024956
0.26024956
0.26024956
0.26024956
0.26024956
0.26024956
0.26024956
0.26024956
0.26024956
0.26024956
0.26024956
0.26024956
0.26024956
0.26024956
0.26024956
0.26024956
0.26024956
0.26024956
0.26024956
0.26024956
0.26024956
0.26024956
0.26024956
0.26024956
0.26024956
0.26024956
0.26024956
0.26024956
0.26024956
0.26024956
0.26024956
0.26024956
0.26024956
0.26024956
0.26024956
0.26024956
0.26024956
0.26024956
0.26024956
0.26024956
0.26024956
0.26024956
0.26024956
0.26024956
0.26024956
0.26024956
0.26024956
0.26024956
0.26024956
0.26024956
0.26024956
0.26024956
0.26024956
0.26024956
0.26024956
0.26024956
0.26024956
0.26024956
0.26024956
0.26024956
0.26024956
0.26024956
0.26024956
0.26024956
0.26024956
0.26024956
0.26024956
0.26024956
0.26024956
0.26024956
0.26024956
0.26024956
0.26024956
0.26024956
0.26024956
0.26024956
0.26024956
0.26024956
0.26024956
0.26024956
0.26024956
0.26024956
0.26024956
0.26024956
0.26024956
0.26024956
0.26024956
0.26024956
0.26024956
0.26024956
0.26024956
0.26024956
0.26024956
0.26024956
0.26024956
0.26024956
0.26024956
0.26024956
0.26024956
0.26024956
0.26024956
0.26024956
0.26024956
0.26024956
0.26024956
0.26024956
0.26024956
0.26024956
0.26024956
0.26024956
0.26024956
0.26024956
0.26024956
0.26024956
0.26024956
0.26024956
0.26024956
0.26024956
0.26024956
0.26024956
0.26024956
0.26024956
0.26024956
0.26024956
0.26024956
0.26024956
0.26024956
0.26024956
0.26024956
0.26024956
0.26024956
0.26024956
0.26024956
0.26024956
0.26024956
0.26024956
0.26024956
0.26024956
0.26024956
0.26024956
0.26024956
0.26024956
0.26024956
0.26024956
0.26024956
0.26024956
0.26024956
0.26024956
0.26024956
0.26024956
0.26024956
0.26024956
0.26024956
0.26024956
0.26024956
0.26024956
0.26024956
0.26024956
0.26024956
0.26024956
0.26024956
0.26024956
0.26024956
0.26024956
0.26024956
0.26024956
0.26024956
0.26024956
0.26024956
0.26024956
0.26024956
0.26024956
0.26024956
0.26024956
0.26024956
0.26024956
0.26024956
0.26024956
0.26024956
0.26024956
0.26024956
0.26024956
0.26024956
0.26024956
0.26024956
0.26024956
0.26024956
0.26024956
0.26024956
0.26024956
0.26024956
0.26024956
0.26024956
0.26024956
0.26024956
0.26024956
0.26024956
0.26024956
0.26024956
0.26024956
0.26024956
0.26024956
0.26024956
0.26024956
0.26024956
0.26024956
0.26024956
0.26024956
0.26024956
0.26024956
0.26024956
0.26024956
0.26024956
0.26024956
0.26024956
0.26024956
0.26024956
0.26024956
0.26024956
0.26024956
0.26024956
0.26024956
0.26024956
0.26024956
0.26024956
0.26024956
0.26024956
0.26024956
0.26024956
0.26024956
0.26024956
0.26024956
0.26024956
0.26024956
0.26024956
0.26024956
0.26024956
0.26024956
0.26024956
0.26024956
0.26024956
0.26024956
0.26024956
0.26024956
0.26024956
0.26024956
0.26024956
0.26024956
0.26024956
0.26024956
0.26024956
0.26024956
0.26024956
0.26024956
0.26024956
0.26024956
0.26024956
0.26024956
0.26024956
0.26024956
0.26024956
0.26024956
0.26024956
0.26024956
0.26024956
0.26024956
0.26024956
0.26024956
0.26024956
0.26024956
0.26024956
0.26024956
0.26024956
0.26024956
0.26024956
0.26024956
0.26024956
0.26024956
0.26024956
0.26024956
0.26024956
0.26024956
0.26024956
0.26024956
0.26024956
0.26024956
0.26024956
0.26024956
0.26024956
0.26024956
0.26024956
0.26024956
0.26024956
0.26024956
0.26024956
0.26024956
0.26024956
0.26024956
0.26024956
0.26024956
0.26024956
0.26024956
0.26024956
0.26024956
0.26024956
0.26024956
0.26024956
0.26024956
0.26024956
0.26024956
0.26024956
0.26024956
0.26024956
0.26024956
0.26024956
0.26024956
0.26024956
0.26024956
0.26024956
0.26024956
0.26024956
0.26024956
0.26024956
0.26024956
0.26024956
0.26024956
0.26024956
0.26024956
0.26024956
0.26024956
0.26024956
0.26024956
0.26024956
0.26024956
0.26024956
0.26024956
0.26024956
0.26024956
0.26024956
0.26024956
0.26024956
0.26024956
0.26024956
0.26024956
0.26024956
0.26024956
0.26024956
0.26024956
0.26024956
0.26024956
0.26024956
0.26024956
0.26024956
0.26024956
0.26024956
0.26024956
0.26024956
0.26024956
0.26024956
0.26024956
0.26024956
0.26024956
0.26024956
0.26024956
0.26024956
0.26024956
0.26024956
0.26024956
0.26024956
0.26024956
0.26024956
0.26024956
0.26024956
0.26024956
0.26024956
0.26024956
0.26024956
0.26024956
0.26024956
0.26024956
0.26024956
0.26024956
0.26024956
0.26024956
0.26024956
0.26024956
0.26024956
0.26024956
0.26024956
0.26024956
0.26024956
0.26024956
0.26024956
0.26024956
0.26024956
0.26024956
0.26024956
0.26024956
0.26024956
0.26024956
0.26024956
0.26024956
0.26024956
0.26024956
0.26024956
0.26024956
0.26024956
0.26024956
0.26024956
0.26024956
0.26024956
0.26024956
0.26024956
0.26024956
0.26024956
0.26024956
0.26024956
0.26024956
0.26024956
0.26024956
0.26024956
0.26024956
0.26024956
0.26024956
0.26024956
0.26024956
0.26024956
0.26024956
0.26024956
0.26024956
0.26024956
0.26024956
0.26024956
0.26024956
0.26024956
0.26024956
0.26024956
0.26024956
0.26024956
0.26024956
0.26024956
0.26024956
0.26024956
0.26024956
0.26024956
0.26024956
0.26024956
0.26024956
0.26024956
0.26024956
0.26024956
0.26024956
0.26024956
0.26024956
0.26024956
0.26024956
0.26024956
0.26024956
0.26024956
0.26024956
0.26024956
0.26024956
0.26024956
0.26024956
0.26024956
0.26024956
0.26024956
0.26024956
0.26024956
0.26024956
0.26024956
0.26024956
0.26024956
0.26024956
0.26024956
0.26024956
0.26024956
0.26024956
0.26024956
0.26024956
0.26024956
0.26024956
0.26024956
0.26024956
0.26024956
0.26024956
0.26024956
0.26024956
0.26024956
0.26024956
0.26024956
0.26024956
0.26024956
0.26024956
0.26024956
0.26024956
0.26024956
0.26024956
0.26024956
0.26024956
0.26024956
0.26024956
0.26024956
0.26024956
0.26024956
0.26024956
0.26024956
0.26024956
0.26024956
0.26024956
0.26024956
0.26024956
0.26024956
0.26024956
0.26024956
0.26024956
0.26024956
0.26024956
0.26024956
0.26024956
0.26024956
0.26024956
0.26024956
0.26024956
0.26024956
0.26024956
0.26024956
0.26024956
0.26024956
0.26024956
0.26024956
0.26024956
0.26024956
0.26024956
0.26024956
0.26024956
0.26024956
0.26024956
0.26024956
0.26024956
0.26024956
0.26024956
0.26024956
0.26024956
0.26024956
0.26024956
0.26024956
0.26024956
0.26024956
0.26024956
0.26024956
0.26024956
0.26024956
0.26024956
0.26024956
0.26024956
0.26024956
0.26024956
0.26024956
0.26024956
0.26024956
0.26024956
0.26024956
0.26024956
0.26024956
0.26024956
0.26024956
0.26024956
0.26024956
0.26024956
0.26024956
0.26024956
0.26024956
0.26024956
0.26024956
0.26024956
0.26024956
0.26024956
0.26024956
0.26024956
0.26024956
0.26024956
0.26024956
0.26024956
0.26024956
0.26024956
0.26024956
0.26024956
0.26024956
0.26024956
0.26024956
0.26024956
0.26024956
0.26024956
0.26024956
0.26024956
0.26024956
0.26024956
0.26024956
0.26024956
0.26024956
0.26024956
0.26024956
0.26024956
0.26024956
0.26024956
0.26024956
0.26024956
0.26024956
0.26024956
0.26024956
0.26024956
0.26024956
0.26024956
0.26024956
0.26024956
0.26024956
0.26024956
0.26024956
0.26024956
0.26024956
0.26024956
0.26024956
0.26024956
0.26024956
0.26024956
0.26024956
0.26024956
0.26024956
0.26024956
0.26024956
0.26024956
0.26024956
0.26024956
0.26024956
0.26024956
0.26024956
0.26024956
0.26024956
0.26024956
0.26024956
0.26024956
0.26024956
0.26024956
0.26024956
0.26024956
0.26024956
0.26024956
0.26024956
0.26024956
0.26024956
0.26024956
0.26024956
