0.2753325
0.2960373
0.30549842
0.31345126
0.3222268
0.3362128
0.34197176
0.35472372
0.36816126
0.38214725
0.3777595
0.38173592
0.38132456
0.3722748
0.36912107
0.35582066
0.34210888
0.3355272
0.3360757
0.33744687
0.3392294
0.34183463
0.33319622
0.3377211
0.33991498
0.3500617
0.35870013
0.3624023
0.3640477
0.36445907
0.3640477
0.360894
0.35472372
0.3570547
0.36171672
0.36185384
0.3640477
0.36665297
0.36747566
0.3700809
0.37213767
0.37131497
0.36884683
0.370218
0.3732346
0.37652543
0.37762237
0.3785822
0.37817085
0.37817085
0.37926778
0.37954202
0.3809132
0.38488963
0.3855752
0.38653505
0.38653505
0.38584945
0.38434115
0.3831071
0.38269573
0.3824215
0.3824215
0.38228437
0.3815988
0.38132456
0.3809132
0.38077608
0.38022763
0.38050184
0.3809132
0.3824215
0.38228437
0.38105032
0.37995338
0.37899354
0.37885645
0.3785822
0.3784451
0.37871933
0.37981626
0.38022763
0.37981626
0.37967914
0.3794049
0.3777595
0.37721103
0.37679967
0.3762512
0.37583986
0.37597695
0.37611407
0.37583986
0.37556562
0.37597695
0.3763883
0.3763883
0.37721103
0.3777595
0.3770739
0.37679967
0.3770739
0.37734815
0.37734815
0.3769368
0.37679967
0.37611407
0.37611407
0.3754285
0.3747429
0.37405732
0.37296036
0.37350884
0.37405732
0.3739202
0.37364596
0.37378308
0.37433156
0.37515426
0.37583986
0.37597695
0.37611407
0.3762512
0.37679967
0.37666255
0.37597695
0.37460577
0.37433156
0.3739202
0.3739202
0.37364596
0.3732346
0.37337172
0.3732346
0.3732346
0.3732346
0.37296036
0.37282327
0.3724119
0.37268615
0.3724119
0.37254903
0.37268615
0.37296036
0.37296036
0.37364596
0.37405732
0.37364596
0.37337172
0.37309748
0.37337172
0.3739202
0.37405732
0.37419444
0.37419444
0.37433156
0.3739202
0.37350884
0.3732346
0.37309748
0.37268615
0.3709036
0.36980668
0.36884683
0.36884683
0.36912107
0.36843547
0.36843547
0.36761278
0.36665297
0.36569312
0.36541888
0.36487043
0.3647333
0.36445907
0.36445907
0.3645962
0.36418483
0.3637735
0.36349925
0.36336213
0.36336213
0.36349925
0.36363637
0.3637735
0.3637735
0.36418483
0.36418483
0.36418483
0.3647333
0.36487043
0.36500755
0.36487043
0.3652818
0.36569312
0.36596736
0.36596736
0.36651585
0.36788702
0.3685726
0.36912107
0.37035513
0.37158918
0.37186342
0.3724119
0.37254903
0.37268615
0.37282327
0.37296036
0.3732346
0.37337172
0.3732346
0.3732346
0.3732346
0.3732346
0.3732346
0.37337172
0.37350884
0.37350884
0.37350884
0.37350884
0.37350884
0.37350884
0.37350884
0.37350884
0.37350884
0.37350884
0.37364596
0.37378308
0.37378308
0.37378308
0.37378308
0.37378308
0.37378308
0.37378308
0.37378308
0.37378308
0.37405732
0.37405732
0.37419444
0.37433156
0.37433156
0.37433156
0.37433156
0.37446865
0.37446865
0.37460577
0.37460577
0.37460577
0.37460577
0.37460577
0.37460577
0.3747429
0.37488002
0.37501714
0.37515426
0.37515426
0.37515426
0.37515426
0.37515426
0.37529138
0.37529138
0.3754285
0.3754285
0.3754285
0.3754285
0.3754285
0.37556562
0.37556562
0.37570274
0.37570274
0.37583986
0.37583986
0.37583986
0.37583986
0.37583986
0.37597695
0.37597695
0.37597695
0.37597695
0.37597695
0.3762512
0.3762512
0.3763883
0.3763883
0.37652543
0.37666255
0.37666255
0.37666255
0.37666255
0.37666255
0.37666255
0.37666255
0.37679967
0.3769368
0.3769368
0.3769368
0.3770739
0.37721103
0.37721103
0.37721103
0.37721103
0.37721103
0.37721103
0.37721103
0.37748525
0.37748525
0.37748525
0.3777595
0.3777595
0.3777595
0.3778966
0.37803373
0.37803373
0.37803373
0.37803373
0.37817085
0.37817085
0.37830797
0.3785822
0.3785822
0.37871933
0.37871933
0.37885645
0.37871933
0.37871933
0.37871933
0.3785822
0.3785822
0.3785822
0.3785822
0.37871933
0.37899354
0.37913066
0.37913066
0.37913066
0.37913066
0.37913066
0.37926778
0.37926778
0.37954202
0.37967914
0.37967914
0.37967914
0.37981626
0.37995338
0.38036475
0.38050184
0.38050184
0.38077608
0.38105032
0.38118744
0.38118744
0.38118744
0.38132456
0.38146168
0.3815988
0.38173592
0.38173592
0.38187304
0.38201013
0.38201013
0.38214725
0.38214725
0.3825586
0.3825586
0.38269573
0.38269573
0.38296998
0.38324422
0.38338134
0.38351843
0.38379267
0.3839298
0.3840669
0.38434115
0.38447827
0.3846154
0.38502672
0.38516384
0.38530096
0.3855752
0.38653505
0.38694638
0.3870835
0.38735774
0.38735774
0.38790622
0.38790622
0.38790622
0.38790622
0.38790622
0.38790622
0.3877691
0.3877691
0.3877691
0.38804334
0.3877691
0.38790622
0.38804334
0.38790622
0.38790622
0.38804334
0.38804334
0.38831756
0.38831756
0.38845468
0.38818043
0.38818043
0.38818043
0.38831756
0.38831756
0.38845468
0.38872892
0.38886604
0.38900316
0.38914028
0.38955164
0.39037433
0.39037433
0.39064857
0.39105994
0.39105994
0.39133415
0.39147127
0.3916084
0.39188263
0.39201975
0.39215687
0.3924311
0.39256823
0.39270532
0.39284244
0.39311668
0.3932538
0.3932538
0.3932538
0.3932538
0.3932538
0.3932538
0.3932538
0.3932538
0.3932538
0.39339092
0.39339092
0.39339092
0.39339092
0.39339092
0.3932538
0.3932538
0.3932538
0.3932538
0.3932538
0.3932538
0.3932538
0.3932538
0.3932538
0.3932538
0.3932538
0.3932538
0.39339092
0.39339092
0.39339092
0.39339092
0.39339092
0.39339092
0.3932538
0.39188263
0.39105994
0.39037433
0.38900316
0.38818043
0.38749486
0.3870835
0.38680926
0.3861237
0.38584945
0.38571233
0.3855752
0.3855752
0.3855752
0.38543808
0.3855752
0.3855752
0.38543808
0.38543808
0.38530096
0.38502672
0.38488963
0.3847525
0.3846154
0.38447827
0.38420403
0.38420403
0.3840669
0.3839298
0.38379267
0.38365555
0.38351843
0.38324422
0.38296998
0.38296998
0.38283285
0.38283285
0.38283285
0.38296998
0.3824215
0.38214725
0.38201013
0.38201013
0.38201013
0.38173592
0.38146168
0.38146168
0.38146168
0.38132456
0.38132456
0.38118744
0.38132456
0.38132456
0.38132456
0.38132456
0.38118744
0.38118744
0.38118744
0.38118744
0.3809132
0.38077608
0.38077608
0.38050184
0.38036475
0.38036475
0.38036475
0.38022763
0.37995338
0.3800905
0.37995338
0.3800905
0.3800905
0.38022763
0.38022763
0.38036475
0.38036475
0.38036475
0.3800905
0.37995338
0.3800905
0.37967914
0.37967914
0.37981626
0.37967914
0.37981626
0.37954202
0.3794049
0.37954202
0.3794049
0.3794049
0.3794049
0.37967914
0.37967914
0.37967914
0.37981626
0.37995338
0.3800905
0.38063896
0.38146168
0.38269573
0.38324422
0.38351843
0.38351843
0.38379267
0.38379267
0.38420403
0.38379267
0.3839298
0.38420403
0.38420403
0.38434115
0.3846154
0.38434115
0.38420403
0.38447827
0.3847525
0.3847525
0.38502672
0.38530096
0.38571233
0.3862608
0.38653505
0.38667214
0.38667214
0.38680926
0.3870835
0.38749486
0.38749486
0.38749486
0.38818043
0.38818043
0.38818043
0.38845468
0.38831756
0.38831756
0.38818043
0.38831756
0.38831756
0.38845468
0.3885918
0.38886604
0.38900316
0.38914028
0.38914028
0.3892774
0.3892774
0.3892774
0.38941452
0.38955164
0.38941452
0.3892774
0.3892774
0.3892774
0.3892774
0.3892774
0.3892774
0.38955164
0.38982585
0.38982585
0.38982585
0.38968873
0.38968873
0.38968873
0.38968873
0.38968873
0.38955164
0.38955164
0.38955164
0.38955164
0.38968873
0.38968873
0.38955164
0.38955164
0.38941452
0.38955164
0.38955164
0.38955164
0.38941452
0.38941452
0.38941452
0.38941452
0.3892774
0.3892774
0.3892774
0.3892774
0.3892774
0.3892774
0.3892774
0.3892774
0.3892774
0.38914028
0.38914028
0.38914028
0.38914028
0.38914028
0.38914028
0.38914028
0.38914028
0.38900316
0.38900316
0.38886604
0.38886604
0.38886604
0.38886604
0.38886604
0.38886604
0.38886604
0.38886604
0.38872892
0.38872892
0.38872892
0.38872892
0.38872892
0.38955164
0.38955164
0.38968873
0.38968873
0.38968873
0.38982585
0.38982585
0.38982585
0.38996297
0.38955164
0.38955164
0.38968873
0.38968873
0.38982585
0.38982585
0.38996297
0.3902372
0.39051145
0.39105994
0.39105994
0.39133415
0.3916084
0.39188263
0.392294
0.39270532
0.39297956
0.39352804
0.3939394
0.39462498
0.39531058
0.39558482
0.39585903
0.3962704
0.3964075
0.39668176
0.39668176
0.396956
0.3972302
0.39805293
0.3984643
0.399287
0.4002468
0.40202934
0.40257782
0.40285206
0.4034005
0.40422323
0.40532017
0.4054573
0.40600577
0.40627998
0.40655422
0.40737695
0.40778828
0.40833676
0.40874812
0.40915948
0.40915948
0.40902236
0.40915948
0.40915948
0.40929657
0.40929657
0.40929657
0.40929657
0.40915948
0.40929657
0.40929657
0.40929657
0.40929657
0.4095708
0.40929657
0.40902236
0.40888524
0.40847388
0.40847388
0.40833676
0.40833676
0.40833676
0.40819964
0.40806252
0.40806252
0.4079254
0.4079254
0.40806252
0.4079254
0.40751407
0.40723982
0.40600577
0.4049088
0.40449747
0.40422323
0.4040861
0.40422323
0.40436035
0.40436035
0.4046346
0.4046346
0.4046346
0.4049088
0.4049088
0.4049088
0.4040861
0.403949
0.403949
0.4040861
0.403949
0.4040861
0.4040861
0.4040861
0.4040861
0.40422323
0.40381187
0.40422323
0.4040861
0.4040861
0.40422323
0.40436035
0.40518305
0.40573153
0.40655422
0.40723982
0.40888524
0.41039354
0.41121623
0.41149047
0.41217607
0.41286165
0.41286165
0.41286165
0.41286165
0.41286165
0.4131359
0.4131359
0.413273
0.41341013
0.41341013
0.4131359
0.4131359
0.41299877
0.41286165
0.41272452
0.41272452
0.41272452
0.4125874
0.41245028
0.41245028
0.41245028
0.41231316
0.41217607
0.41217607
0.41203895
0.41217607
0.4117647
0.41149047
0.41149047
0.41135335
0.41121623
0.4110791
0.41121623
0.410942
0.4110791
0.41080487
0.41053066
0.41053066
0.40998217
0.4095708
0.40915948
0.40874812
0.40888524
0.40915948
0.40929657
0.4094337
0.40984505
0.40970793
0.40984505
0.40998217
0.41025642
0.40984505
0.40998217
0.41066778
0.41053066
0.41080487
0.41066778
0.41066778
0.41053066
0.41149047
0.4116276
0.41217607
0.41245028
0.41354725
0.41395858
0.41436994
0.41450706
0.41464418
0.41464418
0.41491842
0.41491842
0.41491842
0.41491842
0.41519266
0.41546687
0.415604
0.41546687
0.41587824
0.41587824
0.41601536
0.4162896
0.4162896
0.41642672
0.4162896
0.41656384
0.41670096
0.4171123
0.41697517
0.41697517
0.41697517
0.41697517
0.41683805
0.41697517
0.4171123
0.41752365
0.4177979
0.41848347
0.4194433
0.41971755
0.4209516
0.42218566
0.4209516
0.420266
0.4187577
0.4177979
0.4172494
0.41670096
0.41642672
0.41642672
0.41656384
0.41656384
0.41766077
0.41766077
0.41766077
0.417935
0.417935
0.41834635
0.41820925
0.41807213
0.41820925
0.41807213
0.4171123
0.41656384
0.41615248
0.41574112
0.41546687
0.41519266
0.41464418
0.41382146
0.41395858
0.41382146
0.413273
0.4125874
0.41217607
0.4116276
0.41121623
0.41121623
0.4110791
0.410942
0.410942
0.410942
0.4110791
0.41121623
0.4110791
0.4110791
0.410942
0.41080487
0.41080487
0.41149047
0.4125874
0.41299877
0.41354725
0.41354725
0.41341013
0.41368437
0.41368437
0.41450706
0.41546687
0.41587824
0.4162896
0.41683805
0.4172494
0.417935
0.41820925
0.41848347
0.4187577
0.41903195
0.41916907
0.41889483
0.41903195
0.4187577
0.4186206
0.4186206
0.4187577
0.4194433
0.41985464
0.41999176
0.42040312
0.4209516
0.42136294
0.42204854
0.42232278
0.42232278
0.4217743
0.42163718
0.42163718
0.42150006
0.42150006
0.42150006
0.42163718
0.4217743
0.42163718
0.4217743
0.42163718
0.42191142
0.4217743
0.4217743
0.42191142
0.42218566
0.42218566
0.42218566
0.42218566
0.42204854
0.42218566
0.42204854
0.42218566
0.42218566
0.4224599
0.42232278
0.42232278
0.42232278
0.42259702
0.42259702
0.42259702
0.42259702
0.42273414
0.42287123
0.42287123
0.42287123
0.42300835
0.4232826
0.42314547
0.42314547
0.4232826
0.42355683
0.42369395
0.42369395
0.42383108
0.42383108
0.42410532
0.42424244
0.4247909
0.42520225
0.42533937
0.4254765
0.4256136
0.4256136
0.42588782
0.42588782
0.42588782
0.42602494
0.4264363
0.4264363
0.4264363
0.42671055
0.42671055
0.42657343
0.4269848
0.4269848
0.4269848
0.4271219
0.42725903
0.42725903
0.42753324
0.42767036
0.42739612
0.42821884
0.42821884
0.42821884
0.42835596
0.42835596
0.42835596
0.42849308
0.42835596
0.42835596
0.4286302
0.42876732
0.4289044
0.42917866
0.4294529
0.4294529
0.42972714
0.42972714
0.43000138
0.4301385
0.43027562
0.4304127
0.43054983
0.43082407
0.43123543
0.43123543
0.43123543
0.43123543
0.4310983
0.4310983
0.4310983
0.4310983
0.43123543
0.43123543
0.43123543
0.43123543
0.43123543
0.43123543
0.43123543
0.43150967
0.43150967
0.4316468
0.4316468
0.4317839
0.4316468
0.4317839
0.43192104
0.43192104
0.43192104
0.43192104
0.43205813
0.43205813
0.4317839
0.43082407
0.43068695
0.43027562
0.4301385
0.42986426
0.42931578
0.4289044
0.4289044
0.4279446
0.42767036
0.42753324
0.42739612
0.42739612
0.42725903
0.4269848
0.42671055
0.42671055
0.42684767
0.42684767
0.42684767
0.42684767
0.42684767
0.4269848
0.4269848
0.4269848
0.42725903
0.42725903
0.42739612
0.42739612
0.42739612
0.42753324
0.42767036
0.42780748
0.42780748
0.42780748
0.42780748
0.42780748
0.42780748
0.42780748
0.42780748
0.42780748
0.4279446
0.4279446
0.4279446
0.4279446
0.42808172
0.42835596
0.42835596
0.42835596
0.42835596
0.42835596
0.42849308
0.4289044
0.4289044
0.42904153
0.42904153
0.42904153
0.42904153
0.42917866
0.42917866
0.42917866
0.42917866
0.42931578
0.4294529
0.4294529
0.42959002
0.42959002
0.4294529
0.42959002
0.42959002
0.42972714
0.42972714
0.42972714
0.42959002
0.42972714
0.42986426
0.43000138
0.43000138
0.43000138
0.43000138
0.4301385
0.43000138
0.43000138
0.4301385
0.4301385
0.43027562
0.43027562
0.43082407
0.4310983
0.43150967
0.43150967
0.4316468
0.4317839
0.43233237
0.43342933
0.43438914
0.43493763
0.43521184
0.43548608
0.43548608
0.4356232
0.43589744
0.43617168
0.43617168
0.43617168
0.43617168
0.4363088
0.43644592
0.43685725
0.4372686
0.43767998
0.4378171
0.43795422
0.43795422
0.43767998
0.43767998
0.43767998
0.43754286
0.43740574
0.43740574
0.43754286
0.43740574
0.4372686
0.43740574
0.4372686
0.43699437
0.436583
0.436583
0.43699437
0.4363088
0.4363088
0.43644592
0.436583
0.43617168
0.43685725
0.4371315
0.4372686
0.4372686
0.43767998
0.43767998
0.43795422
0.4380913
0.43822843
0.43822843
0.43836555
0.43836555
0.4386398
0.43891403
0.43918827
0.43918827
0.43918827
0.4393254
0.44001096
0.44042233
0.44042233
0.4401481
0.4402852
0.4401481
0.44001096
0.4401481
0.44001096
0.4402852
0.44055945
0.44042233
0.44042233
0.4408337
0.44124502
0.44124502
0.4417935
0.4417935
0.4417935
0.44206774
0.44275331
0.44316468
0.44343892
0.44371316
0.44439873
0.44467297
0.4456328
0.44618127
0.4464555
0.44755244
0.44810092
0.44906074
0.44906074
0.44919786
0.44906074
0.4494721
0.44960922
0.44988346
0.45002058
0.45015767
0.4504319
0.4504319
0.45070615
0.45084327
0.45084327
0.45084327
0.45056903
0.45070615
0.45070615
0.45084327
0.45084327
0.4509804
0.4509804
0.4509804
0.4509804
0.4509804
0.4509804
0.45111752
0.45111752
0.4509804
0.45111752
0.45125464
0.45125464
0.45152888
0.45125464
0.45139176
0.45111752
0.45056903
0.45056903
0.45056903
0.45056903
0.45056903
0.4504319
0.45002058
0.44960922
0.4494721
0.44933498
0.4494721
0.4494721
0.44933498
0.4494721
0.44988346
0.44988346
0.4494721
0.4494721
0.4494721
0.44933498
0.44933498
0.44933498
0.44892362
0.4487865
0.44864938
0.4485123
0.44837517
0.44810092
0.44810092
0.4479638
0.44810092
0.44810092
0.44810092
0.44810092
0.44810092
0.44810092
0.44810092
0.44823804
0.44837517
0.4485123
0.44837517
0.4485123
0.44837517
0.44837517
0.44837517
0.4485123
0.44864938
0.44864938
0.4487865
0.44892362
0.44892362
0.44906074
0.44933498
0.44933498
0.4494721
0.44960922
0.44974634
0.44988346
0.44974634
0.44974634
0.44974634
0.44960922
0.44933498
0.44933498
0.44933498
0.4494721
0.4494721
0.4494721
0.4494721
0.4494721
0.4494721
0.44974634
0.45002058
0.45002058
0.45002058
0.45002058
0.44988346
0.45002058
0.45002058
0.45056903
0.45056903
0.4504319
0.4502948
0.45002058
0.44988346
0.44974634
0.44974634
0.4494721
0.4487865
0.4487865
0.44864938
0.4485123
0.44823804
0.44837517
0.4485123
0.4485123
0.4485123
0.44837517
0.44823804
0.44823804
0.44810092
0.4479638
0.4479638
0.44782668
0.44810092
0.4479638
0.44810092
0.44823804
0.44837517
0.4487865
0.4485123
0.44864938
0.44864938
0.44837517
0.44837517
0.4485123
0.44837517
0.44823804
0.44823804
0.44837517
0.44837517
0.44837517
0.44837517
0.4485123
0.44823804
0.44823804
0.4485123
0.44810092
0.44810092
0.44741532
0.44741532
0.4472782
0.44686687
0.44659263
0.44590703
0.44590703
0.4454957
0.4456328
0.44535857
0.44508433
0.4448101
0.44467297
0.44453585
0.4448101
0.44453585
0.4442616
0.4442616
0.4442616
0.4442616
0.44439873
0.44439873
0.44453585
0.44439873
0.44453585
0.44439873
0.44439873
0.44453585
0.44439873
0.4442616
0.44439873
0.4442616
0.4441245
0.4442616
0.4441245
0.4441245
0.4442616
0.4442616
0.4439874
0.4439874
0.4442616
0.44385028
0.44385028
0.4441245
0.4441245
0.4439874
0.4439874
0.44385028
0.44385028
0.44371316
0.44357604
0.44357604
0.44357604
0.44357604
0.44357604
0.44371316
0.44371316
0.44385028
0.44385028
0.44385028
0.44371316
0.44371316
0.44371316
0.44371316
0.4441245
0.4441245
0.4442616
0.44453585
0.4448101
0.4448101
0.44508433
0.4454957
0.4456328
0.4454957
0.4454957
0.4454957
0.4454957
0.4454957
0.44508433
0.44508433
0.44508433
0.4449472
0.44508433
0.4448101
0.4448101
0.44467297
0.4448101
0.4449472
0.4449472
0.44467297
0.44453585
0.4442616
0.44453585
0.44439873
0.4442616
0.4439874
0.4441245
0.4441245
0.44385028
0.44343892
0.44343892
0.44343892
0.44357604
0.44371316
0.44371316
0.44357604
0.44343892
0.44316468
0.44302756
0.44289044
0.4426162
0.44275331
0.4424791
0.44234198
0.44193062
0.44165638
0.44151926
0.44151926
0.44151926
0.44124502
0.4411079
0.4411079
0.4411079
0.4411079
0.4411079
0.4411079
0.44124502
0.44124502
0.44124502
0.44124502
0.44124502
0.4411079
0.4411079
0.4411079
0.4411079
0.4409708
0.4409708
0.4409708
0.4409708
0.4409708
0.4409708
0.4409708
0.4409708
0.4409708
0.4409708
0.4411079
0.4409708
0.4409708
0.4409708
0.4409708
0.4409708
0.4411079
0.4409708
0.4409708
0.4409708
0.4409708
0.4408337
0.4409708
0.4409708
0.4409708
0.4411079
0.4411079
0.4411079
0.44124502
0.44124502
0.44138214
0.44151926
0.44165638
0.44151926
0.44165638
0.4417935
0.4417935
0.44206774
0.44206774
0.44206774
0.44193062
0.44193062
0.44193062
0.44193062
0.44193062
0.44193062
0.44193062
0.44193062
0.44193062
0.44193062
0.44206774
0.44206774
0.44206774
0.44206774
0.44206774
0.44220486
0.44206774
0.44206774
0.44206774
0.44206774
0.44193062
0.44193062
0.44206774
0.44193062
0.44193062
0.4417935
0.44193062
0.4417935
0.4417935
0.4417935
0.4417935
0.4417935
0.44193062
0.44193062
0.4417935
0.44165638
0.44151926
0.44151926
0.44138214
0.44138214
0.44124502
0.44124502
0.4409708
0.4409708
0.4409708
0.4409708
0.4409708
0.4409708
0.4409708
0.4409708
0.4411079
0.4409708
0.4409708
0.4409708
0.4408337
0.4408337
0.4408337
0.4408337
0.4408337
0.4408337
0.4408337
0.44069657
0.44055945
0.44069657
0.44069657
0.44069657
0.44069657
0.44055945
0.44055945
0.44055945
0.44055945
0.44042233
0.44042233
0.44042233
0.44042233
0.4402852
0.4401481
0.4401481
0.4401481
0.4402852
0.44042233
0.44042233
0.44042233
0.44042233
0.44042233
0.44069657
0.44055945
0.44069657
0.44055945
0.44055945
0.44055945
0.44055945
0.44055945
0.44055945
0.44069657
0.44055945
0.44069657
0.44069657
0.44055945
0.44055945
0.44042233
0.44055945
0.44042233
0.44042233
0.4401481
0.4401481
0.44001096
0.44001096
0.44001096
0.44001096
0.44001096
0.43987384
0.43973672
0.43973672
0.43987384
0.43987384
0.43987384
0.43987384
0.43987384
0.43987384
0.43987384
0.43987384
0.43987384
0.43987384
0.43973672
0.43973672
0.43973672
0.43973672
0.43973672
0.43973672
0.43973672
0.43987384
0.43973672
0.43973672
0.43973672
0.43973672
0.43973672
0.4395996
0.4395996
0.4395996
0.4395996
0.4395996
0.4394625
0.4394625
0.4394625
0.4394625
0.4394625
0.4394625
0.4395996
0.4394625
0.4395996
0.4395996
0.4395996
0.4395996
0.4395996
0.4395996
0.43973672
0.43973672
0.43987384
0.43987384
0.43987384
0.43987384
0.43987384
0.44001096
0.43987384
0.43987384
0.43987384
0.4402852
0.4401481
0.4402852
0.4402852
0.44042233
0.4402852
0.4402852
0.44042233
0.44042233
0.44055945
0.44055945
0.44055945
0.44055945
0.44042233
0.44042233
0.44042233
0.44042233
0.44042233
0.44042233
0.44042233
0.44042233
0.44042233
0.44042233
0.44042233
0.4402852
0.4402852
0.4402852
0.4401481
0.4401481
0.4401481
0.4401481
0.44001096
0.44001096
0.44001096
0.43987384
0.43987384
0.43987384
0.43987384
0.43987384
0.43987384
0.44001096
0.43987384
0.43987384
0.43973672
0.43973672
0.43973672
0.43973672
0.4395996
0.4395996
0.43973672
0.43973672
0.4395996
0.43973672
0.43973672
0.4401481
0.4401481
0.4401481
0.44055945
0.44069657
0.4409708
0.4409708
0.4409708
0.4409708
0.4409708
0.4409708
0.4409708
0.4411079
0.4411079
0.4411079
0.4409708
0.4409708
0.4411079
0.4411079
0.4411079
0.4411079
0.44124502
0.44124502
0.44124502
0.44124502
0.44124502
0.44124502
0.4411079
0.4411079
0.4411079
0.44124502
0.44138214
0.44151926
0.44138214
0.44138214
0.44151926
0.44151926
0.44138214
0.44138214
0.44138214
0.44138214
0.44138214
0.44138214
0.44151926
0.44151926
0.44151926
0.44138214
0.44138214
0.44165638
0.44165638
0.44165638
0.4417935
0.44165638
0.44165638
0.4417935
0.4417935
0.44206774
0.44206774
0.44193062
0.44193062
0.44206774
0.44206774
0.4417935
0.4417935
0.4417935
0.4417935
0.44193062
0.44193062
0.44206774
0.44206774
0.44220486
0.44220486
0.44206774
0.44220486
0.44220486
0.44220486
0.44220486
0.44220486
0.44220486
0.44220486
0.44234198
0.44234198
0.44234198
0.44234198
0.44220486
0.44220486
0.44220486
0.44220486
0.44234198
0.44234198
0.4424791
0.4426162
0.4426162
0.44275331
0.44275331
0.44275331
0.44275331
0.44275331
0.44275331
0.44275331
0.44275331
0.44275331
0.44289044
0.44289044
0.44302756
0.44289044
0.44302756
0.44316468
0.44316468
0.44316468
0.44316468
0.44316468
0.4433018
0.4433018
0.4433018
0.4433018
0.4433018
0.4433018
0.4433018
0.4433018
0.44343892
0.44343892
0.44357604
0.44357604
0.44357604
0.44357604
0.44357604
0.44357604
0.44357604
0.44357604
0.44357604
0.44357604
0.44357604
0.44385028
0.44385028
0.4439874
0.4441245
0.44439873
0.44439873
0.44439873
0.44453585
0.4442616
0.4442616
0.4442616
0.4442616
0.4442616
0.44439873
0.44439873
0.44439873
0.44453585
0.44453585
0.44453585
0.44453585
0.44453585
0.4448101
0.4448101
0.4448101
0.4448101
0.4449472
0.4449472
0.4449472
0.44508433
0.44508433
0.4449472
0.4448101
0.4449472
0.44508433
0.44508433
0.44508433
0.44522145
0.44535857
0.44535857
0.44535857
0.4454957
0.44535857
0.4454957
0.4456328
0.4457699
0.44590703
0.44590703
0.44618127
0.44618127
0.44618127
0.4463184
0.44659263
0.44659263
0.44659263
0.44672975
0.44672975
0.44686687
0.447004
0.44714108
0.44714108
0.44714108
0.44714108
0.44741532
0.44755244
0.44768956
0.44782668
0.4479638
0.44837517
0.44837517
0.44837517
0.44837517
0.44810092
0.44810092
0.4479638
0.44782668
0.4479638
0.4479638
0.4479638
0.44782668
0.44768956
0.44768956
0.44768956
0.44782668
0.44782668
0.44782668
0.44782668
0.44782668
0.44782668
0.44782668
0.44782668
0.44782668
0.44768956
0.44755244
0.44755244
0.44755244
0.44755244
0.44755244
0.44741532
0.44741532
0.4472782
0.4472782
0.44714108
0.4472782
0.4472782
0.4472782
0.44714108
0.44714108
0.44714108
0.44714108
0.44714108
0.4472782
0.4472782
0.44741532
0.44741532
0.44768956
0.4479638
0.4485123
0.44864938
0.44892362
0.44892362
0.44892362
0.44864938
0.44892362
0.44892362
0.44906074
0.44919786
0.44919786
0.44919786
0.44933498
0.44933498
0.44933498
0.4494721
0.4494721
0.4494721
0.44960922
0.44974634
0.44960922
0.44960922
0.44960922
0.44974634
0.44960922
0.44974634
0.44974634
0.45002058
0.45002058
0.45015767
0.4504319
0.4504319
0.4504319
0.4504319
0.4502948
0.4502948
0.45056903
0.45056903
0.45056903
0.45056903
0.45056903
0.45056903
0.45070615
0.45056903
0.45056903
0.45070615
0.45070615
0.45070615
0.45070615
0.45070615
0.45056903
0.45070615
0.45070615
0.45084327
0.45084327
0.45084327
0.4509804
0.4509804
0.4509804
0.4509804
0.4509804
0.4509804
0.4509804
0.4509804
0.4509804
0.45084327
0.45084327
0.45070615
0.45070615
0.45070615
0.45084327
0.45084327
0.45056903
0.4504319
0.4504319
0.4502948
0.45015767
0.45015767
0.45015767
0.45015767
0.44988346
0.44974634
0.44974634
0.4494721
0.44960922
0.4494721
0.44933498
0.4494721
0.44960922
0.44960922
0.44960922
0.44933498
0.44906074
0.44892362
0.44892362
0.4487865
0.4485123
0.4485123
0.4485123
0.44837517
0.44837517
0.44837517
0.44837517
0.44823804
0.44810092
0.4479638
0.44810092
0.44823804
0.44823804
0.44837517
0.44837517
0.44837517
0.44837517
0.44823804
0.44823804
0.44823804
0.44837517
0.4485123
0.4487865
0.44892362
0.44892362
0.44892362
0.44906074
0.44906074
0.44906074
0.44919786
0.44906074
0.44906074
0.44892362
0.44892362
0.44892362
0.44906074
0.44906074
0.44906074
0.44919786
0.44933498
0.44933498
0.44933498
0.44933498
0.44933498
0.44933498
0.44933498
0.44919786
0.44919786
0.44906074
0.44906074
0.44906074
0.44919786
0.44919786
0.44906074
0.44919786
0.44919786
0.44919786
0.44906074
0.44906074
0.44919786
0.44906074
0.44906074
0.44919786
0.44933498
0.4494721
0.4494721
0.44933498
0.44933498
0.4494721
0.4494721
0.4494721
0.44933498
0.44960922
0.4494721
0.4494721
0.4494721
0.45002058
0.45002058
0.4502948
0.4504319
0.45056903
0.45056903
0.45056903
0.45056903
0.4504319
0.4504319
0.4504319
0.4502948
0.4502948
0.4504319
0.4504319
0.4504319
0.4504319
0.4504319
0.4504319
0.4504319
0.4504319
0.4504319
0.45056903
0.45070615
0.45056903
0.45056903
0.45056903
0.45056903
0.45056903
0.45056903
0.45056903
0.45056903
0.45056903
0.45056903
0.4504319
0.45056903
0.45056903
0.45056903
0.45056903
0.45056903
0.45056903
0.45056903
0.45070615
0.45070615
0.45084327
0.45084327
0.4509804
0.4509804
0.4509804
0.4509804
0.4509804
0.4509804
0.4509804
0.4509804
0.4509804
0.4509804
0.4509804
0.4509804
0.4509804
0.45084327
0.45070615
0.45070615
0.45084327
0.45084327
0.45084327
0.45084327
0.45084327
0.4509804
0.45111752
0.45111752
0.45111752
0.45111752
0.45139176
0.45139176
0.45152888
0.45152888
0.45152888
0.45152888
0.45152888
0.45152888
0.45152888
0.45152888
0.45139176
0.45139176
0.45139176
0.45139176
0.45139176
0.45139176
0.45139176
0.45139176
0.45125464
0.45125464
0.45125464
0.45125464
0.45125464
0.45125464
0.45125464
0.45125464
0.45139176
0.45139176
0.45139176
0.45152888
0.45139176
0.45125464
0.45125464
0.45125464
0.45125464
0.45125464
0.45125464
0.45125464
0.45111752
0.45111752
0.45111752
0.4509804
0.4509804
0.4509804
0.45084327
0.45084327
0.45084327
0.45084327
0.45084327
0.45070615
0.45070615
0.45070615
0.45070615
0.45070615
0.45056903
0.4504319
0.4504319
0.4504319
0.4504319
0.4504319
0.4504319
0.4504319
0.4504319
0.4502948
0.4504319
0.4504319
0.4504319
0.4504319
0.45056903
0.45056903
0.45056903
0.45056903
0.45070615
0.45056903
0.45056903
0.45056903
0.45056903
0.45056903
0.45056903
0.45056903
0.45056903
0.45056903
0.45056903
0.45056903
0.45056903
0.45056903
0.45056903
0.4504319
0.4504319
0.45056903
0.4504319
0.45056903
0.45056903
0.4504319
0.45056903
0.45070615
0.45084327
0.45084327
0.45084327
0.45084327
0.45084327
0.45084327
0.45084327
0.45084327
0.45084327
0.45070615
0.45070615
0.45070615
0.45070615
0.45084327
0.45084327
0.45084327
0.45084327
0.4509804
0.4509804
0.4509804
0.4509804
0.4509804
0.4509804
0.4509804
0.4509804
0.45111752
0.45111752
0.4509804
0.45111752
0.45111752
0.45111752
0.45111752
0.45111752
0.45111752
0.45139176
0.45139176
0.45139176
0.45139176
0.45139176
0.45139176
0.45139176
0.45139176
0.45139176
0.45125464
0.45125464
0.45166597
0.45166597
0.45166597
0.4518031
0.4518031
0.4519402
0.4518031
0.4518031
0.4518031
0.4519402
0.4519402
0.4519402
0.4519402
0.45207733
0.45207733
0.45221445
0.45221445
0.45207733
0.45207733
0.45207733
0.4519402
0.45207733
0.45221445
0.45235157
0.45235157
0.45235157
0.45235157
0.4524887
0.4524887
0.4524887
0.4524887
0.4524887
0.4526258
0.4526258
0.4526258
0.4526258
0.4526258
0.4526258
0.45276293
0.45276293
0.45276293
0.45276293
0.45276293
0.45276293
0.45290005
0.45276293
0.45276293
0.45276293
0.45276293
0.45276293
0.45276293
0.45276293
0.45290005
0.45290005
0.45290005
0.45290005
0.45290005
0.45303717
0.45290005
0.45303717
0.45303717
0.45303717
0.45303717
0.45303717
0.45317426
0.45303717
0.45303717
0.45303717
0.45303717
0.45317426
0.45317426
0.45303717
0.45303717
0.45303717
0.45317426
0.45317426
0.45317426
0.45331138
0.4534485
0.4534485
0.4534485
0.4534485
0.4534485
0.4534485
0.45358562
0.45358562
0.45358562
0.45385987
0.45385987
0.45385987
0.45385987
0.45385987
0.45385987
0.453997
0.453997
0.453997
0.453997
0.453997
0.453997
0.453997
0.45427123
0.45427123
0.45427123
0.45427123
0.45427123
0.45427123
0.45427123
0.45427123
0.45454547
0.45454547
0.45454547
0.45454547
0.45454547
0.45454547
0.45454547
0.45454547
0.45454547
0.45454547
0.45454547
0.45468256
0.45468256
0.45481968
0.45509392
0.45550528
0.45550528
0.45591664
0.45605376
0.45619085
0.45632797
0.45632797
0.45632797
0.45632797
0.45660222
0.45660222
0.45660222
0.45660222
0.45701358
0.45701358
0.4571507
0.4571507
0.45728782
0.45769915
0.45783627
0.45838475
0.45852187
0.458659
0.4587961
0.45893323
0.45893323
0.45893323
0.45907035
0.45934457
0.4596188
0.45989305
0.45989305
0.4601673
0.4603044
0.46044153
0.46057865
0.46085286
0.46085286
0.46085286
0.46098998
0.46098998
0.46126422
0.46140134
0.46153846
0.46153846
0.4618127
0.4618127
0.46194983
0.46208695
0.46222404
0.46236116
0.46249828
0.46249828
0.46277252
0.46277252
0.46277252
0.46277252
0.46290964
0.46304676
0.46304676
0.46304676
0.46318388
0.46304676
0.46318388
0.46318388
0.463321
0.46345812
0.46359524
0.46359524
0.46373233
0.46386945
0.46400657
0.46400657
0.46400657
0.46386945
0.46386945
0.46386945
0.46400657
0.4641437
0.4642808
0.4642808
0.46441793
0.46455505
0.46455505
0.46469218
0.46496642
0.46496642
0.46496642
0.46496642
0.46496642
0.46510354
0.46510354
0.46537775
0.46537775
0.465652
0.465652
0.46606335
0.4663376
0.4663376
0.4663376
0.4663376
0.4663376
0.4664747
0.4663376
0.4664747
0.46674892
0.46674892
0.46674892
0.46688604
0.46688604
0.46702316
0.46702316
0.46702316
0.46702316
0.46702316
0.46716028
0.46716028
0.46716028
0.46716028
0.46716028
0.46716028
0.4672974
0.4672974
0.4672974
0.4672974
0.4672974
0.4672974
0.4672974
0.4672974
0.46743453
0.46743453
0.46743453
0.46743453
0.46743453
0.46757165
0.46757165
0.46757165
0.46757165
0.46743453
0.46757165
0.46757165
0.46770877
0.467983
0.46812013
0.46825722
0.46825722
0.46825722
0.46825722
0.46825722
0.46839434
0.46839434
0.46839434
0.46839434
0.46812013
0.46812013
0.46812013
0.46825722
0.46839434
0.46839434
0.46853146
0.46866858
0.46866858
0.46866858
0.46866858
0.46866858
0.46866858
0.4688057
0.4688057
0.46866858
0.46866858
0.46866858
0.46866858
0.46866858
0.46866858
0.46866858
0.46866858
0.46853146
0.46853146
0.46853146
0.46853146
0.46839434
0.46839434
0.46839434
0.46853146
0.46866858
0.46866858
0.46866858
0.46866858
0.46907994
0.46907994
0.46907994
0.46907994
0.46907994
0.46907994
0.46907994
0.46907994
0.46921706
0.46935418
0.46935418
0.46935418
0.46921706
0.46921706
0.46907994
0.46907994
0.46907994
0.46907994
0.46921706
0.46921706
0.46921706
0.46935418
0.4697655
0.46990263
0.46990263
0.47003976
0.47003976
0.47017688
0.47003976
0.47045112
0.47045112
0.47045112
0.47045112
0.47086248
0.47086248
0.47086248
0.47086248
0.47086248
0.47086248
0.47086248
0.47086248
0.47086248
0.47086248
0.47086248
0.47086248
0.47086248
0.4709996
0.4709996
0.4709996
0.4709996
0.4709996
0.47086248
0.47086248
0.47086248
0.47086248
0.47086248
0.4709996
0.47113672
0.47113672
0.47113672
0.47113672
0.47113672
0.47113672
0.47113672
0.47113672
0.47113672
0.47113672
0.47113672
0.47113672
0.4709996
0.47086248
0.4709996
0.47141093
0.47154805
0.47168517
0.4718223
0.4718223
0.4718223
0.4718223
0.4718223
0.4718223
0.4718223
0.4718223
0.4719594
0.47209653
0.47209653
0.47223365
0.47223365
0.47223365
0.47237077
0.47237077
0.47237077
0.47237077
0.4725079
0.4725079
0.4725079
0.4725079
0.4725079
0.4725079
0.4725079
0.4725079
0.4725079
0.472645
0.472645
0.4727821
0.4727821
0.4727821
0.4727821
0.4727821
0.4727821
0.47291923
0.47291923
0.4727821
0.4727821
0.4727821
0.4727821
0.47291923
0.47291923
0.47291923
0.47291923
0.47291923
0.47291923
0.47291923
0.47305635
0.47319347
0.47319347
0.47319347
0.47319347
0.4733306
0.4733306
0.47319347
0.47319347
0.47319347
0.47319347
0.47319347
0.47319347
0.47319347
0.4733306
0.4733306
0.4733306
0.4734677
0.4734677
0.47360483
0.47374195
0.47374195
0.47374195
0.47374195
0.47387907
0.47387907
0.4740162
0.4740162
0.4740162
0.4740162
0.4741533
0.4741533
0.4742904
0.4742904
0.4742904
0.4741533
0.4741533
0.4741533
0.4742904
0.4742904
0.4742904
0.47442752
0.47442752
0.47456464
0.47456464
0.47456464
0.47456464
0.47456464
0.47470176
0.47470176
0.47470176
0.47470176
0.474976
0.474976
0.47511312
0.47538736
0.47538736
0.4755245
0.4755245
0.4755245
0.47538736
0.4755245
0.4755245
0.4756616
0.4755245
0.4756616
0.4756616
0.4757987
0.4757987
0.4757987
0.4757987
0.47607294
0.47607294
0.47607294
0.47634718
0.4764843
0.4764843
0.4764843
0.4764843
0.4764843
0.4764843
0.4764843
0.4764843
0.4764843
0.47634718
0.47634718
0.47634718
0.47634718
0.47634718
0.47634718
0.4764843
0.47662142
0.47689566
0.47689566
0.47689566
0.47703278
0.47703278
0.47703278
0.47703278
0.4771699
0.4771699
0.4774441
0.4774441
0.47730702
0.47758123
0.47758123
0.47771835
0.47785547
0.47785547
0.47785547
0.47785547
0.47785547
0.47785547
0.4779926
0.4779926
0.4781297
0.47826684
0.47826684
0.47854108
0.47854108
0.47881532
0.47881532
0.47881532
0.47881532
0.47881532
0.47881532
0.47881532
0.47881532
0.47881532
0.47881532
0.47881532
0.47881532
0.47881532
0.47881532
0.4789524
0.47908953
0.47908953
0.47908953
0.47908953
0.4789524
0.4789524
0.4789524
0.47908953
0.47936377
0.47936377
0.47936377
0.4795009
0.4795009
0.4795009
0.4795009
0.479638
0.479638
0.479638
0.479638
0.479638
0.479638
0.4795009
0.47936377
0.47936377
0.4795009
0.4795009
0.4795009
0.4795009
0.4795009
0.4795009
0.4795009
0.4795009
0.4795009
0.4795009
0.47936377
0.47936377
0.47936377
0.4795009
0.4795009
0.4795009
0.4795009
0.4795009
0.4795009
0.4795009
0.4795009
0.4795009
0.4795009
0.4795009
0.4795009
0.4795009
0.479638
0.47977513
0.47977513
0.47977513
0.47991225
0.47991225
0.47991225
0.47991225
0.47991225
0.47991225
0.47991225
0.47991225
0.47991225
0.47991225
0.47991225
0.47991225
0.47991225
0.47991225
0.47991225
0.47991225
0.47991225
0.47991225
0.47991225
0.47991225
0.47991225
0.47991225
0.47991225
0.47991225
0.47991225
0.47991225
0.47991225
0.48004937
0.48004937
0.48004937
0.48004937
0.48004937
0.48004937
0.48004937
0.48004937
0.48004937
0.48004937
0.48004937
0.48004937
0.48004937
0.48004937
0.48004937
0.48004937
0.48004937
0.48004937
0.48004937
0.48004937
0.48004937
0.48004937
0.48004937
0.47991225
0.47991225
0.47991225
0.47991225
0.47991225
0.47991225
0.47991225
0.47991225
0.47991225
0.47991225
0.48004937
0.48004937
0.47991225
0.48004937
0.48004937
0.47991225
0.47977513
0.47977513
0.47977513
0.47977513
0.47977513
0.47991225
0.47991225
0.47991225
0.47991225
0.47991225
0.47991225
0.47991225
0.47991225
0.47991225
0.47977513
0.47977513
0.47977513
0.479638
0.4795009
0.4795009
0.479638
0.479638
0.479638
0.479638
0.47977513
0.479638
0.479638
0.479638
0.4795009
0.4795009
0.4795009
0.4795009
0.4795009
0.4795009
0.479638
0.479638
0.479638
0.479638
0.479638
0.479638
0.479638
0.47977513
0.479638
0.47977513
0.47977513
0.47977513
0.47991225
0.47991225
0.47991225
0.47991225
0.47977513
0.47991225
0.47991225
0.47991225
0.47991225
0.47991225
0.47991225
0.47991225
0.47977513
0.47977513
0.47977513
0.47977513
0.47977513
0.47977513
0.47977513
0.47977513
0.4795009
0.479638
0.479638
0.47977513
0.47977513
0.47977513
0.47991225
0.47991225
0.47991225
0.48004937
0.48004937
0.48004937
0.48004937
0.48004937
0.48004937
0.4804607
0.4804607
0.4804607
0.4804607
0.4804607
0.4804607
0.4804607
0.4804607
0.4804607
0.4804607
0.48059782
0.48059782
0.48059782
0.48059782
0.48059782
0.48059782
0.48059782
0.48059782
0.48059782
0.48059782
0.48073494
0.48073494
0.48073494
0.48073494
0.48073494
0.48073494
0.48073494
0.48073494
0.48073494
0.48073494
0.48073494
0.48073494
0.48073494
0.48059782
0.48059782
0.48073494
0.48073494
0.48073494
0.48087206
0.48087206
0.48087206
0.48087206
0.48087206
0.48087206
0.4810092
0.48087206
0.48087206
0.48087206
0.48087206
0.4810092
0.48073494
0.48073494
0.48073494
0.48073494
0.48073494
0.4810092
0.48087206
0.48087206
0.48087206
0.48087206
0.48087206
0.4811463
0.4811463
0.48128343
0.4811463
0.4811463
0.4811463
0.4811463
0.4811463
0.48128343
0.48142055
0.48128343
0.48128343
0.48128343
0.48128343
0.48128343
0.48128343
0.48142055
0.48155767
0.48155767
0.48155767
0.48155767
0.48155767
0.48155767
0.48155767
0.48155767
0.48155767
0.48155767
0.48155767
0.48142055
0.48128343
0.4811463
0.4811463
0.4811463
0.4811463
0.48128343
0.48128343
0.48128343
0.4811463
0.4811463
0.4811463
0.4811463
0.4811463
0.4811463
0.4811463
0.4811463
0.4811463
0.4810092
0.4810092
0.4811463
0.4810092
0.48087206
0.48087206
0.48087206
0.48087206
0.48087206
0.48087206
0.48087206
0.48087206
0.48087206
0.48087206
0.48087206
0.48087206
0.48087206
0.48087206
0.48087206
0.48087206
0.4810092
0.4810092
0.4810092
0.4810092
0.4810092
0.4810092
0.4810092
0.4810092
0.4810092
0.4810092
0.4810092
0.4810092
0.4810092
0.4810092
0.4811463
0.4811463
0.4811463
0.48128343
0.48128343
0.48128343
0.48128343
0.48142055
0.48142055
0.48142055
0.48142055
0.48128343
0.4811463
0.4811463
0.4811463
0.4811463
0.4811463
0.4811463
0.4811463
0.4811463
0.4811463
0.4811463
0.48128343
0.4811463
0.4811463
0.4810092
0.4810092
0.4810092
0.4811463
0.4811463
0.4811463
0.4811463
0.4811463
0.4811463
0.4811463
0.48128343
0.48142055
0.48142055
0.48142055
0.48142055
0.48142055
0.48142055
0.48142055
0.48142055
0.48142055
0.48142055
0.48128343
0.48128343
0.48128343
0.48128343
0.4811463
0.4811463
0.4811463
0.4811463
0.4811463
0.4811463
0.4811463
0.48128343
0.48128343
0.48128343
0.48128343
0.48128343
0.48128343
0.48128343
0.48128343
0.48128343
0.48128343
0.48128343
0.48128343
0.48142055
0.48142055
0.48142055
0.48142055
0.48142055
0.48142055
0.48142055
0.48128343
0.48128343
0.48128343
0.48128343
0.48128343
0.48128343
0.48128343
0.48128343
0.4811463
0.4811463
0.4811463
0.4811463
0.48128343
0.4811463
0.4811463
0.4811463
0.4811463
0.4811463
0.4811463
0.4811463
0.4810092
0.4810092
0.4810092
0.4810092
0.4811463
0.4811463
0.4811463
0.4811463
0.4811463
0.4810092
0.4811463
0.4811463
0.4811463
0.4811463
0.4811463
0.4811463
0.4811463
0.4811463
0.4811463
0.48128343
0.48128343
0.48128343
0.48128343
0.48128343
0.48128343
0.48128343
0.48128343
0.48128343
0.48128343
0.48142055
0.48155767
0.48142055
0.48142055
0.48142055
0.48142055
0.48155767
0.48155767
0.48155767
0.4816948
0.4816948
0.4816948
0.4816948
0.4816948
0.4818319
0.4818319
0.4818319
0.4818319
0.4818319
0.4818319
0.4816948
0.4816948
0.4818319
0.481969
0.481969
0.481969
0.481969
0.481969
0.4818319
0.481969
0.48224324
0.48224324
0.48224324
0.48224324
0.48224324
0.48224324
0.48210612
0.48210612
0.48210612
0.48210612
0.48210612
0.481969
0.481969
0.48210612
0.48210612
0.48210612
0.48210612
0.48210612
0.48210612
0.48210612
0.48210612
0.48210612
0.48210612
0.48210612
0.48210612
0.48210612
0.48224324
0.48224324
0.48210612
0.48210612
0.481969
0.481969
0.481969
0.481969
0.481969
0.481969
0.481969
0.481969
0.481969
0.481969
0.481969
0.481969
0.481969
0.481969
0.481969
0.48210612
0.48210612
0.48210612
0.48210612
0.48210612
0.48210612
0.48210612
0.48210612
0.48224324
0.48224324
0.48224324
0.48224324
0.48224324
0.48224324
0.48224324
0.48224324
0.48224324
0.48251748
0.48251748
0.48251748
0.48251748
0.48238036
0.48238036
0.48238036
0.48251748
0.48251748
0.48251748
0.48251748
0.48251748
0.48251748
0.48251748
0.48251748
0.48251748
0.48251748
0.48251748
0.48251748
0.48251748
0.48251748
0.48251748
0.48251748
0.48251748
0.48251748
0.48251748
0.4826546
0.4826546
0.4826546
0.4826546
0.4826546
0.4826546
0.4826546
0.4826546
0.4826546
0.48238036
0.48238036
0.48238036
0.48238036
0.48238036
0.48238036
0.48238036
0.48224324
0.48224324
0.48224324
0.48224324
0.48224324
0.48224324
0.48224324
0.48224324
0.48224324
0.48238036
0.48238036
0.48238036
0.48238036
0.48224324
0.48224324
0.48224324
0.48210612
0.48210612
0.48210612
0.48210612
0.48210612
0.48210612
0.48224324
0.48224324
0.48224324
0.48224324
0.48210612
0.48224324
0.48224324
0.48224324
0.48224324
0.48224324
0.48224324
0.48224324
0.48210612
0.48210612
0.48210612
0.48210612
0.48210612
0.481969
0.481969
0.481969
0.4818319
0.4818319
0.4818319
0.4818319
0.4818319
0.4818319
0.4818319
0.4818319
0.4818319
0.4818319
0.4818319
0.4818319
0.4818319
0.4818319
0.4818319
0.4818319
0.4816948
0.4816948
0.4816948
0.4816948
0.4816948
0.4816948
0.4816948
0.4816948
0.4816948
0.4816948
0.4816948
0.4818319
0.4818319
0.4818319
0.4818319
0.4818319
0.4816948
0.4816948
0.4816948
0.48155767
0.48128343
0.48128343
0.4811463
0.4810092
0.4810092
0.4810092
0.48087206
0.48073494
0.48073494
0.48073494
0.48073494
0.48059782
0.4803236
0.4801865
0.4801865
0.4801865
0.48004937
0.48004937
0.48004937
0.47991225
0.47991225
0.47991225
0.47991225
0.47991225
0.47991225
0.47991225
0.47991225
0.47991225
0.47991225
0.47991225
0.47977513
0.47977513
0.479638
0.479638
0.479638
0.479638
0.479638
0.479638
0.47977513
0.47991225
0.47991225
0.47991225
0.47991225
0.47991225
0.47991225
0.47991225
0.47991225
0.47977513
0.47977513
0.47977513
0.47977513
0.47977513
0.47991225
0.48004937
0.48004937
0.48004937
0.48004937
0.4801865
0.4801865
0.4801865
0.4801865
0.4801865
0.4801865
0.4803236
0.4801865
0.4801865
0.4801865
0.4801865
0.4801865
0.4803236
0.4803236
0.4803236
0.4803236
0.48059782
0.48059782
0.48073494
0.48073494
0.48059782
0.48059782
0.48073494
0.48073494
0.48073494
0.48073494
0.48073494
0.48073494
0.48073494
0.48087206
0.48087206
0.48087206
0.4810092
0.4810092
0.4810092
0.4810092
0.4810092
0.4810092
0.48087206
0.48087206
0.48087206
0.48087206
0.48087206
0.48073494
0.48073494
0.48073494
0.48073494
0.48073494
0.48087206
0.48087206
0.4810092
0.4810092
0.4810092
0.4810092
0.4810092
0.4810092
0.4810092
0.4810092
0.4810092
0.4810092
0.4810092
0.4810092
0.4810092
0.4811463
0.4811463
0.4811463
0.4811463
0.4811463
0.4811463
0.4811463
0.4810092
0.4810092
0.4810092
0.4810092
0.4810092
0.4810092
0.4810092
0.4810092
0.4811463
0.4811463
0.4811463
0.4811463
0.4811463
0.4811463
0.4811463
0.4811463
0.4811463
0.48128343
0.48128343
0.48142055
0.48142055
0.48142055
0.48155767
0.48155767
0.4818319
0.4818319
0.4818319
0.4818319
0.4818319
0.4818319
0.4818319
0.4818319
0.4818319
0.4818319
0.4816948
0.4816948
0.4816948
0.481969
0.481969
0.481969
0.481969
0.4818319
0.4818319
0.4818319
0.4818319
0.4818319
0.481969
0.481969
0.481969
0.481969
0.4818319
0.4818319
0.481969
0.481969
0.481969
0.481969
0.481969
0.481969
0.48210612
0.48224324
0.48224324
0.48224324
0.48224324
0.48224324
0.48224324
0.48238036
0.48238036
0.48251748
0.48251748
0.48251748
0.48251748
0.48251748
0.48251748
0.48238036
0.48238036
0.48238036
0.48238036
0.48238036
0.48238036
0.48224324
0.48224324
0.48238036
0.48238036
0.48238036
0.48238036
0.48238036
0.48238036
0.48238036
0.48238036
0.48238036
0.48238036
0.48238036
0.48238036
0.48238036
0.48238036
0.48238036
0.48238036
0.48251748
0.48251748
0.48251748
0.48251748
0.48251748
0.4826546
0.4826546
0.4826546
0.4826546
0.4826546
0.48279172
0.48251748
0.48251748
0.48251748
0.48251748
0.48251748
0.48251748
0.48251748
0.48238036
0.48251748
0.48251748
0.48251748
0.48251748
0.48238036
0.48238036
0.48238036
0.48238036
0.48238036
0.48238036
0.48238036
0.48238036
0.48251748
0.48251748
0.4826546
0.4826546
0.4826546
0.4826546
0.4826546
0.4826546
0.48251748
0.48251748
0.4826546
0.4826546
0.4826546
0.4826546
0.4826546
0.4826546
0.48279172
0.48279172
0.48279172
0.48279172
0.48279172
0.48279172
0.48292884
0.48292884
0.48292884
0.48292884
0.48292884
0.48292884
0.48292884
0.48292884
0.48292884
0.48320308
0.48320308
0.48320308
0.48320308
0.48320308
0.48320308
0.4833402
0.4833402
0.4833402
0.4833402
0.4834773
0.4834773
0.4834773
0.4834773
0.4834773
0.4834773
0.4834773
0.4834773
0.4834773
0.4834773
0.4834773
0.4834773
0.4834773
0.4834773
0.4834773
0.4834773
0.4834773
0.4834773
0.4834773
0.4834773
0.4834773
0.4834773
0.4834773
0.4834773
0.4834773
0.4834773
0.4834773
0.4834773
0.4834773
0.4834773
0.4833402
0.4833402
0.4833402
0.4833402
0.4833402
0.4833402
0.4833402
0.48361441
0.48361441
0.48361441
0.48361441
0.48361441
0.48361441
0.48361441
0.48361441
0.48361441
0.48361441
0.48361441
0.48361441
0.4834773
0.4834773
0.4834773
0.4834773
0.4834773
0.4834773
0.4834773
0.4834773
0.4834773
0.4834773
0.4834773
0.4834773
0.4834773
0.4834773
0.4834773
0.4834773
0.4834773
0.4834773
0.4834773
0.4834773
0.4834773
0.4833402
0.4833402
0.4833402
0.4833402
0.4833402
0.4833402
0.4833402
0.4833402
0.4833402
0.4833402
0.4834773
0.4834773
0.4834773
0.4834773
0.4834773
0.4834773
0.4834773
0.4834773
0.4834773
0.4834773
0.4834773
0.4834773
0.4834773
0.4834773
0.4834773
0.4834773
0.4834773
0.4834773
0.4834773
0.4834773
0.4834773
0.4834773
0.4834773
0.4834773
0.4834773
0.4834773
0.4834773
0.4833402
0.4834773
0.4834773
0.4834773
0.4834773
0.4834773
0.4834773
0.4834773
0.4834773
0.4833402
0.4833402
0.4833402
0.4833402
0.4833402
0.4833402
0.4833402
0.4834773
0.4834773
0.4834773
0.4834773
0.4834773
0.4834773
0.4834773
0.4834773
0.4834773
0.4834773
0.4834773
0.4834773
0.48361441
0.48361441
0.48361441
0.48361441
0.48361441
0.48361441
0.48361441
0.48361441
0.48361441
0.48361441
0.48361441
0.48361441
0.4834773
0.4834773
0.4833402
0.4834773
0.4833402
0.4833402
0.4833402
0.4833402
0.4833402
0.4833402
0.4833402
0.4833402
0.4833402
0.4833402
0.4833402
0.4833402
0.4833402
0.4833402
0.4833402
0.4833402
0.4833402
0.4833402
0.4833402
0.4833402
0.4833402
0.4833402
0.4833402
0.4833402
0.4833402
0.4833402
0.4833402
0.4833402
0.4833402
0.4833402
0.4833402
0.4833402
0.4833402
0.4833402
0.4833402
0.4833402
0.4833402
0.4833402
0.4833402
0.4833402
0.4833402
0.4833402
0.4833402
0.4833402
0.4833402
0.4833402
0.4833402
0.4834773
0.4834773
0.4834773
0.4834773
0.4834773
0.4834773
0.4834773
0.48388866
0.48388866
0.48388866
0.48388866
0.48388866
0.48388866
0.48388866
0.48388866
0.48388866
0.48388866
0.48388866
0.48388866
0.48388866
0.48388866
0.48402578
0.48402578
0.48402578
0.48402578
0.48402578
0.4841629
0.4841629
0.48402578
0.48402578
0.4841629
0.4841629
0.48430002
0.48430002
0.48430002
0.48430002
0.48457426
0.48457426
0.4849856
0.4849856
0.4849856
0.4849856
0.4849856
0.4849856
0.4849856
0.4849856
0.4849856
0.4849856
0.4849856
0.4849856
0.4849856
0.4849856
0.4849856
0.4849856
0.4849856
0.4849856
0.4849856
0.4849856
0.4851227
0.4851227
0.4851227
0.48525983
0.48525983
0.48525983
0.48525983
0.48525983
0.48539695
0.48539695
0.48553407
0.48553407
0.48553407
0.48553407
0.48553407
0.48553407
0.48553407
0.4856712
0.4856712
0.48553407
0.48553407
0.48553407
0.48553407
0.48553407
0.48553407
0.4856712
0.4856712
0.48553407
0.4856712
0.4856712
0.4858083
0.4858083
0.48594543
0.48594543
0.48594543
0.48594543
0.48594543
0.48594543
0.4858083
0.4858083
0.4858083
0.4858083
0.4858083
0.4858083
0.48594543
0.48608255
0.48608255
0.48608255
0.48608255
0.48608255
0.48608255
0.48608255
0.48608255
0.48608255
0.48608255
0.48608255
0.48621967
0.48621967
0.48621967
0.48621967
0.48621967
0.4863568
0.4863568
0.4863568
0.4863568
0.4863568
0.4864939
0.4864939
0.486631
0.486631
0.486631
0.486631
0.486631
0.486631
0.486631
0.486631
0.486631
0.48676813
0.48676813
0.48676813
0.48676813
0.48676813
0.48676813
0.48676813
0.48676813
0.48676813
0.48676813
0.48676813
0.48676813
0.48676813
0.48676813
0.48676813
0.48676813
0.48676813
0.48676813
0.48676813
0.48704237
0.48704237
0.48704237
0.48704237
0.48704237
0.48704237
0.4871795
0.4871795
0.48704237
0.48704237
0.48704237
0.4871795
0.4871795
0.4871795
0.4871795
0.4871795
0.4871795
0.4871795
0.4873166
0.4873166
0.4873166
0.4873166
0.4873166
0.4873166
0.4873166
0.4873166
0.4873166
0.4873166
0.4873166
0.4873166
0.4873166
0.4873166
0.4873166
0.48745373
0.48745373
0.4873166
0.48745373
0.48745373
0.48745373
0.48759085
0.48759085
0.48759085
0.48759085
0.48759085
0.48759085
0.48759085
0.48759085
0.48759085
0.48759085
0.48759085
0.48772797
0.48772797
0.48772797
0.48772797
0.48772797
0.48772797
0.48772797
0.48772797
0.48772797
0.48772797
0.48772797
0.4878651
0.4878651
0.4878651
0.4878651
0.4878651
0.4878651
0.4878651
0.4878651
0.4878651
0.4878651
0.48800218
0.48800218
0.48800218
0.48800218
0.48800218
0.48800218
0.48800218
0.48800218
0.48800218
0.48800218
0.48800218
0.48800218
0.48800218
0.48800218
0.48800218
0.48800218
0.48800218
0.48800218
0.48800218
0.48800218
0.48800218
0.48800218
0.48800218
0.4881393
0.48827642
0.48827642
0.48827642
0.48827642
0.48827642
0.48855066
0.48868778
0.48868778
0.48868778
0.4888249
0.4888249
0.48896202
0.48896202
0.48896202
0.48909914
0.48909914
0.48923627
0.48951048
0.48951048
0.48951048
0.48951048
0.48951048
0.48951048
0.4896476
0.4896476
0.4896476
0.48992184
0.48992184
0.48992184
0.49005896
0.49005896
0.49005896
0.49005896
0.49005896
0.49005896
0.4903332
0.4903332
0.4903332
0.4903332
0.4903332
0.4903332
0.49047032
0.49047032
0.49060744
0.49060744
0.49060744
0.49060744
0.49060744
0.49060744
0.49060744
0.49047032
0.49047032
0.49047032
0.49047032
0.49047032
0.49047032
0.49047032
0.49060744
0.49060744
0.49060744
0.49060744
0.49060744
0.49060744
0.49060744
0.49060744
0.49060744
0.49060744
0.49060744
0.49060744
0.49060744
0.49060744
0.49060744
0.49060744
0.49060744
0.49060744
0.49074456
0.49088168
0.49074456
0.49088168
0.49088168
0.49088168
0.49101877
0.4911559
0.4911559
0.4911559
0.4911559
0.4911559
0.4911559
0.4911559
0.4911559
0.4911559
0.4911559
0.4911559
0.4911559
0.4911559
0.4911559
0.4911559
0.4911559
0.4911559
0.49101877
0.49101877
0.49101877
0.49101877
0.49101877
0.49101877
0.49101877
0.4911559
0.4911559
0.4911559
0.4911559
0.4911559
0.4911559
0.4911559
0.491293
0.491293
0.491293
0.4911559
0.4911559
0.4911559
0.4911559
0.4911559
0.4911559
0.4911559
0.491293
0.49143013
0.49143013
0.49143013
0.49156725
0.49156725
0.49156725
0.49156725
0.49156725
0.49156725
0.49156725
0.49156725
0.49156725
0.49156725
0.49156725
0.49156725
0.49156725
0.49156725
0.49156725
0.49156725
0.49156725
0.49156725
0.49156725
0.49156725
0.49156725
0.49156725
0.49156725
0.49156725
0.49156725
0.49156725
0.49156725
0.49170437
0.49170437
0.49170437
0.49170437
0.49170437
0.49170437
0.49170437
0.49170437
0.4918415
0.49197862
0.49197862
0.49197862
0.49197862
0.49197862
0.49211574
0.49211574
0.49211574
0.49211574
0.49211574
0.49211574
0.49211574
0.49211574
0.49211574
0.49211574
0.49211574
0.49211574
0.49211574
0.49211574
0.49211574
0.49225286
0.49225286
0.49225286
0.49225286
0.49225286
0.49225286
0.49225286
0.49238998
0.49238998
0.49238998
0.49238998
0.49238998
0.49238998
0.49238998
0.49238998
0.49252707
0.49252707
0.49252707
0.4926642
0.4926642
0.4926642
0.4928013
0.4928013
0.4928013
0.4928013
0.4928013
0.4928013
0.4928013
0.4928013
0.4928013
0.49293843
0.49293843
0.49293843
0.49293843
0.49293843
0.49293843
0.49293843
0.49293843
0.49321267
0.49321267
0.49321267
0.49321267
0.49321267
0.49321267
0.49321267
0.49321267
0.49321267
0.49321267
0.49321267
0.49321267
0.49321267
0.49321267
0.49321267
0.49321267
0.49321267
0.49321267
0.49321267
0.49321267
0.49321267
0.49321267
0.49321267
0.49321267
0.49321267
0.4933498
0.4933498
0.4933498
0.4933498
0.4933498
0.4933498
0.4933498
0.4933498
0.4933498
0.4934869
0.4934869
0.4934869
0.4934869
0.4934869
0.4934869
0.4934869
0.4934869
0.4934869
0.4934869
0.4934869
0.4934869
0.4934869
0.4934869
0.4934869
0.49362403
0.49376115
0.49376115
0.49376115
0.49376115
0.49376115
0.49376115
0.49376115
0.49376115
0.49376115
0.49376115
0.49376115
0.49376115
0.49376115
0.49376115
0.49376115
0.49376115
0.49376115
0.49376115
0.49376115
0.49376115
0.49376115
0.49376115
0.49376115
0.49376115
0.49376115
0.49376115
0.49376115
0.49376115
0.49376115
0.49376115
0.49376115
0.49389827
0.49389827
0.49403536
0.49403536
0.49403536
0.49417248
0.49417248
0.49417248
0.49417248
0.49417248
0.49417248
0.49417248
0.49417248
0.49417248
0.49417248
0.49417248
0.49417248
0.4943096
0.4943096
0.4943096
0.4943096
0.4943096
0.4943096
0.4943096
0.4943096
0.4943096
0.4943096
0.4943096
0.4943096
0.4943096
0.4943096
0.4943096
0.4943096
0.4943096
0.4943096
0.4943096
0.4943096
0.4943096
0.4943096
0.49444672
0.49444672
0.49444672
0.49444672
0.49444672
0.49444672
0.49444672
0.49444672
0.49444672
0.49444672
0.49444672
0.49444672
0.49444672
0.49444672
0.49444672
0.49444672
0.49444672
0.49444672
0.49444672
0.49444672
0.49444672
0.49444672
0.49444672
0.49444672
0.49444672
0.49444672
0.49444672
0.49444672
0.49444672
0.49444672
0.49444672
0.49444672
0.49444672
0.49444672
0.49444672
0.49458385
0.49458385
0.49458385
0.49472097
0.49472097
0.49472097
0.49472097
0.49472097
0.49472097
0.49472097
0.49472097
0.49472097
0.49472097
0.49458385
0.49458385
0.49472097
0.49472097
0.49472097
0.49472097
0.49472097
0.49472097
0.49472097
0.4948581
0.4948581
0.49472097
0.49458385
0.49458385
0.49472097
0.4948581
0.4948581
0.4948581
0.4948581
0.4948581
0.4949952
0.4949952
0.4948581
0.4948581
0.4949952
0.4949952
0.4949952
0.49513233
0.49526945
0.49526945
0.49526945
0.49526945
0.49526945
0.49526945
0.49526945
0.49513233
0.49513233
0.49513233
0.49513233
0.49513233
0.49526945
0.49526945
0.49540657
0.49540657
0.49526945
0.49526945
0.49526945
0.49526945
0.49540657
0.49540657
0.49540657
0.49540657
0.49540657
0.49540657
0.49540657
0.49540657
0.49540657
0.49554366
0.49554366
0.49554366
0.49554366
0.49554366
0.49554366
0.49554366
0.49554366
0.49554366
0.49554366
0.49554366
0.49554366
0.49554366
0.49554366
0.49554366
0.49554366
0.49554366
0.49554366
0.49554366
0.49540657
0.49540657
0.49540657
0.49540657
0.49526945
0.49526945
0.49540657
0.49540657
0.49540657
0.49540657
0.49540657
0.49540657
0.49540657
0.49540657
0.49554366
0.49554366
0.49554366
0.49554366
0.49554366
0.49554366
0.49540657
0.49540657
0.49540657
0.49540657
0.49540657
0.49540657
0.49526945
0.49526945
0.49568078
0.49568078
0.49568078
0.49568078
0.4958179
0.4958179
0.4958179
0.4958179
0.49595502
0.49595502
0.49595502
0.49595502
0.49595502
0.49595502
0.49595502
0.49595502
0.49595502
0.49595502
0.49595502
0.49595502
0.49595502
0.49595502
0.49595502
