0.31016043
0.31495956
0.33223638
0.33730975
0.39969835
0.39448786
0.43000138
0.46359524
0.49814892
0.46661183
0.50143975
0.50404495
0.51981354
0.52721786
0.5590292
0.555327
0.5922117
0.60002744
0.62032086
0.62484574
0.6444536
0.6599479
0.6632387
0.67338544
0.6934046
0.69669545
0.69861513
0.73577404
0.73837924
0.7501714
0.7440011
0.7538736
0.7546963
0.7647059
0.76744825
0.77745783
0.7908954
0.7948718
0.7959687
0.7984369
0.80995476
0.8026875
0.82092416
0.81502813
0.82531196
0.82599753
0.8350473
0.8388866
0.84368575
0.86013985
0.8539696
0.8564377
0.86452764
0.86205953
0.8619224
0.87631977
0.87138355
0.8760455
0.87248045
0.87933636
0.8807075
0.88399833
0.89167696
0.89167696
0.8951049
0.897573
0.901001
0.91005075
0.9093651
0.917318
0.9174551
0.9174551
0.9184149
0.9273276
0.9302071
0.92883587
0.9281503
0.935966
0.9367887
0.9440559
0.93939394
0.94419307
0.942959
0.94624984
0.9483066
0.9474839
0.9521459
0.95571095
0.9577677
0.95859045
0.95708215
0.96023583
0.9605101
0.9647607
0.9643494
0.9684629
0.96256685
0.9647607
0.9648979
0.9681887
