0.292198
0.45070615
0.44714108
0.47881532
0.49842316
0.5062389
0.50089127
0.5313314
0.54600304
0.5520362
0.5643768
0.5710956
0.5933086
0.5874126
0.5912519
0.6044152
0.60935146
0.61881256
0.6222405
0.62429726
0.6289593
0.63279855
0.6360894
0.6406143
0.64513916
0.6447278
0.6467846
0.6546003
0.65418893
0.6617304
0.66351295
0.6640614
0.6695461
0.6731112
0.67873305
0.6744824
0.68435484
0.68284655
0.690388
0.6907994
0.69655836
0.6962841
0.6964212
0.70355135
0.70409983
0.70300287
0.7061566
0.7082133
0.7098588
0.7132867
0.718223
0.7178116
0.7168518
0.72288495
0.73042643
0.72836965
0.7307007
0.73577404
0.7401618
0.7390649
0.7390649
0.75222814
0.7503085
0.74317837
0.760181
0.7673111
0.77046484
0.77087617
0.7726587
0.7760867
0.78033733
0.7791033
0.7825312
0.78294253
0.7855478
0.7863705
0.7954203
0.80076784
0.80063075
0.7948718
0.8057041
0.80762374
0.8188674
0.8179076
0.8191416
0.8286028
0.81612504
0.8233923
0.83682984
0.83436173
0.8380639
0.83765256
0.83532155
0.8388866
0.8413547
0.8519128
0.8587687
0.8542438
0.8520499
