10050.853
10007.5
9959.49
9913.88
9860.379
9801.16
9735.87
9662.759
9584.873
9491.198
9391.641
9277.639
9153.926
9019.965
8876.43
8726.619
8570.563
8408.6045
8243.901
8084.896
7920.5996
7758.9863
7600.3574
7443.901
7292.637
7144.161
6998.404
6856.5454
6717.944
6582.2744
6452.883
6324.297
6202.2715
6080.217
5963.771
5850.3716
5740.3667
5637.386
5532.8105
5429.9204
5332.649
5238.738
5146.873
5058.1196
4971.238
4888.3394
4810.682
4725.4463
4650.1523
4573.3413
4502.692
4429.4253
4362.296
4290.4893
4226.8335
4161.897
4099.813
4037.3135
3978.7983
3916.6726
3861.1204
3804.8972
3749.2808
3697.7898
3647.64
3593.5837
3544.534
3494.0813
3446.575
3400.2312
3356.9492
3310.9587
3267.016
3234.6729
3183.6196
3142.9434
3102.9902
3066.296
3029.312
2989.2144
2957.418
2919.9497
2884.3496
2850.2551
2822.2695
2783.461
2754.0754
2721.6125
2692.1387
2664.7192
2635.0046
2608.2139
2583.737
2554.0488
2528.6086
2501.4897
2477.5342
2452.997
2427.5127
2407.389
