10033.777
10012.897
9992.893
9971.251
9946.955
9922.544
9897.796
9871.865
9844.714
9818.287
9788.055
9757.871
9726.642
9695.493
9664.676
9635.823
9604.008
9569.256
9539.296
9506.108
9485.875
9446.354
9418.723
9387.927
9361.771
9332.896
9304.078
9277.9
9251.59
9225.834
9199.869
9176.132
9150.864
9126.88
9103.339
9082.978
9058.048
9036.645
9014.424
8993.098
8972.5205
8953.375
8932.764
8910.775
8891.234
8872.893
8856.372
8835.473
8815.917
8799.973
8780.14
8763.724
8745.518
8728.87
8713.687
8695.687
8679.578
8664.066
8648.213
8632.863
8618.308
8602.546
8588.534
8572.934
8558.224
8543.915
8530.139
8516.669
8503.044
8496.153
8479.333
8463.603
8450.078
8437.055
8425.427
8412.184
8400.806
8388.596
8375.904
8363.533
8352.11
8340.534
8329.388
8317.399
8308.159
8297.783
8284.472
8274.187
8264.473
8252.323
8245.156
8231.34
8221.691
8211.06
8200.752
8192.39
8183.872
8173.8936
8162.1943
8153.337
8143.4033
8134.9785
8127.687
8116.2363
8107.6826
8099.0
8090.805
8080.9937
8072.574
8063.683
8055.047
8047.6484
8039.12
8031.3125
8023.4985
8026.066
8007.9604
7998.8574
7990.7207
7982.732
7974.92
7967.886
7961.0034
7952.527
7945.48
7937.6543
7932.633
7923.714
7921.657
7908.612
7902.134
7896.569
7890.4365
7881.665
7874.491
7867.7783
7862.6865
7855.964
7848.626
7841.754
7835.38
7829.044
7822.9263
7818.3535
7810.805
7803.3804
7798.5015
7792.162
7786.034
7779.7227
7773.5996
7770.5093
7761.8975
7756.039
7751.057
7745.3657
7739.246
7733.3403
7727.7886
7722.3706
7716.7646
7711.614
7707.7295
7701.0396
7695.707
7690.53
7685.4907
7680.438
7675.625
7670.428
7665.3657
7660.1743
7656.696
7651.6504
7645.787
7640.933
7636.118
7633.5137
7626.9204
7622.208
7621.4097
7617.7417
7607.9277
7602.9893
7600.274
7597.2964
7589.566
7584.7847
7588.8936
7577.648
7571.8276
7569.546
7563.752
7558.765
7555.087
7550.7935
7546.7954
7542.3384
7538.2407
7535.2734
7533.5264
7529.385
7522.2197
7518.1
7516.906
7510.5776
7507.1934
7506.2705
7499.0654
7496.2173
7491.881
7487.408
7483.582
7480.059
7476.525
7472.342
7468.764
7465.081
7464.139
7458.1265
7454.3384
7450.0684
7446.7993
7444.0103
7439.684
7436.479
7432.8784
7429.9688
7428.303
7422.209
7419.065
7415.8623
7413.6875
7409.13
7406.625
7402.798
7399.4087
7397.151
7393.032
7390.655
7387.1377
7384.2837
7380.1714
7378.4097
7373.658
7371.663
7369.4585
7364.3345
7362.189
7358.5835
7355.8037
7352.5957
7352.439
