10071.072
10072.986
10071.402
10072.36
10069.307
10068.021
10067.632
10067.456
10068.035
10068.462
10067.352
10067.962
10067.152
10065.832
10066.372
10066.315
10066.782
10066.975
10066.599
10065.857
10065.576
10065.07
10065.041
10065.298
10065.831
10065.469
10065.792
10065.443
10065.331
10065.638
10065.445
10065.326
10065.184
10065.476
10064.88
10065.313
10065.701
10065.443
10064.884
10065.16
10064.695
10064.936
10065.18
10064.699
10065.052
10064.871
10064.796
10065.511
10064.823
10065.002
10065.258
10065.25
10065.379
10064.846
10064.64
10064.88
10064.835
10065.178
10064.623
10064.736
10064.73
10064.333
10064.409
10064.402
10064.484
10064.471
10064.396
10064.604
10064.598
10064.833
10064.64
10064.795
10064.8125
10065.065
10065.0205
10064.628
10064.507
10064.584
10064.494
10064.338
10064.317
10064.343
10064.183
10064.148
10064.193
10064.128
10064.133
10064.097
10064.219
10064.082
10064.03
10064.149
10064.142
10064.585
10064.862
10064.795
10064.354
10064.15
10064.265
10064.556
10064.562
10064.374
10064.458
10064.4375
10064.747
10064.608
10064.375
10064.577
10064.546
10064.404
10064.354
10064.504
10064.437
10064.398
