10069.947
10057.439
10048.96
10043.655
10037.607
10033.552
10028.942
10024.439
10019.955
10016.788
10012.646
10009.155
10004.785
10001.457
9998.197
9994.662
9991.45
9987.706
9984.319
9980.705
9978.488
9974.376
9971.436
9968.499
9965.505
9962.229
9958.967
9956.214
9952.685
9950.069
9945.89
9942.913
9939.493
9935.808
9932.087
9927.755
9923.491
9919.511
9916.287
9911.973
9907.969
9903.436
9899.629
9895.919
9891.659
9886.982
9882.914
9878.747
9874.628
9869.988
9866.374
9861.009
9857.224
9852.758
9848.012
9843.694
9837.825
9833.535
9828.979
9823.92
9817.822
9814.122
9808.354
9803.083
9797.633
9791.098
9786.76
9783.156
9777.17
9770.694
9764.781
9760.026
9753.9
9749.304
9742.8955
9737.086
9732.943
9725.495
9719.943
9713.795
9708.023
9702.065
9696.0625
9689.764
9683.116
9676.356
9668.243
9659.971
9651.637
9645.571
9637.578
9631.348
9621.948
9615.775
9608.106
9599.972
9592.004
9584.247
9576.889
9568.853
9561.63
9554.425
9545.967
9538.021
9530.3545
9523.133
9512.672
9506.996
9500.8
9490.879
9483.271
9475.065
9469.706
9461.289
9453.629
9446.469
9437.283
9429.642
9423.166
9415.779
9408.987
9400.64
9394.669
9385.336
9378.755
9370.178
9364.712
9355.712
9349.694
9340.99
9332.874
9325.276
9318.154
9311.495
9303.921
9297.425
9290.433
9280.963
9273.703
9268.121
9260.921
9254.543
9248.665
9240.862
9236.045
9227.693
9221.176
9213.612
9207.609
9200.181
9194.465
9187.96
9178.813
9171.664
9165.911
9158.542
9152.457
9146.667
9139.281
9131.627
9126.645
9121.012
9114.182
9106.952
9098.567
9093.564
9087.31
9081.206
9075.582
9068.038
9063.234
9058.941
9050.393
9044.845
9037.786
9032.771
9028.72
9023.29
9016.146
9009.964
9003.605
8998.172
8993.542
8989.13
8982.07
8975.997
8969.96
8964.562
8959.495
8953.734
8947.756
8942.581
8935.335
8930.946
8926.717
8920.254
8915.902
8911.395
8905.98
8899.867
8895.883
8891.813
8886.078
8879.32
8873.672
8868.22
8863.998
8857.879
8854.009
8849.6455
8844.363
8838.788
8834.683
8829.687
8824.302
8819.186
8811.822
8807.327
8804.779
8801.024
8796.414
8792.992
8786.261
8782.629
8778.3125
8772.987
8769.007
8765.495
8760.008
8756.099
8754.72
8748.213
8742.615
8737.151
8731.936
8728.51
8723.576
8720.222
