9987.621
9481.2295
8832.989
8394.465
8100.057
7903.551
7757.7407
7613.446
7499.0903
7392.67
7292.5767
7190.317
7123.396
7020.855
6933.8604
6862.0254
6792.545
6722.4834
6662.658
6610.6104
6543.9966
6491.432
6430.8096
6393.483
6340.223
6281.3022
6259.4185
6195.765
6136.8223
6107.5684
6053.5806
6028.7817
5964.95
5950.7026
5934.1655
5868.423
5817.81
5784.406
5746.7456
5700.6157
5671.0103
5623.121
5609.415
5568.9043
5533.7905
5486.934
5459.263
5433.304
5397.484
5388.0464
5330.474
5299.481
5264.891
5238.846
5227.3447
5184.083
5136.5967
5110.4814
5095.1855
5058.0312
5027.1914
5006.7363
4976.8516
4946.3394
4926.09
4901.8096
4883.032
4852.994
4813.802
4794.9644
4779.278
4746.183
4714.214
4712.954
4690.7915
4658.4517
4635.319
4632.8066
4583.2153
4589.238
4558.9995
4530.463
4498.146
4476.493
4477.7427
4433.833
4431.5586
4405.3813
4383.942
4361.673
4356.3647
4326.494
4291.679
4278.4204
4273.1914
4246.3223
4241.306
4227.2363
4201.4165
