10062.071
10061.22
10272.432
10056.178
10049.703
10088.526
10044.617
10039.277
10059.262
10052.902
10050.597
10054.126
10051.561
10033.897
10068.707
10056.037
10045.78
10082.891
10042.661
10065.891
10039.695
10023.171
10152.849
10058.83
10046.035
10066.248
10067.615
10052.9375
10044.421
10053.509
10014.286
10056.275
11075.691
10034.301
10041.736
10014.328
10001.837
10034.5625
10026.331
10008.738
10056.265
10029.042
10007.63
10047.964
10009.895
10001.365
9999.032
10002.032
10080.253
10113.434
10029.923
10166.199
10044.807
10073.866
10032.161
10067.208
10048.511
10071.976
10085.958
10012.998
10029.944
10084.728
10066.219
10049.81
10024.497
10031.713
10044.439
10055.937
10144.326
9977.276
10176.399
9961.407
10044.456
9955.758
10027.204
10049.012
10113.936
10007.882
10213.914
10064.493
10058.726
10021.514
10008.257
10041.322
10048.161
10094.954
10062.656
10057.541
10049.137
10039.236
10035.656
10064.55
10063.7
10003.304
9984.352
10068.244
9952.609
10068.642
10070.946
10061.84
10064.065
10056.091
10058.559
10091.923
10058.753
10073.942
10094.284
10055.279
10119.776
10090.429
10062.426
10053.578
10041.978
10042.247
10068.313
10071.788
10114.011
10068.781
10070.333
10064.24
10070.823
10073.57
10063.171
10047.804
10070.292
10115.13
10286.323
10047.575
10079.291
10029.07
10056.403
10072.185
10065.724
10083.167
10063.918
10084.223
10061.093
10056.984
10073.165
10063.614
10059.975
10055.9795
10066.622
10054.813
10051.928
10064.207
10065.352
10952.13
10068.539
10059.67
10057.109
10048.904
10068.836
10065.312
10068.435
10049.461
10168.183
10064.692
10083.318
10028.679
10098.688
10145.641
10074.672
10068.369
10077.1455
10066.534
10065.07
10083.051
10084.545
10072.8
10068.787
10078.461
10081.56
10073.592
10074.55
10094.932
10068.014
10065.715
10066.721
10064.485
10064.558
10101.895
10065.821
10071.351
10063.485
10110.605
10064.423
10064.26
10071.3955
10206.072
10089.495
10061.884
10063.173
10062.193
10070.48
10074.244
10041.866
10056.111
10067.213
10258.549
10029.013
10075.22
10024.294
10048.342
10016.278
9995.466
10010.977
10057.208
10050.671
10061.169
10047.843
10064.222
10034.965
10043.51
10006.79
10003.872
10103.744
10063.047
10049.266
9986.719
10074.119
10032.134
10045.339
10096.813
10089.767
10017.657
10062.131
10064.866
10256.913
10065.518
10067.332
10065.851
10062.868
10074.886
10148.447
10054.109
10070.153
10067.31
10134.088
10042.854
10090.259
10347.79
10068.303
10208.138
10066.651
10064.804
10064.405
10064.38
10053.2295
10047.969
10055.503
10067.79
10016.98
10069.391
10064.759
10068.189
10078.27
10070.113
10046.235
10036.101
10049.04
10062.719
10065.376
10071.827
10066.88
10064.289
10081.318
10070.083
10051.593
10068.293
10096.31
10064.046
10090.582
10076.305
10217.311
10067.122
10173.909
10064.706
10071.734
10063.952
10071.253
10079.2705
10074.7705
10070.2
10275.89
10064.588
10067.044
10066.885
10091.463
10064.226
10058.222
10043.741
10105.103
10063.026
10065.783
10085.751
10070.547
10071.665
10063.658
10064.754
10045.7705
10116.044
10039.975
10066.696
10067.102
10062.365
10071.734
10065.468
10102.25
10069.204
10075.124
10081.877
10074.502
10065.64
10072.663
10065.831
10160.277
10079.254
10066.506
10065.707
10069.393
10085.162
11150.25
10063.92
10066.705
10067.612
10074.907
10062.787
10087.746
10064.33
10068.542
10064.183
10070.04
10070.366
10071.187
10066.851
10074.484
10144.841
10068.228
10067.807
10064.697
10068.675
10087.418
10068.615
10064.627
10069.643
10074.4795
10073.817
10070.384
10124.161
10065.336
10078.444
10077.945
10070.952
10066.858
10123.76
10064.331
10067.469
10091.392
10108.01
10069.883
10064.12
10065.477
10068.473
10067.8125
10069.513
10102.668
10091.028
10068.355
10116.808
10083.692
10066.192
10066.254
10128.188
10065.4795
10072.996
10081.104
10064.094
10073.671
10089.01
10064.869
10065.361
10073.876
10067.448
10070.607
10071.025
10075.819
10064.526
10070.205
10071.134
10082.275
10071.781
10064.251
10132.964
10079.662
10066.282
10067.129
10209.044
10064.568
10067.51
10064.028
10196.853
10063.978
10068.283
10066.597
10080.833
11098.516
10067.075
10099.248
10065.778
10098.344
10066.701
10066.428
10084.41
10071.165
10147.867
10082.675
10067.354
10166.556
10065.816
10167.32
10092.933
10064.203
10065.918
10119.688
10074.628
10077.642
10067.177
10079.502
10064.68
10067.46
10065.917
10068.683
10088.751
10115.519
10063.969
10069.715
10064.343
10065.325
10064.668
10114.023
10064.563
10081.974
10069.321
10109.037
10066.171
10129.347
10079.653
10182.501
10091.493
10077.398
10072.258
10068.599
10071.217
10063.879
10066.574
10104.434
9997.649
10072.306
10072.02
10070.813
10066.207
10224.866
9957.833
10079.808
10076.01
10067.958
10065.413
10111.384
10069.478
10077.296
10066.051
10070.393
10126.676
10089.062
10152.927
10068.763
10067.798
10081.173
10070.556
10121.187
10062.529
10052.479
10076.406
10052.413
10052.753
10083.017
10069.082
10067.287
10064.99
10073.681
10067.63
10066.519
10068.391
10063.904
10071.509
10098.666
10071.079
10065.134
10067.624
10728.382
10068.187
10068.201
10180.563
10070.124
10081.289
10076.513
10090.033
10086.37
10064.425
10069.763
10118.561
10063.336
10063.17
10089.835
10064.384
10081.997
10149.153
10067.987
10060.11
10069.273
10063.974
10129.226
10059.237
10079.176
10055.293
10086.881
10067.317
10090.588
10072.842
10066.72
10061.582
10090.682
10063.906
10072.237
10065.935
10068.746
10065.126
10075.306
10127.724
10071.226
10064.847
10067.428
10076.935
10067.978
10067.894
10065.688
10066.43
10073.083
10065.466
10065.283
10075.196
10073.387
10085.954
10068.845
10079.738
10065.059
10081.603
10075.077
10079.409
10066.171
10069.316
10064.552
10065.568
10069.957
10065.025
10302.68
10070.951
10064.413
10064.074
10064.396
10158.672
10144.677
10082.437
10080.699
10066.328
10064.972
10073.568
10075.596
10095.211
10065.064
10064.682
10068.559
10066.601
10124.508
10065.413
10063.333
10120.613
10085.271
