10081.327
10069.041
10059.088
10050.748
10044.637
10037.836
10031.592
10023.795
10015.5205
10008.343
10001.244
9995.343
9988.109
9980.006
9972.907
9964.777
9957.789
9950.094
9940.064
9928.45
9918.427
9908.3955
9896.761
9883.189
9873.231
9860.197
9845.046
9833.31
9818.602
9806.066
9790.869
9778.192
9764.767
9750.856
9735.997
9721.638
9707.64
9685.606
9675.572
9653.366
9638.943
9618.262
9600.064
9582.351
9565.723
9543.353
9523.833
9505.614
9487.021
9464.026
9442.481
9421.031
9399.928
9375.864
9356.139
9331.641
9312.178
9290.039
9265.635
9243.277
9221.784
9199.777
9174.805
9155.47
9124.535
9100.837
9077.186
9055.389
9030.641
9006.699
8986.404
8961.5205
8937.186
8914.031
8888.659
8864.683
8848.986
8826.383
8800.748
8782.548
8759.068
8734.994
8713.707
8696.434
8672.651
8652.975
8632.488
8613.846
8597.346
8578.783
8561.142
8545.734
8527.68
8514.826
8498.269
8485.805
8462.623
8440.487
8435.252
8409.072
8389.11
8384.182
8367.749
8345.684
8339.207
8316.959
8316.508
8300.812
8282.922
8263.074
