10088.786
10078.488
10073.202
10069.5
10066.01
10062.894
10060.097
10058.278
10056.288
10054.474
10052.889
10051.343
10049.796
10048.029
10046.65
10044.889
10043.505
10041.956
10040.308
10038.674
10036.88
10035.486
10033.791
10031.802
10029.692
10027.651
10025.499
10023.181
10021.006
10018.873
10016.122
10013.341
10010.579
10007.881
10005.058
10001.847
9998.683
9995.343
9991.99
9988.276
9984.309
9980.247
9975.465
9970.38
9964.858
9958.8125
9952.678
9946.957
9939.482
9932.081
9923.814
9915.982
9907.738
9899.468
9888.905
9878.984
9869.641
9858.093
9849.785
9835.781
9824.032
9815.981
9798.258
9785.852
9776.804
9760.779
9745.515
9729.414
9708.152
9689.409
9677.415
9659.816
9639.669
9617.045
9603.584
9580.4375
9561.608
9529.205
9505.071
9485.767
9457.225
9441.277
9417.683
9387.074
9351.413
9313.499
9282.567
9244.441
9224.953
9191.706
9155.841
9128.118
9092.875
9070.834
9034.215
9025.262
9008.695
8958.568
8959.019
8913.123
8898.031
8850.767
8831.24
8808.152
8793.645
8771.073
8746.436
8715.399
8708.257
8700.376
8678.238
8645.44
8623.012
8611.2705
8598.863
8575.678
8549.783
8534.922
8516.052
8505.532
8489.478
8473.863
8455.822
8443.046
8424.993
8410.506
8398.762
8383.024
8371.265
8355.126
8350.475
8332.926
8319.678
8303.497
8298.503
8287.373
8283.499
8264.953
8264.508
8239.234
8237.877
8214.577
8214.175
8204.106
8192.72
8186.471
8168.555
8158.196
8156.195
8131.406
8141.5806
8127.1284
8125.4146
8085.964
8082.685
8092.791
8066.9272
8058.0493
8034.7275
8034.565
8017.9033
8018.631
8017.515
7990.7183
7974.1685
7963.607
7953.087
7969.62
7957.515
7937.75
7928.5312
7919.07
7940.192
7926.241
7882.621
7911.67
7881.193
7877.405
7860.651
7860.465
7833.481
7843.813
7825.8145
7840.1045
7813.651
7802.868
7790.5815
7777.2354
7784.9146
7771.406
7726.3545
7766.186
7742.5195
7780.061
7735.0967
7749.3936
7721.885
7710.85
7676.7334
7719.381
7711.9194
7699.487
7707.591
7651.6733
7660.706
7632.7407
7639.625
7636.577
7590.881
7605.759
7608.4834
7598.951
7611.0845
7598.3794
7639.3164
7579.2456
7576.2905
7546.6045
7556.716
7552.6353
7525.994
7537.108
7487.882
7538.612
7489.048
7525.8003
7489.784
7485.2524
7459.6846
7452.82
7447.315
7469.6235
7424.433
7464.2334
7434.246
7437.9644
7467.7437
7437.808
7414.8647
7408.292
7397.9927
7395.0215
7364.204
7368.01
7382.0244
7340.3794
7355.211
7335.6284
7330.143
7307.639
7302.273
7334.537
7348.7065
7343.826
7274.399
7303.5483
7275.843
7277.9863
7242.3354
7229.6797
7258.911
7224.374
7211.6606
7202.991
7233.6963
7206.5654
7174.8975
7206.604
7226.049
7166.395
7148.0195
7148.6855
7107.7964
7174.615
7213.51
7142.5923
7166.614
7136.6577
7134.792
7102.336
7132.443
7110.688
7083.25
7081.1084
7070.518
7064.85
7083.8687
7064.963
7054.1973
7042.5093
7031.346
7060.9907
7055.7456
7020.3564
7025.82
6987.371
6991.3525
6995.3804
7010.9443
6957.522
6975.8804
6968.558
6968.091
6989.6104
6911.637
6940.2197
6931.0513
6899.892
6926.4717
6917.9844
6901.473
6904.6753
6928.9014
6861.1714
6871.1665
6903.814
6882.2915
6871.671
6901.824
6891.3384
6860.8657
6847.543
6819.513
6829.568
6823.689
6805.483
6786.826
6792.1836
6775.5586
6786.264
6761.187
6746.2944
6777.457
6747.8047
6761.425
6736.225
6770.298
6743.074
6741.175
6715.338
6708.9043
6726.3765
6718.9355
6698.1646
6720.023
6713.426
6704.922
6689.393
6674.226
6689.732
6660.45
6661.607
6650.467
6648.3003
6627.024
6627.287
6615.3745
6630.3467
6621.2935
6617.549
6623.5522
6610.8647
6570.0522
6572.031
6562.495
6644.36
6571.2896
6573.373
6545.258
6551.2656
6522.6724
6525.314
6533.4595
6548.16
6533.7056
6563.9067
6531.4175
6510.4385
6517.5625
6508.201
6481.38
6522.3267
6478.146
6474.295
6465.9463
6461.9688
6442.8345
6481.554
6419.1465
6467.252
6452.0317
6490.0312
6444.7734
6392.1445
6421.834
6445.993
6373.8813
6414.086
6371.985
6434.4224
6363.4395
6349.162
6376.6187
6404.738
6364.016
6378.6733
6324.976
6386.655
6356.361
6328.0596
6371.274
6296.147
6344.241
6266.5796
6268.3906
6260.4375
6279.5605
6280.244
6278.236
6307.1914
6295.292
6278.196
6237.744
6236.9272
6243.974
6211.7983
6232.532
6233.459
6198.764
6224.3447
6190.718
6232.0537
6177.8467
6178.174
6193.212
6146.4976
6190.285
6199.922
6190.8022
6187.958
6162.0146
6156.0664
6118.3003
6142.961
6123.0156
6087.5205
6106.1377
6124.9653
6114.258
6116.965
6103.7266
6096.0713
6064.0884
6085.506
6103.558
6101.2686
6092.97
6029.299
6062.7446
6014.479
6041.4575
6020.1855
6006.7134
6038.646
5995.711
6009.704
6017.1367
6044.0527
6008.3467
6019.6904
6029.737
5938.9883
6016.761
5979.257
5951.119
5984.5874
6002.8
5990.027
5947.5503
5889.0513
5909.31
5955.108
5945.596
5878.234
5883.492
5881.4165
5881.007
5864.0796
5912.4756
5855.2207
5885.261
5909.1772
5876.641
5858.6655
5886.2524
5815.8774
5872.4883
5819.0903
5806.411
5805.766
5807.5923
5817.9014
5830.223
5794.6436
5802.621
5776.5186
5738.9106
5753.689
5810.932
5773.9897
5781.307
5727.062
5749.91
5738.323
5719.6377
5698.582
5730.41
5727.3735
5789.44
5738.8633
5665.743
5699.2437
5698.526
5673.506
5679.2773
5629.301
5634.9536
5699.154
5625.0376
5678.821
5619.1167
5582.117
5631.405
5625.021
5718.5796
5585.2363
5609.775
5563.786
5556.715
5576.2197
5596.5522
5528.309
5556.917
5483.8228
5512.4795
5552.952
5505.9263
5491.2466
5502.284
5480.5684
5528.3364
5513.0903
5490.6426
5411.3335
5464.1895
5463.5674
5437.0737
5461.2363
5433.0957
5435.753
5433.374
5443.441
5371.6084
5413.575
5425.8926
5385.6953
5348.052
5313.6577
5364.0815
5338.5957
5334.975
5313.9473
5380.463
5312.639
5335.523
5291.3125
5262.8184
5301.534
5301.0205
5267.518
5272.5137
5240.6577
5265.5103
5264.027
5255.765
5232.473
5224.682
5252.003
5211.237
5226.1006
5207.8867
5210.1816
5218.158
5167.2983
5174.071
5160.5576
5159.0596
5133.152
5187.6953
5131.532
5138.4688
5140.398
5133.228
5149.702
5092.7344
5088.4434
5048.5127
5095.325
5078.9946
5131.442
5120.584
5045.178
5031.7803
5027.201
5024.9614
5038.892
5050.5664
4991.3413
5034.686
5032.272
5008.0986
5016.3477
4946.2085
5043.3657
5013.8643
4973.1743
4950.936
4932.263
4988.052
4903.615
4905.4614
4962.785
4941.993
4891.2397
4945.3335
4890.5547
4914.3438
4901.4336
4867.756
4910.5244
4898.49
4849.8066
4844.0117
4863.511
4870.231
4871.336
4825.471
4810.9375
4860.414
4799.3975
4856.4814
4792.574
4777.485
4758.1914
4794.1753
4753.673
4792.9136
4739.564
4765.1665
4754.602
4735.928
4702.8584
4736.554
4726.076
4739.61
4680.7407
4728.457
4671.43
4693.041
4657.8813
4687.886
4633.9805
4649.7144
4610.092
4626.757
4639.3335
4624.387
4649.611
4609.2637
4630.0474
4574.133
4615.2554
4620.36
4582.3535
4561.026
4582.637
4559.215
4583.4224
4556.306
4545.5576
4577.016
4522.0024
4533.97
4535.1265
4519.546
4495.9814
4482.1606
4536.546
4469.695
4466.388
4482.723
4471.4023
4474.3125
4456.0137
4460.7524
4443.6226
4473.5728
4453.444
4448.899
4426.933
4416.8677
4447.1865
4450.5967
4406.339
4446.006
4422.18
4365.0405
4379.845
4388.5576
4395.588
4356.6914
4360.6787
4352.5312
4343.9297
4303.7427
4386.787
4374.641
4333.436
4355.755
4328.3506
4308.1235
4320.632
4303.637
4304.8022
4284.387
4328.9663
4288.618
4299.978
4273.7114
4322.4263
4220.741
4234.4663
4261.9775
4263.888
4232.494
4259.905
4250.5137
4233.1875
4223.059
4198.58
4209.2734
4203.246
4239.7217
4180.6973
4196.4785
4158.709
4163.241
4213.138
4166.86
4195.5947
4157.4854
4143.378
4151.1797
4163.5684
4164.578
4136.555
4121.8594
4115.5063
4133.2363
4133.184
4106.684
4122.7524
4112.306
4096.6577
4080.4768
4057.3684
4070.7874
4082.4119
4097.178
4055.6614
4082.8123
4059.1753
4042.791
4026.2603
4036.3467
4041.3333
4026.7778
4041.7097
4041.3638
4038.6206
4002.9434
4017.9607
4024.134
4008.482
4032.4636
4008.8162
4020.888
3988.496
4036.0469
3972.9404
3982.9832
3993.3945
3996.4302
3975.0422
3977.0044
3962.4197
3964.343
3941.1418
3953.2786
3921.0017
3938.7153
3953.2805
3937.9043
3947.999
3937.904
3922.5427
3939.5144
3927.1914
3919.551
3938.819
3897.2754
3883.5886
3913.5454
3893.2568
3869.2183
3854.1514
3899.8809
3896.2778
3850.0
3878.3933
3852.4875
3836.6155
3843.8276
3855.9211
3897.1667
3850.3977
3857.4226
3826.1199
3835.0884
3837.1392
3831.9573
3820.626
3831.366
3831.263
3815.0928
3802.505
3804.3748
3795.8372
3793.7883
3802.3403
3789.6548
3777.64
3786.1743
3782.3943
3794.0562
3784.5872
3794.0789
3745.575
3766.5312
3774.9978
3783.967
3751.731
3753.3752
3744.6418
3758.168
3755.49
3739.1616
3724.664
3715.1426
3748.0884
3698.5461
3704.518
3713.5178
3710.8198
3705.0063
3718.305
3712.7715
3708.0178
3687.8247
3674.5754
3681.9255
3683.2874
3689.7527
3685.1282
3663.6973
3686.2195
3665.4424
3676.9695
3655.6833
3683.1458
3657.358
3636.9604
3645.9526
3637.374
3645.3977
3634.4104
3632.9436
3624.806
3632.5605
3652.2937
3625.9578
3636.3022
3624.47
3626.5574
3616.16
3645.4568
3594.5344
3598.1013
3621.2417
3628.5168
3610.9666
3573.9248
3584.1445
3576.4973
3573.3503
3565.422
3581.821
3576.1277
3565.6274
3582.3308
3551.9954
3558.2063
3549.9412
3553.0657
3559.2124
3545.661
3559.7
3538.2056
3532.0183
3540.0225
3543.433
3519.174
3524.2812
3534.4653
3520.0327
3514.081
3505.2217
3503.8418
3511.0251
3508.0442
3499.6196
3501.6694
3497.811
3506.4983
3489.0283
3487.2295
3497.4119
3489.288
3485.476
3471.226
3481.9229
3482.1575
3468.0796
3478.782
3481.0923
3465.4326
3451.066
3461.1794
3459.2864
3448.0332
3477.095
3453.3887
3469.2034
3456.6287
3452.2766
3448.0862
3443.7898
3435.8853
3429.3435
3442.3064
3419.2651
3423.7964
3426.5032
3413.357
3416.736
3415.123
3419.8118
3404.759
3412.5388
3406.9893
3406.4734
3429.9832
3392.7446
3394.165
3389.353
3421.637
3380.5288
3381.0127
3378.4194
3373.849
3392.3303
3385.547
3401.5735
3376.2332
3375.7288
3381.497
3366.852
3368.5198
3359.9866
3358.593
3367.866
3354.938
3351.4658
3350.7332
3350.8386
3357.5151
3345.514
3360.8835
3360.7134
3378.306
3335.4705
3348.8386
3342.6633
3341.922
3344.3242
3330.5288
3357.989
3324.3271
3330.3997
3331.3574
3318.8933
3324.7893
3349.5203
3313.0718
3320.3572
3319.4773
3323.86
3317.8457
3308.8381
3320.7173
3302.4211
3305.8462
3310.2893
3301.072
3315.7495
3300.1548
3297.272
3310.3567
3290.5176
3291.6492
3288.508
3283.2778
3287.7659
3285.2417
3272.15
3286.995
3278.8782
3275.6697
3278.118
3265.069
3276.851
3265.606
3263.0151
3268.4834
3268.5427
3271.329
3257.6072
3260.5847
3260.2874
3261.7646
3254.655
3254.9004
3254.64
3247.881
3241.0261
3240.8374
3238.7358
3233.089
3253.611
3237.2354
3246.7825
3229.5166
3228.9521
3234.2747
3223.382
3222.6917
3223.0608
3227.1729
3217.9126
3219.376
3214.5977
3211.6843
3210.5735
3210.014
3205.649
3198.3118
3202.8289
3209.9395
3197.293
3205.583
3203.7825
3222.6975
3192.5535
3200.6958
3200.858
3188.2207
3193.0715
3186.5283
3182.4587
3195.0461
3182.0796
3175.7188
3179.181
3177.5857
3175.6946
3175.9456
3185.1365
3171.8826
3172.8333
3158.98
3162.6433
3170.724
3164.316
3165.8464
3156.1548
3169.8857
3156.219
3159.2966
3145.4644
3157.0938
3161.382
3148.3445
3148.1885
3146.9905
3140.2734
3146.3691
3130.2607
3143.6602
3132.705
3134.1345
3131.8071
3139.1145
3141.2976
3128.6414
3123.629
3122.5159
3113.5444
3119.2876
3123.0198
3115.0435
3118.8252
3139.4812
3120.1636
3109.7048
3117.742
3119.7312
3104.4263
3101.616
3101.9375
3102.4768
3096.7954
3093.0942
3093.9036
3100.938
3100.0361
3091.5325
3085.6562
3094.8657
3108.6338
3085.2651
3083.303
3087.7139
3080.225
3085.1204
3081.8691
3089.9578
3071.746
3074.4822
3072.1533
3074.0908
3070.6707
3071.808
3071.572
3064.6443
3067.8242
3068.4666
3060.761
3053.7036
3066.7344
3050.1594
3043.2085
3046.0103
3048.457
3048.6494
3044.9246
3044.761
3048.3699
3033.763
3035.9663
3047.9053
3044.9956
3029.0876
3044.6008
3026.3914
3023.6865
3050.74
3022.7732
3019.0334
3026.4272
3015.9683
3022.9973
3020.6853
3012.3281
3021.5105
3013.0417
3008.2334
3001.1829
3011.427
3006.57
2996.016
3000.305
2991.9363
3000.4458
2993.29
2998.2007
2994.7463
2991.6765
2985.1672
2980.2026
2990.8525
2984.2668
2974.522
2984.0164
2972.1638
2968.604
2984.8765
2966.5186
2976.519
2961.6602
2958.5447
2958.0935
2952.0234
2949.7598
2959.3228
2955.707
2947.4045
2947.376
2941.4111
2940.0022
2937.5452
2939.8115
2936.2725
2936.866
2928.8918
2920.1892
2928.2468
2923.2744
2920.6948
2918.905
2919.726
2916.349
2907.9255
2907.1765
2906.1384
2908.0435
2898.8225
2898.292
2904.3271
2895.5557
2896.856
2891.805
2890.7732
2883.9736
2887.2998
2891.7983
2881.3787
2888.9783
2874.3533
2879.5557
2867.3008
2866.7646
2866.0464
2857.0115
2861.2776
2856.8376
2852.2185
2849.2302
2855.287
2852.0723
2845.661
2841.8406
2838.947
2832.4146
2833.6104
2831.594
2827.1382
2845.0598
2836.2412
2820.0322
2823.663
2816.806
2820.4717
2810.288
2825.4485
2829.3413
2807.5583
2808.577
2798.9897
2811.3103
2797.271
2793.3462
2784.2144
2786.1182
2782.823
2776.0735
2781.2568
2777.6992
2778.7722
2781.3308
2774.0383
2771.1763
2764.858
2768.2139
2761.8835
2772.9207
2771.2544
2754.876
2756.5845
2750.1638
2753.424
2767.7927
2746.1985
2755.376
2738.3914
2739.0098
2733.7637
2731.1382
2726.8315
2729.5686
2722.5154
2725.4768
2713.8738
2726.7024
2716.7144
2710.492
2716.0862
2706.9712
2705.434
2698.9365
2708.5122
2694.7317
2695.9207
2690.1592
2687.7124
2688.8062
2695.7236
2693.0845
2683.1477
2683.461
2678.6323
2672.1304
2670.435
2671.4502
2669.8599
2667.6082
2662.3948
2660.081
2662.9307
2656.4316
2654.9675
2650.1326
2651.9692
2645.8708
2638.3054
2642.643
2635.3096
2639.2546
2634.3513
2637.0369
2627.9417
2621.6719
2617.8384
2621.9678
2619.7908
2614.3088
2613.1008
2607.547
2602.0312
2604.3462
2600.8005
2600.0955
2598.739
2598.5916
2604.3164
2586.6152
2586.5312
2583.937
2578.321
2577.7139
2581.3945
2575.1763
2582.9934
2572.1003
2565.8005
2569.77
2561.6538
2564.334
2560.53
2551.4177
2553.6545
2550.772
2552.7075
2552.0469
2536.6895
2536.4272
2536.0686
2536.6428
2535.1921
2530.342
2533.906
2528.1675
2515.1174
2522.1648
2518.0637
2517.3833
2509.1648
2503.4392
2502.321
2508.2415
2503.3757
2498.7278
2491.4216
2488.3044
2489.1943
2487.962
2483.4995
2476.6426
2477.4465
2475.6074
2471.8752
2474.262
2464.8145
2466.0989
2468.28
2461.5325
2456.2708
2458.23
2452.062
2450.8342
2451.3184
2442.583
2437.0095
2439.7183
2435.2356
2435.4
2429.5037
2430.0776
2423.107
2420.6433
2420.4658
2418.9968
2410.516
2415.1914
2406.5073
2404.9172
2401.24
2398.0532
2395.1956
2393.2466
2387.844
2389.01
2386.4888
2382.4749
2380.9634
2381.34
2372.3237
2371.291
2371.833
2364.7544
2370.1025
2352.2122
2360.4927
2355.9333
2352.605
2349.6975
2349.9802
2351.608
2340.8945
2337.733
2336.6492
2329.66
2323.3696
2325.8306
2322.0562
2319.8071
2313.2073
2312.174
2315.7622
2312.8174
2304.6519
2299.387
2301.5894
2301.324
2297.7075
2294.995
2281.8406
2283.7869
2279.2197
2280.8452
2272.6248
2274.8037
2270.3228
2269.9436
2272.455
2261.2485
2261.193
2263.2935
2253.7083
2249.1626
2241.752
2243.6506
2239.086
2236.8518
2231.5808
2228.9783
2227.4985
2229.4163
2222.1897
2222.1626
2219.8728
2220.5205
2208.6094
2210.9163
2202.461
2203.4136
2197.8333
2198.793
2193.4905
2194.5813
2201.7544
2186.7495
2183.1865
2181.607
2176.7285
2185.8958
2182.8728
2172.0566
2174.0618
2166.3604
2159.4133
2156.6072
2173.2903
2143.8757
2148.736
2142.3025
2144.5408
2145.1606
2134.212
2135.5032
2131.3193
2127.052
2128.3447
2121.3499
2115.502
2110.7312
2108.4414
2118.9136
2100.2761
2103.8293
2103.4277
2096.2515
2093.0051
2089.2673
2090.717
2093.1667
2084.6829
2074.4316
2082.8037
2072.8018
2070.079
2068.621
2082.564
2066.4458
2056.7222
2066.823
2050.1462
2050.6313
2051.6133
2045.3987
2050.2156
2038.8004
2044.7561
2028.7961
2028.5314
2043.3395
2028.4796
2027.6128
2023.193
2019.0303
2011.6066
2018.7295
2014.3511
2007.3278
2002.2231
1995.9731
2002.1132
1996.2064
1993.7231
1991.5592
1983.6091
1984.5476
1985.2065
1982.3259
1976.0645
1980.1453
1966.5835
1971.9999
1979.3779
1964.486
1956.883
1957.3866
1947.3616
1942.8632
1947.8142
1948.3812
1938.0875
1932.6897
1929.5376
1924.679
1933.5667
1925.6323
1924.4622
1915.9938
1916.7924
1907.9929
1904.8062
1909.7474
1905.2086
1907.6274
1896.2877
1884.7664
1898.6628
1891.2753
1885.0742
1881.3661
1885.8717
1876.1617
1875.754
1874.6659
1864.7015
1862.2123
1861.069
1858.0076
1850.9789
1852.4558
1855.5194
1851.0905
1870.3275
1852.7744
1846.142
1848.9838
1834.5338
1848.0178
1834.8861
1826.1289
1815.6721
1817.5492
1826.807
1835.3347
1813.783
1812.416
1811.3046
1803.0137
1797.9772
1803.8778
1797.8408
1791.8083
1797.28
1787.13
1780.7526
1789.9187
1777.7067
1778.6747
1779.3817
1778.3551
1765.0459
1765.9191
1768.4318
1771.5571
1759.0647
1745.534
1744.4214
1753.3488
1758.0563
1749.3851
1743.6646
1735.0377
1735.2543
1734.0679
1745.8107
1722.9055
1719.0481
1719.2382
1709.9377
1717.2816
1708.6609
1708.1561
1708.914
1707.3688
1699.8722
1706.4081
1689.1221
1693.7289
1691.2946
1697.3519
1688.1843
1677.8094
1671.9246
1675.487
1667.5507
1682.658
1661.1356
1665.0122
1663.6078
1666.332
1657.2415
1656.2229
1652.6948
1645.3978
1649.8435
1654.9183
1666.3281
1641.6737
1650.4012
1636.3105
1637.7135
1627.8766
1628.0156
1621.7677
1624.9464
1617.0134
1613.2576
1614.6855
1610.5859
1599.981
1599.6575
1609.1848
1613.8363
1593.0143
1594.2189
1584.9064
1591.341
1578.2893
1580.5403
1585.8296
1588.1759
1573.1398
1585.6556
1567.8805
1564.7328
1565.1921
1556.1423
1572.3462
1549.3597
1556.3953
1550.8853
1548.5013
1544.1495
1550.7965
1547.6643
1546.7356
1542.5574
1540.3097
1535.353
1528.0767
1540.8317
1532.5543
1522.405
1525.0452
1511.8735
1506.1456
1513.8682
1517.5686
1520.354
1503.4521
1502.0522
1497.581
1506.0322
1495.3623
1499.6083
1499.8976
1491.593
1491.304
1488.3173
1481.3793
1488.1797
1488.5945
1485.7646
1477.0623
1476.3092
1469.0627
1472.7806
1468.3875
1453.9363
1460.5059
1461.9906
1467.5383
1449.8916
1445.259
1449.2821
1447.1191
1443.8906
1446.3181
1431.6776
1438.6234
1434.5266
1428.5726
1420.7595
1423.0458
1425.9354
1416.5214
1417.2738
1408.1934
1413.0845
1416.1161
1404.4689
1406.6656
1408.6277
1396.5062
1397.6864
1395.2815
1402.6741
1402.4755
1387.7955
1384.6897
1402.0579
1413.0183
1381.256
1382.236
1385.8894
1362.4376
1386.3854
1377.7437
1367.69
1359.2454
1362.2948
1356.3287
1357.6917
1354.2532
1350.6942
1368.9878
1351.2301
1344.1329
1335.0787
1343.5348
1339.4321
1340.7863
1329.406
1324.0568
1321.5066
1327.5175
1319.9265
1340.3254
1330.193
1318.3165
1333.0406
1310.6968
1306.8402
1309.391
1312.2875
1293.6777
1296.4634
1304.9255
1296.4944
1298.2418
1297.8431
1283.955
1297.373
1282.3679
1291.7377
1277.7491
1271.9415
1276.7972
1269.3861
1278.4026
1276.0598
1269.41
1268.8027
1253.1611
1262.1395
1252.8379
1257.1729
1255.8596
1255.649
1247.9657
1245.7714
1244.5626
1241.8522
1233.6565
1238.4003
1244.9379
1244.0513
1231.6986
1233.435
1230.1676
1226.429
1218.4391
1215.0961
1235.5297
1226.853
1221.5867
1218.6276
1210.65
1204.2582
1202.7789
1204.4828
1206.8385
1215.5839
1203.0247
1219.2064
1197.1251
1208.4744
1200.2623
1201.4429
1205.856
1183.2297
1190.1853
1179.5809
1191.6204
1174.2206
1176.9708
1172.6497
1185.2192
1161.6604
1198.9723
1163.4781
1153.8151
1155.2109
1171.196
1156.9606
1157.2426
1146.3549
1163.0383
1143.9352
1143.9373
1142.7607
1142.8009
1138.159
1163.4067
1132.9136
1143.4216
1135.9344
1152.0325
1140.9314
1122.5503
1126.7236
1121.1559
1143.4167
1114.3077
1113.2235
1111.0911
1112.1692
1119.7379
1104.655
1115.4725
1110.6217
1121.8822
1102.2802
1095.6758
1093.5306
1085.8125
1094.212
1084.852
1090.3018
1081.9889
1080.0581
1093.9791
1089.215
1078.3035
1071.0759
1084.7191
1064.9967
1073.237
1077.3694
1066.5638
1078.8931
1056.4576
1060.0671
1065.3029
1061.1995
1062.7867
1075.655
1044.2073
1054.3036
1047.5585
1071.532
1046.3849
1053.4594
1037.7716
1052.0687
1037.8444
1045.3947
1047.9244
1035.8348
1047.7363
1028.2866
1030.5767
1039.0149
1033.8405
1022.9772
1025.0393
1023.70544
1015.87537
1022.55634
1014.1365
1031.3287
1011.9415
1024.6102
1025.3956
1005.209
1000.55005
1007.40295
1012.5576
1004.4102
1004.82385
1010.8514
997.9531
1010.195
988.7604
995.02625
1005.5997
1003.60364
992.533
980.44653
984.6492
982.10864
982.0867
987.6082
971.3794
983.23706
970.4087
975.9704
972.3891
981.55975
966.42993
960.9907
959.38855
968.3951
973.73987
972.83466
957.85486
954.5215
958.1338
954.0528
958.4739
964.9648
956.878
951.2286
946.60535
937.98
956.54224
943.19446
953.15466
935.6121
942.7331
947.06744
938.3663
931.47687
932.33606
925.0404
926.8225
934.57996
931.0968
921.6169
935.35834
922.0129
923.97534
915.7094
918.7755
922.17267
917.7797
916.3465
919.8726
904.3156
908.05133
916.7751
907.4432
907.6512
911.6312
907.4666
901.67084
905.19385
921.85693
906.4862
902.06995
895.91296
894.80896
893.68665
898.6527
886.14056
883.88116
880.35516
890.40076
884.773
879.1254
870.65686
887.83856
879.37
876.81683
867.9369
869.2386
870.0533
870.74506
875.90533
873.9942
863.38586
868.22424
868.3177
865.8377
863.1989
856.5882
868.2674
856.3943
860.262
855.8139
847.0883
856.0387
858.5404
849.7163
858.50085
853.9908
848.7373
845.26086
847.4104
843.3823
833.6278
837.88904
835.04694
834.871
829.79297
830.40393
830.0704
827.057
827.4784
826.39905
829.21466
838.7916
835.90247
822.60394
856.8295
823.1841
820.1964
821.0653
817.73956
819.08887
821.2167
821.65137
817.6398
817.6681
817.43036
820.41675
812.8515
815.43384
825.27466
808.8811
807.3852
830.98596
802.6694
797.68036
802.8467
810.3683
804.50385
798.9187
797.00995
807.3869
803.5253
792.95667
801.5811
791.10504
787.8732
801.85864
787.6114
794.4102
787.6085
786.859
785.3638
782.60254
784.7538
774.8304
780.05914
777.66266
794.41595
784.8861
775.85175
781.97864
781.39417
774.83514
786.5274
780.2437
768.28046
774.98517
781.2572
777.50476
775.4094
781.057
760.63617
759.64764
761.1147
761.69037
763.7104
764.3892
763.355
768.283
765.51917
753.6863
758.98676
767.35675
755.9272
752.64764
756.0435
754.71545
753.04114
760.00696
757.6629
747.30347
743.5363
768.58777
741.41364
754.70264
743.44403
745.2132
759.9893
746.42596
748.9158
743.30914
739.4289
735.5886
740.4868
732.9252
732.3268
735.77106
747.79895
735.2115
736.0062
738.1608
739.4167
728.26855
736.09784
720.1777
731.8173
722.4269
732.6721
722.5261
727.3087
719.0524
728.74023
717.8622
713.6871
720.63446
719.40906
718.6934
724.2614
712.3357
716.6014
717.92114
720.4962
711.16205
713.95087
707.59436
704.4536
727.2086
711.7393
708.7857
710.6314
702.50757
697.1338
704.12854
698.6455
711.016
701.09576
694.6812
701.50104
702.1364
705.1731
697.9556
703.0804
697.66705
700.0179
705.9667
705.3947
690.04816
692.28424
687.0018
695.01227
690.9607
691.1193
696.43866
689.12305
699.1376
689.5137
676.5316
685.5243
680.8649
675.8814
689.86053
698.9678
695.0757
681.0279
682.81476
nan
nan
nan
nan
nan
nan
nan
nan
nan
nan
nan
nan
nan
nan
nan
nan
nan
nan
nan
nan
nan
nan
nan
nan
nan
nan
nan
nan
nan
nan
nan
nan
nan
nan
nan
nan
nan
nan
nan
nan
nan
nan
nan
nan
nan
nan
nan
nan
nan
nan
nan
nan
nan
nan
nan
nan
nan
nan
nan
nan
nan
nan
nan
nan
nan
nan
nan
nan
nan
nan
nan
nan
nan
nan
nan
nan
nan
nan
nan
nan
nan
nan
nan
nan
nan
nan
nan
nan
nan
nan
nan
nan
nan
nan
nan
nan
nan
nan
nan
nan
nan
nan
nan
nan
nan
nan
nan
nan
nan
nan
nan
nan
nan
nan
nan
nan
nan
nan
nan
nan
nan
nan
nan
nan
nan
nan
nan
nan
nan
nan
nan
nan
nan
nan
nan
nan
nan
nan
nan
nan
nan
nan
nan
nan
nan
nan
nan
nan
nan
nan
nan
nan
nan
nan
nan
nan
nan
nan
nan
nan
nan
nan
nan
nan
nan
nan
nan
nan
nan
nan
nan
nan
nan
nan
nan
nan
nan
nan
nan
nan
nan
nan
nan
nan
nan
nan
nan
nan
nan
nan
nan
nan
nan
nan
nan
nan
nan
nan
nan
nan
nan
nan
nan
nan
nan
nan
nan
nan
nan
nan
nan
nan
nan
nan
nan
nan
nan
nan
nan
nan
nan
nan
nan
nan
nan
nan
nan
nan
nan
nan
nan
nan
nan
nan
nan
nan
nan
nan
nan
nan
nan
nan
nan
nan
nan
nan
nan
nan
nan
nan
nan
nan
nan
nan
nan
nan
nan
nan
nan
nan
nan
nan
nan
nan
nan
nan
nan
nan
nan
nan
nan
nan
nan
nan
nan
nan
nan
nan
nan
nan
nan
nan
nan
nan
nan
nan
nan
nan
nan
nan
nan
nan
nan
nan
nan
nan
nan
nan
nan
nan
nan
nan
nan
nan
nan
nan
nan
nan
nan
nan
nan
nan
nan
nan
nan
nan
nan
nan
nan
nan
nan
nan
nan
nan
nan
nan
nan
nan
nan
nan
nan
nan
nan
nan
nan
nan
nan
nan
nan
nan
nan
nan
nan
nan
nan
nan
nan
nan
nan
nan
nan
nan
nan
nan
nan
nan
nan
nan
nan
nan
nan
nan
nan
nan
nan
nan
nan
nan
nan
nan
nan
nan
nan
nan
nan
nan
nan
nan
nan
nan
nan
nan
nan
nan
nan
nan
nan
nan
nan
nan
nan
nan
nan
nan
nan
nan
nan
nan
nan
nan
nan
nan
nan
nan
nan
nan
nan
nan
nan
nan
nan
nan
nan
nan
nan
nan
nan
nan
nan
nan
nan
nan
nan
nan
nan
nan
nan
nan
nan
nan
nan
nan
nan
nan
nan
nan
nan
nan
nan
nan
nan
nan
nan
nan
nan
nan
nan
nan
nan
nan
nan
nan
nan
nan
nan
nan
nan
nan
nan
nan
nan
nan
nan
nan
nan
nan
nan
nan
nan
nan
nan
nan
nan
nan
nan
nan
nan
nan
nan
nan
nan
nan
nan
nan
nan
nan
nan
nan
nan
nan
nan
nan
nan
nan
nan
nan
nan
nan
nan
nan
nan
nan
nan
nan
nan
nan
nan
nan
nan
nan
nan
nan
nan
nan
nan
nan
nan
nan
nan
nan
nan
nan
nan
nan
nan
nan
nan
nan
nan
nan
nan
nan
nan
nan
nan
nan
nan
