10042.826
10038.628
10020.16
10010.717
9998.286
9989.603
9974.978
9961.902
9947.282
9932.448
9914.468
9897.918
9886.157
9882.384
9837.468
9824.872
9832.0
9761.504
9731.679
9704.618
9670.443
9638.468
9614.655
9578.265
9531.759
9502.614
9453.0205
9402.988
9363.088
12177.091
9543.727
9239.052
9167.542
9244.631
9222.529
9071.239
9360.324
8928.3
8887.883
8857.318
8940.143
8986.38
8677.911
8744.002
9672.17
8653.535
9127.032
8511.045
8837.933
8428.387
8373.37
8291.771
8976.894
9069.44
8610.409
8340.857
8680.13
8340.267
8467.575
7971.084
8092.4434
8925.475
8090.5938
8018.7534
8403.502
8485.394
8223.291
8858.948
7971.3467
8435.482
8142.9204
8170.5645
7882.058
7679.8726
7923.5273
8253.79
8181.9395
8066.865
8889.129
8606.506
8177.4673
7807.9707
7759.2886
9016.481
7843.6333
7573.1187
8582.638
15565.603
7193.4106
7369.439
8288.512
7768.712
8421.224
7252.1484
7145.2544
7973.52
7509.9756
7725.7197
8024.2793
7842.2046
7087.4585
6900.912
8369.512
7216.11
7035.535
7682.697
7021.764
8711.533
6715.0835
6749.412
8004.79
7016.9443
8232.099
8036.5513
6823.3174
7635.689
8579.204
7176.1016
7218.1045
7235.1943
7854.784
6701.75
7790.5225
8129.3633
6483.932
7843.075
7967.6743
6853.6543
7194.486
7919.0425
7006.9253
8249.864
6899.6074
6729.6196
7490.097
7487.4546
6736.4526
7034.8516
6784.941
7945.3853
7293.9634
8198.56
7741.5645
7923.1167
6798.3145
6638.8545
6846.5557
6348.9565
7467.481
7316.3115
6708.375
6999.7183
6617.5366
7427.0366
6314.9277
5945.586
6200.1333
6451.477
7011.7417
6572.681
6903.2207
7224.8745
7065.2173
7449.931
6181.76
12102.638
11348.335
7283.022
6467.9673
7996.054
7518.46
7254.727
7344.0864
7260.2485
7049.059
7830.647
6448.2495
7808.033
8522.679
6919.192
8497.786
6842.6963
7972.531
6595.123
6530.542
7174.7524
8026.879
6839.008
8690.607
9000.329
10431.112
7119.2764
7188.853
6948.61
7198.7134
6618.806
8097.739
7012.661
8455.674
7142.5117
9917.488
6492.673
8013.579
7923.254
7294.2485
6869.483
8673.039
6472.4585
7316.0933
9235.9795
7284.1284
9400.384
8585.383
7858.64
8289.624
8186.4478
9277.703
8400.86
8202.953
7437.6577
7356.126
8634.051
8288.079
7699.401
7533.1865
9071.949
8068.413
7598.4067
7526.9873
12081.693
6715.4473
7891.4146
6885.35
7270.9536
6725.7524
6979.4277
7410.3423
7112.7324
7392.7314
7877.4478
7696.119
7548.7876
6877.3604
6439.486
6132.664
7520.999
7661.7915
7023.896
7375.802
7507.3022
7211.8086
9982.851
7868.062
7283.6396
7275.9927
7803.7817
7993.106
7000.541
6557.948
7601.152
6880.4863
6380.9106
7990.7983
7119.1865
7456.5317
7779.2183
7281.0566
20058.754
9250.411
7120.1587
7914.905
8293.422
7145.348
7608.255
6844.2217
6297.367
11238.856
7272.8223
7574.5977
7582.4814
6662.168
9021.262
7420.867
8042.0166
6658.152
6842.012
7088.352
8038.3394
8584.29
7203.7075
7632.063
7310.137
7857.7866
7223.266
7221.2617
7653.216
7809.285
7402.3677
7078.8086
7352.7144
8339.127
8331.222
7245.0137
8470.541
7405.939
8087.429
7236.4985
7690.404
6735.7476
7152.0215
7072.865
8209.244
6175.4
6746.7256
8028.524
8593.012
6498.457
7138.1753
6512.811
9260.068
7620.1284
7556.1685
7138.2915
7098.856
8482.31
11444.47
6863.7554
7287.48
6832.8755
8229.819
7226.3203
8063.4424
6859.577
7449.74
7693.5454
6686.797
7876.503
6412.9
5958.557
9156.955
6553.9707
10453.453
8748.811
7316.006
7240.261
7313.5986
9717.527
9006.199
6953.6426
7784.871
7130.8486
6566.656
7908.867
8009.514
8282.44
6663.193
8103.2075
6658.6123
8319.335
6371.983
16802.404
5895.612
6152.9155
5943.5728
6474.5547
6714.706
6980.529
6324.9863
6533.7188
7179.1743
7103.105
7633.1543
8709.874
6608.1157
6232.337
7103.827
9159.606
6481.2085
8118.573
7931.2686
7196.83
7199.204
7090.624
7972.272
7723.6895
6782.2896
6712.3276
8828.641
5608.2534
6905.393
7081.8086
6366.0015
7606.156
7459.084
6565.61
8506.208
7794.517
8956.688
7420.181
7673.6465
6337.994
6808.627
6921.0864
7728.274
7231.295
6382.8193
6586.786
14862.172
7058.1426
5981.992
8132.5596
6474.658
7552.196
8055.5024
7285.5815
7060.666
7106.4316
6595.8438
6430.6826
6029.99
11104.721
6180.455
6373.8545
8543.558
8135.33
7825.4727
7909.5923
6889.259
5906.9707
7560.5405
6934.887
7374.9067
6303.4624
7915.541
6895.268
6608.976
5360.179
5503.782
7127.448
6603.3574
7723.291
8527.977
6250.15
8356.13
7461.1807
5403.9644
7758.942
6264.2314
7743.634
7417.0283
8634.993
7590.628
10785.923
7705.7344
6650.0903
6705.793
7095.545
7640.2183
6168.457
6950.4727
6914.336
7574.114
5969.0156
7733.2627
7130.2466
7789.915
6112.0093
7516.47
9278.443
7681.4863
15352.09
7307.2954
9308.5205
6700.3916
7445.808
6912.163
6550.481
7799.0024
6853.754
7022.209
7769.563
5869.341
6827.4097
6306.475
7155.32
7647.579
7860.6533
6698.611
7046.4497
7991.0005
6296.8174
6360.3643
8875.368
7843.76
8308.439
7037.556
6089.1123
9536.9375
7539.587
7235.8677
8917.913
7909.226
7395.168
7337.045
9239.106
7399.9053
7122.8438
7674.952
7555.826
7216.9736
8285.353
7593.3984
16302.973
9248.567
10356.486
5905.239
7171.203
7480.821
6960.064
7194.4863
11815.257
5828.825
6030.8086
6402.8457
8450.909
7457.208
7277.7046
6082.9233
6353.842
6995.9697
7967.3438
8367.444
7819.5786
8390.455
8083.353
10702.58
6719.232
7800.311
6514.9966
7039.4478
8878.021
7010.802
7362.369
8463.066
5997.2627
5507.1587
6100.613
5981.0635
8969.368
7662.5894
6779.052
6316.3735
8307.885
7428.697
9476.205
7574.559
8849.555
7105.8726
7824.48
10227.238
7386.4033
6366.435
6802.2783
8235.354
8513.666
6701.1987
7207.807
7308.694
9451.796
6065.0615
6899.0864
6821.5073
8692.806
7662.7905
6479.4062
7623.865
6004.157
8836.643
6539.435
8478.421
5367.8804
6199.166
9105.507
8613.572
5908.0845
8453.765
6398.7236
9042.979
6893.231
6974.4253
7296.324
7052.1143
6542.708
7662.1084
7083.8335
8739.01
7770.355
6415.869
7256.047
6640.1133
6314.2812
6240.3975
8017.944
4982.33
5973.5005
6377.573
7756.3853
6973.125
7308.934
7105.3823
8985.335
7019.026
6829.968
7083.4556
6041.335
6633.4473
8788.572
8934.864
6376.992
9212.126
6807.758
9300.663
6868.5996
13310.459
7948.5957
7729.6646
8491.919
6837.4805
6195.9634
7152.44
7178.5015
7504.0815
10949.675
7367.205
7921.439
7164.3813
