10003.95
9889.465
9754.93
9585.798
9369.813
9107.629
8806.242
8488.663
8166.3765
7853.125
7552.4043
7274.808
6996.553
6744.9717
6502.693
6280.231
6072.034
5874.6016
5698.632
5538.7876
5383.986
5249.351
5117.578
4995.2026
4883.7715
4780.484
4688.121
4596.948
4519.3936
4436.815
4365.014
4296.317
4233.4067
4172.214
4120.1455
4064.8877
4013.163
3964.3386
3921.1895
3876.9114
3837.268
3800.7295
3770.0024
3737.445
3700.5642
3676.9927
3647.07
3618.2495
3594.6938
3569.425
3551.7244
3531.255
3512.4583
3497.1357
3473.0054
3456.7969
3442.129
3426.5354
3411.9243
3401.1028
3387.1514
3376.9329
3368.385
3361.6213
3344.9243
3335.9084
3326.6135
3319.125
3312.7136
3305.589
3300.5305
3290.2844
3284.4827
3275.8328
3270.994
3268.5747
3259.3035
3259.9849
3252.3882
3248.6572
3241.1548
3240.9685
3241.4927
3227.6423
3226.6948
3220.8572
3218.2673
3216.9065
3212.366
3208.6196
3206.3708
3202.35
3200.1255
3197.8542
3196.755
3196.487
3193.285
3189.3633
3189.8826
3186.44
3186.8315
3185.238
3180.998
3179.5894
3177.924
3179.481
3177.679
3173.2327
3171.509
3171.2068
3168.7
3166.735
3166.5298
3165.1057
3164.108
3161.8318
3164.545
3161.2747
3164.783
3159.3325
3156.6821
3158.418
3154.8281
3155.162
3154.5505
3152.705
3151.6
3151.7952
3151.2346
3149.8044
3149.904
3148.9912
3146.5696
3146.8667
3149.5522
3144.1165
3149.419
3144.7854
3144.937
3141.6982
3144.016
3141.331
3143.124
3140.4866
3140.7063
3140.4348
3139.6716
3139.733
3142.8777
3137.8188
3136.955
3137.3062
3136.1316
3138.1948
3136.4204
3136.7966
3135.165
3134.6482
3136.793
3134.2646
3135.51
3134.53
3132.5007
3131.4766
3134.4553
3132.8708
3132.2986
3131.7168
3131.2844
3130.6882
3129.6245
3130.752
3128.2356
3129.9338
3129.5903
3129.1995
3126.4268
3132.4817
3126.2776
3125.0645
3128.793
3125.0752
3124.5032
3125.4966
3125.702
3128.7498
3126.2627
3128.1365
3122.5298
3122.78
3127.1086
3123.3064
3122.8564
3126.4663
3123.044
3126.1633
3123.6372
3123.815
3121.6067
3120.2585
3120.7297
3120.9053
3124.0974
3119.7102
3120.6577
3119.4453
3121.5557
3119.3945
3121.5198
3125.3037
3120.0793
3120.5403
3119.411
3120.1882
3117.993
3117.3193
3120.1365
3118.7603
3117.9502
3117.6765
3116.3696
3118.997
3120.4812
3117.6792
3122.11
3116.5452
3118.0955
3115.883
3117.304
3114.64
3114.4636
3115.3418
3113.638
3114.4402
3118.9048
3117.158
3116.6248
3115.5432
3113.7625
3117.7397
3112.9385
3114.2224
3112.344
3114.5852
3110.4458
3114.1997
3109.5615
3112.4722
3119.9995
3114.477
3111.5437
3114.6125
3116.8623
3112.9294
3109.3354
3111.0657
3112.3167
3116.2266
3109.24
3108.1108
3110.6277
3109.4324
3109.016
3108.6506
3107.6387
3108.0654
3108.4338
3105.892
3107.8257
3105.8992
3107.6777
3109.3738
3104.4717
3104.9624
3104.5137
3109.8945
3102.89
3106.4805
3106.7317
3104.8347
3104.3848
3105.6636
3105.0833
3101.9426
3104.22
3103.8062
3103.2778
3102.4536
3103.0293
3099.923
3105.1685
3099.9238
3102.2249
3113.4895
3103.2454
3100.4246
3100.1338
3099.1462
3101.7458
3101.8662
3099.6807
3098.6934
3099.5574
3104.3313
3100.366
3102.1042
3105.5393
3099.187
3100.4277
3097.4502
3098.121
3101.0566
3098.9543
3100.6602
3097.6665
3099.5076
3097.2122
3097.5022
3100.8538
3099.0125
3099.6943
3096.9102
3097.0117
3097.173
3101.3777
3097.789
3102.7383
3095.113
3098.5703
3098.5452
3099.3672
3099.3584
3098.589
3099.218
3095.8525
3105.5908
3097.0754
3100.231
3097.4236
3097.6223
3100.1165
3096.628
3095.9595
3096.9678
3099.1096
3098.0337
3096.0735
3096.1074
3095.96
3095.005
3094.2026
3093.2017
3094.7559
3095.7126
3095.14
3096.9182
3093.9255
3095.3376
3093.2588
3092.666
3094.3567
3093.51
3092.5498
3094.1162
3094.4885
3091.5366
3092.644
3092.2214
3095.0583
3095.263
3092.0159
3096.316
3094.771
3091.4888
3092.9985
3093.6685
3095.059
3092.2598
3096.097
3091.79
3094.294
3094.1243
3093.657
3094.415
3092.792
3092.7185
3093.872
3092.3945
3090.69
3091.2239
3091.4136
3090.934
3090.33
3088.0496
3091.5657
3090.375
3088.4104
3093.9243
3091.6135
3090.5886
3090.598
3090.4702
3087.1255
3089.037
3087.807
3090.4094
3088.6055
3088.275
3088.0078
3091.9568
3088.3718
3089.6284
3090.0327
3088.5835
3089.4778
3092.8157
3086.8982
3087.1394
3090.0796
3086.8452
3087.7515
3089.7202
3089.378
3087.6921
3087.975
3088.922
3086.9363
3091.4995
3088.2915
3088.2012
3092.631
3089.9172
3087.9473
3088.8914
3089.6729
3086.4788
3089.3499
3089.5266
3086.9353
3085.9263
3088.311
3086.5234
3089.912
3087.7358
3091.856
3087.4119
3089.9534
3086.722
3087.855
3089.0173
3086.759
3087.967
3091.2383
3090.877
3087.8108
3088.1807
3087.651
3091.2122
3087.2705
3085.4763
3087.8906
3086.1677
3089.2026
3087.6873
3091.6255
3086.7803
3085.1982
3087.7288
3087.5005
3086.72
3084.9307
3085.0283
3086.2944
3086.5286
3085.0212
3086.442
3085.2559
3085.0488
3084.6177
3085.9429
3087.189
3084.1106
3085.4556
3084.0718
3085.8171
3085.2664
3085.4941
3085.972
3084.0396
3085.2188
3084.8315
3083.1567
3085.6624
3084.2551
3085.7915
3085.289
3085.539
3086.7158
3082.8853
3083.5842
3085.128
3085.604
3082.1165
3082.9067
3083.1265
3084.0295
3083.1663
3083.8865
3083.3674
3082.115
3082.1487
3086.6921
3082.0159
3086.0032
3083.008
3084.9692
3085.2456
3082.1472
3082.4888
3082.721
3080.6577
3085.0254
3081.512
3083.3586
3082.3962
3082.3977
3084.165
3086.8772
3081.3816
3086.9314
3083.9429
3083.5808
3082.8467
3084.9177
3084.914
3084.2488
3084.618
3085.0847
3086.416
3085.858
3083.2532
3083.3037
3085.5527
3082.1628
3082.129
3082.3748
3086.6565
3083.7495
3084.689
3085.8447
3082.916
3083.9622
3084.0237
3083.4092
3082.2563
3083.838
3084.5063
3088.9402
3084.1492
3083.8926
3083.9287
3090.1465
3082.5305
3082.168
3086.837
3085.1592
3082.2979
3081.433
3084.8445
3081.142
3082.3113
3090.8992
3080.777
3079.1926
3087.0547
3080.4685
3079.8936
3084.9182
3084.2341
3081.9229
3079.5845
3080.9578
3079.8833
3080.8494
3079.4592
3080.1147
3082.0974
3081.1914
3082.4448
3081.009
3087.4492
3082.399
3080.5618
3080.6199
3079.9282
3083.7053
3079.4153
3079.7156
3087.283
3082.731
3079.4604
3080.3835
3082.561
3080.5183
3079.871
3081.5315
3085.1882
3085.3691
3080.7036
3084.3135
3081.1138
3080.5442
3082.795
3081.3843
3081.0935
3078.2415
3084.6733
3082.0642
3080.3032
3082.0393
3079.575
3085.5686
3083.31
3079.1348
3081.674
3078.5513
3080.9873
3079.327
3080.2505
3079.9963
3080.039
3081.2925
3078.9067
3078.573
3079.333
3077.974
3077.25
3084.1519
3085.0288
3077.4507
3078.9521
3080.1687
3083.6504
3079.5896
3078.4868
3082.0618
3078.1445
3079.5645
3079.9897
3079.974
3076.7444
3077.4597
3082.4336
3079.1082
3077.5754
3080.3118
3078.4316
3080.2124
3082.8184
3080.1938
3078.4546
3080.5928
3078.5825
3082.4412
3082.0913
3079.0166
3080.25
3080.8694
3081.3545
3081.2432
3080.3184
3080.1052
3081.1821
3082.2283
3080.7905
3082.3857
3080.1082
3081.284
3081.3496
3080.6802
3081.9827
3085.4417
3082.0078
3078.9285
3082.239
3081.904
3080.8289
3084.344
3081.5845
3079.3079
3078.725
3079.358
3087.5923
3079.3394
3078.1956
3081.7756
3080.5754
3080.0
3078.9277
3079.4866
3078.5566
3079.7793
3079.4092
3081.2727
3080.6506
3078.9617
3078.8203
3083.4558
3085.3154
3079.9001
3079.2305
3080.7231
3081.1006
3082.7803
3078.3228
3078.6006
3078.1807
3078.9148
3078.7246
3078.21
3079.3066
3079.7668
3079.6614
3083.178
3079.306
3079.5032
3078.3735
3080.3704
3078.0718
3077.7395
3080.14
3079.9358
3080.2842
3080.769
3078.5964
3077.3198
3077.4421
3078.569
3077.6145
3077.7676
3078.6233
3078.5994
3084.1775
3079.8184
3078.422
3078.9236
3078.8032
3082.5237
3080.4473
3079.043
3079.7688
3080.1804
3079.4915
3083.167
3078.6816
3083.5222
3079.8362
3078.8752
3083.0886
3077.1917
3078.595
3078.862
3080.5957
3082.7092
3078.5815
3077.45
3078.9297
3081.77
3078.5298
3078.7969
3078.9758
3079.3694
3080.5962
3078.3254
3080.0632
3079.9836
3077.254
3080.189
3079.948
3081.331
3078.3086
3077.3848
3079.0127
3080.8604
3076.812
3078.823
3078.3293
3076.159
3079.598
3078.794
3079.2974
3079.0068
3080.0293
3080.0774
3083.284
3078.845
3079.565
3084.8435
3080.069
3084.3262
3084.8323
3078.7236
3078.7705
3078.5435
3078.91
3078.734
3077.7693
3083.5713
3083.382
3077.772
3077.3723
3079.559
3080.283
3078.1096
3088.017
3077.3997
3080.9697
3079.327
3079.5232
3079.158
3078.3357
3078.3965
3078.7822
3079.824
3079.6528
3082.5364
3076.993
3077.2146
3078.6606
3080.6091
3079.9478
3076.5842
3077.7522
3076.7798
3078.2795
3080.7202
3078.4297
3080.262
3079.6064
3079.2664
3078.3325
3081.631
3078.418
3079.6072
3083.302
3077.1973
3077.6157
3080.6885
3078.4114
3080.8135
3078.4424
3079.389
3078.7202
3080.714
3080.1055
3080.1135
3078.6057
3078.846
3079.033
3077.9495
3080.5806
3079.162
3078.1335
3077.9822
3076.5435
3079.531
3081.1516
3078.1438
3079.2341
3082.5876
3081.544
3080.6062
3080.4268
3081.8843
3081.954
3078.6807
3079.1846
3079.5095
3079.8618
3079.5342
3081.9119
3077.9058
3079.0195
3080.3147
3077.7803
3080.5696
3080.7725
3080.5022
3077.5083
3080.1055
3080.6653
3082.7322
3077.8735
3078.1914
3079.1594
3087.7415
3079.4885
3079.8635
3082.3057
3079.704
3080.483
3081.2612
3079.792
3078.5488
3080.3457
3079.4678
3077.5325
3077.47
3077.3438
3081.9622
3081.225
3078.3608
3078.6956
3078.0505
3080.3684
3081.0105
3078.138
3078.5405
3079.6785
3078.8699
3079.174
3079.15
3077.6853
3078.2097
3078.308
3078.674
3077.8738
3080.9595
3077.3723
3077.4934
3078.313
3077.437
3076.9602
3076.089
3077.1118
3079.4321
3077.6223
3078.5886
3077.6685
3081.2864
3079.7073
3076.2837
3078.2815
3082.8108
3080.7163
3077.6294
3079.1616
3078.0002
3077.5076
3078.8403
3077.1453
3084.1646
3078.964
3080.4316
3078.7825
3078.6848
3077.3977
3077.5623
3083.0913
3077.1685
3078.79
3081.965
3081.5874
3079.9028
3080.0205
3077.0425
3077.2053
3078.3074
3084.662
3077.3533
3080.3184
3076.9592
3079.09
3079.0154
3078.6948
3080.1245
3079.4448
3084.0342
3078.1733
3079.01
3085.3638
3077.9927
3082.2039
3082.9514
3091.903
3078.1055
3078.316
3078.8013
3079.3325
3077.0715
3080.2527
3079.484
3077.8157
3078.194
3077.3708
3079.1912
3077.2043
3077.494
3078.6667
3076.3286
3084.6973
3076.1018
3078.0269
3078.6526
3080.3242
3076.916
3077.6016
3078.8083
3083.4824
3080.65
3080.9229
3081.0488
3080.1714
3077.9153
3080.8496
3080.325
3079.2942
3077.8325
3077.5498
3084.9473
3083.608
3078.1794
3078.017
3077.9978
3080.7156
3078.5183
3079.9976
3078.1685
3077.738
3083.7122
3078.748
3081.3276
3082.395
3079.1194
3079.3496
3083.0366
3080.5703
3080.1797
3078.175
3078.1843
3079.0493
3081.1191
3077.82
3082.243
3079.82
3078.8306
3077.3738
3077.979
3078.4968
3076.5276
3076.5586
3078.1755
3076.8186
3078.0938
3076.5947
3074.7915
3075.0222
3080.6138
3075.2664
3078.3525
3075.0999
3074.421
3076.771
3075.8047
3077.048
3079.8655
3078.5142
3078.2668
3079.6821
3079.2053
3079.5054
3077.9426
3076.9988
3080.2712
3076.642
3077.5408
3077.8335
3078.2139
3078.3013
3078.8652
3078.0474
3076.6863
3077.2183
3078.5356
3076.6396
3077.0928
3081.2043
3076.2068
3075.8384
3076.468
3076.3135
3077.8557
3078.7673
3077.0273
3084.0806
3078.191
3075.7305
3076.7336
3081.7925
3078.0952
3077.126
3078.6873
3077.8857
3077.1223
3076.8032
3078.3318
3077.0737
3079.5933
3081.5205
3081.8816
3079.326
3076.5935
3084.0715
3077.6172
3078.2378
3079.2583
3078.3853
3079.1887
3078.7385
3079.728
3076.9739
3079.0898
3080.812
3081.8472
3078.675
3079.7148
3086.0796
3079.5618
3075.3774
3076.2996
3077.4744
3077.0493
3076.7544
3083.1453
3079.5825
3078.406
3083.1519
3077.9702
3079.4075
3079.1895
3076.2993
3076.5034
3076.9136
3079.5872
3079.8933
3079.7874
3080.4712
3081.25
3082.019
3079.7114
3078.375
3076.709
3080.2559
3081.2495
3078.7297
3080.738
3078.998
3078.2183
3077.9946
3083.9414
3080.5793
3078.0198
3078.1797
3077.8123
3078.2498
3078.17
3083.1328
3079.514
3081.9297
3088.7405
3079.4263
3076.7695
3077.299
3079.4883
3078.4429
3080.3667
3081.099
3076.799
3077.935
3078.0547
3079.6902
3079.8645
3078.2588
3076.5422
3077.3906
3077.8687
3078.169
3078.2776
3081.1292
3077.0747
3083.9158
3077.2043
3076.848
3076.7886
3078.5413
3080.9854
3082.4834
3076.9011
3078.0015
3080.3088
3077.615
3078.6643
3079.1868
3078.3801
3077.9087
3085.5842
3077.9663
3078.2512
3078.3335
3081.8396
3079.64
3078.3472
3080.6912
3080.0703
3078.4536
3078.6375
3077.8262
3079.4924
3080.9802
3079.778
3083.2288
3079.0347
3078.2954
3080.2642
3076.8577
3079.4177
3078.9778
3077.4414
3081.542
3080.5967
3080.9485
3081.7593
3080.3738
3078.8088
3079.5737
3078.7722
3077.7078
3077.2834
3077.7417
3081.57
3077.097
3085.1418
3078.477
3076.718
3076.2751
3078.491
3079.071
3082.7803
3078.7473
3079.7334
3076.6562
3075.4827
3076.0972
3078.303
3081.7542
3076.4253
3076.631
3075.7397
3077.1838
3078.3208
3076.6812
3078.5298
3081.9563
3080.1406
3077.8823
3079.443
3087.7185
3077.007
3078.3647
3077.2803
3076.7336
3076.2974
3081.5117
3077.7666
3076.941
3077.8274
3079.929
3076.8274
3076.3506
3078.9878
3079.0293
3077.7788
3078.3738
3077.1511
3078.403
3077.252
3077.9456
3079.1458
3078.4463
3080.4148
3077.9526
3077.2769
3079.6055
3079.333
3078.678
3077.6277
3079.5159
3077.676
3080.0117
3078.1328
3080.1873
3081.5698
3078.3203
3079.1355
3076.7585
3076.7786
3077.167
3076.826
3078.0576
3080.4487
3076.2937
3084.6387
3077.8145
3076.8708
3078.129
3077.473
3082.9363
3078.6536
3079.5396
3077.603
3081.4785
3078.2244
3078.0566
3077.6714
3080.4922
3075.5427
3075.2852
3075.1643
3077.1382
3078.0085
3076.1118
3078.9565
3075.4275
3077.8118
3077.0266
3076.9487
3078.3135
3077.3228
3079.1033
3077.162
3079.163
3077.4333
3077.6694
3076.3862
3076.5537
3077.629
3077.0457
3080.5632
3078.0752
3075.8547
3077.2515
3077.9531
3076.0293
3077.3208
3077.0996
3077.4712
3075.908
3076.837
3077.9675
3076.148
3076.1914
3079.5388
3082.8772
3076.495
3078.7183
3078.4524
3077.473
3081.0298
3076.5564
3081.1265
3079.563
3078.0598
3078.907
3077.7046
3077.396
3077.453
3081.6367
3080.6545
3081.387
3080.2173
3082.274
3077.7805
3078.8857
3080.5906
3078.0842
3076.5984
3079.1755
3078.7202
3076.0996
3077.4802
3076.5754
3076.0806
3075.7363
3075.067
3076.538
3077.534
3076.3481
3075.6167
3075.5205
3075.5225
3074.9119
3074.9805
3076.3809
3075.4707
3075.5667
3075.3108
3078.0613
3080.1135
3080.5332
3076.3025
3075.5051
3076.7617
3075.4746
3076.2212
3076.8203
3076.9487
3076.1682
3075.7864
3075.4736
3073.7676
3075.9255
3077.7239
3074.5293
3076.6755
3076.4207
3076.4417
3077.7239
3078.8408
