10037.787
10014.605
9999.662
9974.457
9948.529
9922.442
9886.955
9849.529
9817.666
9802.6045
9727.171
9664.059
9679.417
9717.426
9490.675
9578.65
9607.876
9428.198
9245.161
9670.345
9405.122
9585.977
9316.366
9223.3
9316.085
9296.886
9139.279
9127.785
9091.583
9381.731
9023.575
8863.389
9429.426
9677.956
9600.206
9541.415
8912.938
9952.07
9583.832
9556.043
9154.445
9054.207
9011.009
8889.267
9117.911
8727.127
8756.475
9160.583
9375.597
8914.234
9668.6455
8767.455
9982.575
8334.009
9028.784
9088.963
8784.25
9180.645
9857.919
8747.946
8622.305
8712.755
9265.389
8692.4375
8819.081
8393.887
9055.576
10024.933
8893.125
9390.167
8407.337
8009.089
8886.391
8776.601
8579.83
8416.04
9539.147
9976.705
8658.019
8423.073
8475.182
7948.3823
8863.055
8869.913
8429.693
8437.752
8580.433
12296.003
8878.786
8177.0596
10343.199
8650.17
9280.929
9777.092
8141.7666
8500.492
10055.75
10343.806
9500.818
8358.601
8766.387
8322.36
7603.5537
8076.6226
8368.759
8076.503
8084.0835
9169.129
12793.689
8071.667
9717.957
8537.881
8121.5103
8538.836
8241.496
7692.0596
9536.233
8110.305
7918.7446
7929.8774
9191.179
8767.381
8659.539
9728.297
8716.813
9105.052
9610.516
8973.666
8949.847
8916.603
8481.217
9024.66
8452.326
8677.794
9218.548
8959.063
9441.724
8649.822
8679.12
8649.198
8192.57
9824.118
8765.724
8674.93
8518.062
8545.119
8501.015
8615.407
7907.4224
7623.0605
8330.241
8232.523
8653.736
8072.2085
9968.143
9980.489
8116.752
8732.41
8368.566
8879.38
9372.791
9042.827
10162.042
9382.499
9059.372
8692.564
8712.304
9239.983
9948.408
8996.981
9582.311
9797.463
10602.644
9254.607
9592.317
9752.859
9300.707
9568.3
9483.074
9503.744
9200.364
8949.163
8918.151
8639.047
8884.123
9016.298
8911.323
8741.056
9310.73
8704.989
9707.72
9923.228
7892.362
9614.915
9234.464
10063.469
9731.23
9777.311
10069.573
9447.423
10066.137
10065.575
10064.484
10066.571
10065.17
10064.062
10064.731
9625.975
10307.803
10063.471
10658.741
10084.563
10062.283
9532.944
9532.51
11135.289
10066.919
9931.354
9936.714
10065.541
10086.357
10063.749
10064.355
8813.845
9542.117
9329.582
9493.571
9454.039
9519.393
10062.6045
10170.998
10063.929
10062.722
9663.502
10064.032
10063.977
10069.742
10065.783
10080.49
10072.01
10066.73
10069.746
9456.779
10063.478
9314.913
9248.188
9557.001
10061.519
10162.22
10063.067
10087.236
9436.767
10064.296
10064.656
10066.673
10068.861
10065.623
10065.428
10064.365
10066.6875
10065.358
10068.754
10064.853
10070.118
10066.669
10089.951
10064.366
10065.6
10066.657
10064.216
9574.852
10068.831
10067.012
10065.98
10078.709
10065.123
10087.335
10066.83
10067.233
10064.101
10074.02
10063.736
10067.549
10066.481
9570.64
9665.07
10064.969
10064.597
10064.714
10078.212
10066.302
10063.963
9498.781
9482.328
8912.694
9890.199
9360.593
9960.808
10062.96
10064.943
10068.358
10064.513
10054.348
10059.296
10046.182
10033.646
10026.507
10021.192
10034.074
9984.796
9203.218
9267.575
9387.165
9192.801
9357.7295
10025.014
10070.867
10076.449
10066.756
10064.568
10064.643
9914.044
9894.056
10066.613
10064.538
10067.493
10066.072
10063.716
9749.114
9514.3
10063.835
9435.16
10065.139
10065.432
10064.732
10066.511
10065.139
10067.718
10064.513
10064.469
10066.917
10064.668
10063.956
10064.849
10067.945
10068.9
10069.301
10064.493
10064.229
10064.04
10068.743
10061.913
10058.683
10056.859
10059.074
10060.501
10049.176
10044.917
10047.542
10034.396
10027.586
10027.775
10017.94
10009.746
10046.941
9992.361
9867.125
9403.029
9456.787
9780.423
9757.909
9147.457
10135.453
9908.344
9871.975
10061.956
9910.204
10071.86
9900.3955
9825.013
9829.47
10054.476
10250.512
9372.265
10062.929
9640.883
9481.103
9659.115
9528.719
8999.868
10064.128
10074.165
9976.452
10053.173
10057.666
10061.316
9821.663
9661.714
9914.315
9653.887
9828.453
9637.351
9490.744
10054.648
10049.332
9990.361
10037.998
9827.625
9781.339
10376.264
9299.558
10054.113
9045.872
10111.032
9793.819
10124.1045
9975.151
9957.738
9966.688
10070.09
10065.62
9714.718
9783.22
10064.044
10063.204
9251.276
8804.085
9904.5
9279.244
13448.476
9407.858
10066.709
10064.791
8958.66
9210.139
9348.042
10030.344
9564.772
8678.077
9109.883
10064.827
9332.417
9063.869
9886.222
8961.421
10100.316
9765.669
10065.033
10065.759
9734.491
10064.641
10064.931
10072.068
10064.891
9247.742
9947.69
9166.751
10065.786
10103.635
10065.269
10063.408
10064.007
10065.406
10066.156
10063.867
10063.906
10059.679
10069.805
10068.016
10061.888
9151.554
9106.07
10028.837
9049.618
10062.9795
8657.941
9921.071
10044.444
9844.651
8982.981
9260.32
10078.808
10064.203
10073.117
10065.638
10064.395
10066.305
10064.752
10064.049
10068.97
10067.505
9670.649
10063.827
10064.315
10065.018
10066.444
10064.09
10064.37
10063.397
10064.462
10062.798
10062.621
10062.857
10066.302
10064.304
10060.633
10059.269
10057.131
10055.665
10053.196
10083.533
10044.892
9673.921
9539.933
9505.214
9425.127
9931.092
10006.88
9626.535
9761.593
9509.925
9991.114
10210.546
9957.253
10085.042
9780.297
10064.223
9907.012
9841.718
10281.437
10066.949
9589.447
10064.822
10395.346
9400.109
10475.94
10280.198
9528.872
10222.091
9572.478
10064.793
9615.006
10067.652
10070.228
10064.731
10064.411
10065.137
10066.598
10065.377
10065.218
10066.755
9458.738
9650.886
10068.761
9455.551
9712.517
9500.119
8850.866
9335.689
10066.897
9274.471
10480.12
10066.359
9566.961
9516.923
9590.341
9765.086
10065.97
10066.983
10064.412
10065.696
9791.965
10072.388
9624.706
9620.562
10064.448
10067.817
10064.612
10066.078
10065.677
10064.366
10064.408
10074.971
10066.087
10065.388
10065.6045
10072.615
10072.44
10069.8955
10064.683
10064.0205
10066.404
10065.746
10064.255
10066.631
10066.694
10066.742
10065.806
10065.366
10067.131
10064.231
10066.055
10065.384
9653.583
9491.348
10071.441
10071.144
10066.203
9432.521
10063.947
10065.537
10064.978
10066.245
10063.931
10065.561
10087.581
10063.821
10038.03
10063.364
9480.317
10064.307
10063.537
10052.074
9796.329
9776.107
9775.525
9785.017
10974.797
10120.872
10143.674
10076.948
10064.045
10064.454
10065.782
10066.402
11000.178
10595.855
9991.136
10066.729
10064.465
10063.947
10074.447
10065.126
10065.007
10076.95
10064.398
10064.143
10067.935
10064.242
10073.008
10064.299
10064.336
9595.958
10065.485
9535.223
9819.881
10075.94
10098.6455
10071.077
10064.326
10068.85
10066.266
10064.7295
10064.748
10065.0625
9428.76
9928.688
9797.365
9715.258
9647.198
9359.705
9819.993
9632.946
9184.373
10064.706
10067.364
10067.216
10068.881
10064.403
9471.4795
10068.062
10063.731
9510.244
9508.398
10066.03
10065.572
10064.376
10063.893
10064.392
10064.713
10063.824
10067.554
10067.769
10067.584
10073.558
10063.788
10063.78
10065.207
10062.759
9559.612
9070.365
10066.548
9631.45
9734.888
9654.264
9628.957
10065.26
10072.053
10073.356
10065.989
10065.544
10065.028
10065.376
10064.547
10065.252
10065.7705
10064.208
10063.935
10068.715
10066.747
10068.003
10064.223
10067.504
10064.939
10065.555
10065.37
10067.971
10066.628
10064.89
10065.269
10064.186
10070.045
10064.337
10065.329
10065.983
10064.282
10070.454
10064.223
10066.611
10091.446
10065.501
10078.162
10068.411
10073.878
10067.388
10063.996
10067.236
10068.578
10071.327
10066.944
10064.682
10064.847
10064.312
10064.809
10063.926
10067.028
10064.918
10068.15
10065.734
10066.452
10081.022
10064.462
10065.471
10066.225
10067.875
10065.731
10063.974
10063.023
9673.18
9733.567
10069.237
10279.719
10064.552
9532.915
9721.292
9484.793
10306.085
9838.036
9604.876
9231.366
10063.178
10065.3
10095.197
10158.051
10067.472
10064.481
9972.338
10063.797
10072.221
9568.75
10068.133
10064.036
10069.338
10089.139
10229.814
10078.595
10066.919
10063.492
9447.693
9867.845
9613.699
10078.001
10078.829
10065.747
10068.389
10065.78
10066.181
10069.226
10065.446
9864.315
9431.431
9643.902
9412.269
9647.264
10073.393
10064.573
10065.47
10065.375
10063.999
10064.607
10066.675
10064.082
10067.168
10064.528
10078.748
10068.109
10063.475
10067.946
9391.964
9877.524
9713.893
10054.267
9896.158
10053.521
9363.782
9675.751
9859.121
9517.171
10190.129
9509.821
10039.393
10072.441
10038.337
10028.18
10056.946
10044.34
10066.124
10063.983
10005.316
9993.608
9596.859
10064.594
10038.787
10065.139
10064.198
10063.391
9596.057
9983.191
9055.952
9218.112
9214.48
10063.9795
9927.553
9233.623
9888.644
9559.958
9501.841
9755.104
9515.183
9868.962
9452.807
10043.812
9546.732
9518.199
10068.451
10043.967
10058.603
10005.429
10010.162
10063.749
10087.134
10063.374
9980.489
10066.248
10065.01
10097.387
10071.81
10114.321
9994.16
9842.592
9768.099
9778.761
9770.468
10064.601
10427.746
9860.531
10066.547
10064.61
10065.01
10063.983
10068.246
10064.247
10065.226
10068.064
10065.132
10068.06
10065.524
10066.922
10067.475
10065.402
10063.842
10064.87
10064.752
10075.195
10067.738
10065.232
10066.362
10072.746
10065.576
10064.724
10064.974
9401.944
9885.879
9934.368
9843.139
10073.222
10064.79
9856.702
10068.319
10067.929
10104.584
10064.306
10064.367
10063.914
10065.785
10067.969
10066.718
10065.08
10066.976
10064.758
10064.534
10064.429
10070.234
10064.981
10063.836
10064.311
10065.643
10063.4795
10065.263
9454.681
9308.334
10067.503
9437.971
10065.272
10066.16
10063.57
9910.69
9734.317
10063.965
9649.729
9257.615
9531.669
9158.23
9510.544
9270.593
10070.784
10065.554
10063.946
10065.912
10065.745
10068.832
10068.958
10065.133
10065.422
10064.255
10064.987
10067.893
10064.054
10065.212
10064.327
10068.135
10065.453
10066.222
10068.454
10065.245
10068.025
10065.832
10067.506
10064.062
10064.776
10066.318
10064.481
10072.916
10065.405
10067.2
10065.095
10071.202
10065.507
10065.638
10064.79
10066.553
10066.3545
10067.273
10064.405
10063.935
10064.3
10064.556
10067.023
10064.733
10064.127
10070.441
10064.561
10065.051
10064.889
10068.755
10087.196
10067.791
10064.93
10071.361
10067.08
10064.688
10064.005
10064.463
10064.402
10063.953
9786.892
10066.28
10072.137
10064.711
10064.142
10068.337
10068.617
10064.086
10064.018
10066.264
10064.145
10064.901
10079.301
10065.912
10065.134
10064.986
10064.298
10068.302
10065.348
10065.552
10065.377
10066.237
10066.27
10063.993
10063.874
10063.372
10059.323
9359.249
10058.96
9573.701
9365.922
9554.726
9969.076
10058.969
9373.98
10065.558
10065.409
10064.23
10064.482
10064.868
10064.473
10069.864
10064.15
10065.702
10069.819
10063.943
10067.383
10064.266
10070.009
10072.601
10064.762
10063.881
10066.431
10069.592
10068.155
9848.374
9691.223
10063.628
9762.539
10063.144
10065.609
10070.666
10065.398
10064.905
9810.016
9926.151
10065.252
9388.491
10074.855
10064.44
10066.593
10064.444
10067.095
10065.927
10070.305
10083.002
10064.776
10064.99
10064.561
10064.671
10065.096
10067.371
10066.91
10065.253
10064.696
10064.365
10064.21
10067.368
10064.644
10066.319
10063.991
10064.644
10064.254
10070.79
10065.338
10064.964
10069.885
10064.598
10079.207
10064.538
10066.314
10063.841
10066.924
10066.782
10072.529
10067.482
10064.175
10067.079
10067.753
10074.966
10071.879
10064.745
10066.218
10064.884
10066.664
9876.893
10064.388
9796.235
9852.325
10072.923
10066.404
10064.178
10064.207
10064.66
10074.738
10065.083
10066.549
10065.824
10064.219
10065.548
10064.097
10064.193
10078.416
9171.945
10074.294
10065.705
10064.361
10082.005
10064.8125
10065.208
10063.385
9163.389
9418.125
9642.8125
9069.691
10064.351
10064.482
10067.167
10069.943
10064.924
10064.138
10064.596
10068.15
10064.004
10071.503
10064.516
10067.014
10064.533
10073.399
10070.409
10066.597
10068.243
10064.234
10065.546
10063.843
10069.627
10064.054
10064.312
10071.388
9678.703
9708.824
9711.354
10075.365
10060.094
10065.482
9135.995
8898.011
9392.151
10064.314
10063.844
9491.758
10074.537
10069.872
9631.881
9579.278
10063.371
9618.233
10064.901
10065.121
10069.049
10066.499
10066.562
10070.422
