10064.631
10063.576
10063.397
10063.503
10063.632
10063.678
10063.761
10063.907
10063.907
10063.935
10063.857
10063.86
10063.864
10063.845
10063.878
10063.908
10063.9795
10063.903
10063.945
10063.956
10063.899
10063.894
10063.969
10063.901
10063.93
10063.876
10063.825
10063.911
10063.934
10063.929
10063.885
10063.893
10063.838
10063.876
10063.912
10063.949
10063.928
10063.936
10063.868
10063.942
10063.917
10063.905
10063.958
10063.908
10063.835
10063.897
10063.865
10063.87
10063.868
10063.894
10063.859
10063.849
10063.8125
10063.903
10063.958
10063.928
10063.859
10063.878
10063.922
10063.892
10063.873
10063.869
10063.854
10063.866
10063.878
10063.834
10063.878
10063.926
10063.886
10063.862
10063.926
10063.899
10063.888
10063.8955
10063.858
10063.882
10063.886
10063.847
10063.889
10063.851
10063.866
10063.821
10063.823
10063.884
10063.878
10063.884
10063.839
10063.872
10063.861
10063.9
10063.889
10063.877
10063.95
10063.885
10063.842
10063.902
10063.896
10063.8955
10063.919
10063.904
10063.913
10063.841
10063.821
10063.867
10063.911
10063.876
10063.911
10063.878
10063.874
10063.887
10063.859
10063.865
10063.917
10063.816
10063.909
10063.848
10063.848
10063.914
10063.875
10063.904
10063.885
10063.882
10063.902
10063.87
10063.917
10063.882
10063.867
10063.882
10063.903
10063.909
10063.865
10063.896
10063.891
10063.893
10063.903
10063.853
10063.843
10063.845
10063.924
10063.913
10063.814
10063.855
10063.902
10063.943
10063.894
10063.904
10063.934
10063.879
10063.843
10063.833
10063.879
10063.847
10063.882
10063.909
10063.899
10063.863
10063.919
10063.814
10063.862
10063.915
10063.871
10063.842
10063.876
10063.911
10063.917
10063.879
10063.896
10063.841
10063.849
10063.877
10063.873
10063.926
10063.885
10063.854
10063.895
10063.89
10063.915
10063.9
10063.895
10063.896
10063.805
10063.905
10063.832
10063.899
10063.896
10063.841
10063.903
10063.88
10063.926
10063.875
10063.843
10063.886
10063.8545
10063.907
10063.899
10063.875
10063.87
10063.855
10063.867
10063.888
10063.88
10063.883
10063.84
10063.896
10063.914
10063.885
10063.906
10063.885
10063.85
10063.881
10063.921
10063.923
10063.86
10063.871
10063.881
10063.845
10063.872
10063.858
10063.887
10063.892
10063.89
10063.872
10063.92
10063.895
10063.88
10063.874
10063.932
10063.814
10063.94
10063.86
10063.8955
10063.8955
10063.907
10063.87
10063.888
10063.879
10063.884
10063.861
10063.858
10063.876
10063.862
10063.892
10063.862
10063.823
10063.888
10063.895
10063.89
10063.892
10063.902
10063.851
10063.874
10063.92
10063.884
10063.879
10063.863
10063.846
10063.932
10063.878
10063.881
10063.887
10063.859
10063.885
10063.932
10063.85
10063.84
10063.878
10063.86
10063.887
10063.894
10063.895
10063.855
10063.849
10063.858
10063.833
10063.841
10063.834
10063.846
10063.837
10063.865
10063.824
10063.893
10063.92
10063.921
10063.892
10063.879
10063.82
10063.861
10063.848
10063.847
10063.882
10063.877
10063.909
10063.825
10063.875
10063.924
10063.856
10063.888
10063.81
10063.912
10063.894
10063.898
10063.892
10063.81
10063.891
10063.875
10063.926
10063.88
10063.864
10063.92
10063.836
10063.91
10063.871
10063.905
10063.892
10063.916
10063.917
10063.885
10063.895
10063.842
10063.891
10063.894
10063.888
10063.877
10063.902
10063.867
10063.869
10063.91
10063.897
10063.893
10063.904
10063.85
10063.926
10063.964
10063.883
10063.863
10063.892
10063.846
10063.859
10063.892
10063.824
10063.91
10063.893
10063.885
10063.889
10063.839
10063.905
10063.884
10063.915
10063.904
10063.869
10063.874
10063.871
10063.879
10063.873
10063.889
10063.871
10063.876
10063.89
10063.865
10063.924
10063.865
10063.883
10063.876
10063.876
10063.836
10063.834
10063.879
10063.808
10063.844
10063.838
10063.879
10063.919
10063.894
10063.877
10063.865
10063.846
10063.899
10063.855
10063.914
10063.843
10063.853
10063.889
10063.847
10063.873
10063.889
10063.919
10063.846
10063.838
10063.831
10063.898
10063.911
10063.891
10063.904
10063.88
10063.896
10063.837
10063.876
10063.8545
10063.899
10063.863
10063.879
10063.879
10063.84
10063.883
10063.874
10063.854
10063.928
10063.907
10063.893
10063.891
10063.857
10063.855
10063.847
10063.886
10063.914
10063.826
10063.892
10063.909
10063.909
10063.925
10063.862
10063.907
10063.898
10063.931
10063.865
10063.865
10063.842
10063.914
10063.895
10063.902
10063.867
10063.832
10063.867
10063.887
10063.869
10063.898
10063.893
10063.891
10063.877
10063.886
10063.838
10063.866
10063.9375
10063.892
10063.857
10063.903
10063.823
10063.855
10063.895
10063.823
10063.826
10063.869
10063.878
10063.883
10063.912
10063.856
10063.828
10063.935
10063.881
10063.865
10063.89
10063.853
10063.821
10063.851
10063.863
10063.893
10063.8955
10063.912
10063.908
10063.868
10063.851
10063.869
10063.903
10063.873
10063.875
10063.88
10063.932
10063.887
10063.898
10063.917
10063.903
10063.9
10063.906
10063.902
10063.883
10063.852
10063.898
10063.889
10063.887
10063.897
10063.86
10063.93
10063.822
10063.86
10063.839
10063.879
10063.863
10063.852
10063.869
10063.879
10063.899
10063.86
10063.887
10063.896
10063.911
10063.925
10063.895
10063.842
10063.858
10063.878
10063.814
10063.87
10063.803
10063.848
10063.873
10063.887
10063.896
10063.891
10063.848
10063.832
10063.871
10063.869
10063.877
10063.893
10063.913
10063.882
10063.887
10063.875
10063.848
10063.886
10063.872
10063.917
10063.855
10063.86
10063.925
10063.912
10063.859
10063.858
10063.87
10063.913
10063.93
10063.87
10063.862
10063.898
10063.884
10063.906
10063.892
10063.879
10063.871
10063.837
10063.887
10063.852
10063.871
10063.863
10063.891
10063.872
10063.877
10063.88
10063.865
10063.865
10063.939
10063.8125
10063.865
10063.873
10063.864
10063.867
10063.857
10063.891
10063.849
10063.869
10063.911
10063.85
10063.841
10063.867
10063.922
10063.916
10063.856
10063.883
10063.883
10063.845
10063.924
10063.9
10063.898
10063.854
10063.901
10063.877
10063.888
10063.893
10063.848
10063.872
10063.866
10063.871
10063.908
10063.896
10063.872
10063.868
10063.838
10063.906
10063.833
10063.907
10063.909
10063.833
10063.87
10063.85
10063.89
10063.892
10063.814
10063.875
10063.836
10063.9
10063.861
10063.886
10063.857
10063.896
10063.835
10063.826
10063.923
10063.898
10063.921
10063.881
10063.851
10063.893
10063.844
10063.935
10063.859
10063.904
10063.848
10063.889
10063.875
10063.804
10063.896
10063.864
10063.864
10063.881
10063.905
10063.897
10063.796
10063.882
10063.856
10063.867
10063.909
10063.867
10063.86
10063.928
10063.862
10063.87
10063.869
10063.899
10063.874
10063.911
10063.855
10063.888
10063.9
10063.899
10063.852
10063.889
10063.859
10063.872
10063.944
10063.877
10063.908
10063.858
10063.883
10063.86
10063.855
10063.819
10063.83
10063.871
10063.851
10063.884
10063.862
10063.909
10063.909
10063.8955
10063.883
10063.921
10063.9
10063.885
10063.828
10063.881
10063.8955
10063.837
10063.889
10063.887
10063.891
10063.914
10063.906
10063.906
10063.867
10063.877
10063.84
10063.915
10063.91
10063.875
10063.854
10063.863
10063.91
10063.9
10063.891
10063.878
10063.875
10063.81
10063.88
10063.832
10063.873
10063.939
10063.885
10063.912
10063.923
10063.828
10063.873
10063.837
10063.918
10063.878
10063.86
10063.866
10063.868
10063.873
10063.913
10063.8955
10063.893
10063.855
10063.854
10063.831
10063.886
10063.837
10063.867
10063.86
10063.876
10063.886
10063.864
10063.878
10063.89
10063.862
10063.854
10063.843
10063.8955
10063.862
10063.876
10063.875
10063.881
10063.936
10063.856
10063.875
10063.861
10063.883
10063.878
10063.851
10063.896
10063.896
10063.865
10063.811
10063.847
10063.914
10063.845
10063.895
10063.89
10063.894
10063.868
10063.9
10063.83
10063.872
10063.848
10063.869
10063.866
10063.903
10063.841
10063.887
10063.872
10063.867
10063.855
10063.887
10063.928
10063.865
10063.892
10063.876
10063.827
10063.858
10063.862
10063.887
10063.8545
10063.871
10063.829
10063.853
10063.842
10063.852
10063.885
10063.939
10063.902
10063.884
10063.834
10063.867
10063.922
10063.861
10063.838
10063.846
10063.878
10063.845
10063.906
10063.891
10063.89
10063.881
10063.784
10063.889
10063.83
10063.82
10063.869
10063.872
10063.89
10063.8545
10063.913
10063.933
10063.859
10063.88
10063.863
10063.832
10063.913
10063.879
10063.896
10063.89
10063.898
10063.856
10063.877
10063.848
10063.927
10063.897
10063.826
10063.85
10063.848
10063.895
10063.837
10063.874
10063.896
10063.871
10063.907
10063.863
10063.912
10063.895
10063.863
10063.887
10063.905
10063.875
10063.9
10063.854
10063.878
10063.849
10063.895
10063.881
10063.903
10063.88
10063.854
10063.88
10063.862
10063.892
10063.915
10063.923
10063.907
10063.899
10063.85
10063.903
10063.933
10063.828
10063.881
10063.895
10063.897
10063.864
10063.858
10063.845
10063.899
10063.857
10063.894
10063.864
10063.867
10063.837
10063.879
10063.9
10063.859
10063.852
10063.886
10063.814
10063.866
10063.873
10063.905
10063.853
10063.918
10063.876
10063.876
10063.885
10063.811
10063.874
10063.903
10063.8545
10063.868
10063.821
10063.832
10063.92
10063.8955
10063.871
10063.852
10063.816
10063.904
10063.866
10063.852
10063.849
10063.836
10063.879
10063.904
10063.864
10063.858
10063.867
10063.92
10063.845
10063.88
10063.906
10063.888
10063.925
10063.874
10063.903
10063.835
10063.895
10063.875
10063.849
10063.84
10063.869
10063.951
10063.845
10063.861
10063.866
10063.833
10063.814
10063.862
10063.892
10063.853
10063.841
10063.811
10063.887
10063.935
10063.867
10063.945
10063.857
10063.896
10063.914
10063.842
10063.88
10063.8955
10063.922
10063.858
10063.933
10063.877
10063.843
10063.891
10063.815
10063.922
10063.815
10063.854
10063.863
10063.894
10063.894
10063.836
10063.896
10063.822
10063.89
10063.853
10063.93
10063.858
10063.876
10063.868
10063.842
10063.89
10063.8545
10063.885
10063.853
10063.873
10063.869
10063.879
10063.893
10063.922
10063.912
10063.867
10063.868
10063.857
10063.827
10063.867
10063.896
10063.846
10063.876
10063.889
10063.8955
10063.891
10063.896
10063.887
10063.889
10063.891
10063.967
10063.895
10063.867
10063.897
10063.902
10063.928
10063.861
10063.899
10063.896
10063.898
10063.921
10063.867
10063.869
10063.898
10063.909
10063.914
10063.836
10063.872
10063.9
10063.863
10063.876
10063.904
10063.893
10063.812
10063.868
10063.872
10063.903
10063.823
10063.865
10063.923
10063.831
10063.845
10063.864
10063.897
10063.923
10063.901
10063.899
10063.902
10063.916
10063.824
10063.877
10063.863
10063.885
10063.889
10063.892
10063.86
10063.849
10063.849
10063.899
10063.831
10063.885
10063.794
10063.854
10063.887
10063.9
10063.868
10063.848
10063.882
10063.86
10063.839
10063.817
10063.86
10063.874
10063.816
10063.886
10063.894
10063.872
10063.88
10063.834
10063.912
10063.865
10063.848
10063.9
10063.871
10063.869
10063.862
10063.862
10063.899
10063.841
10063.905
10063.876
10063.87
10063.893
10063.8955
10063.884
10063.891
10063.845
10063.875
10063.841
10063.916
10063.824
10063.906
10063.885
10063.837
10063.871
10063.9
10063.877
10063.857
10063.906
10063.8125
10063.864
10063.8955
10063.853
10063.86
10063.918
10063.897
10063.848
10063.891
10063.867
10063.876
10063.881
10063.886
10063.856
10063.902
10063.904
10063.864
10063.8955
10063.852
10063.893
10063.892
10063.898
10063.813
10063.894
10063.865
10063.884
10063.845
10063.839
10063.859
10063.868
10063.839
10063.85
10063.845
10063.833
10063.905
10063.866
10063.923
10063.897
10063.857
10063.877
10063.886
10063.874
10063.876
10063.897
10063.905
10063.924
10063.862
10063.841
10063.875
10063.898
10063.951
10063.847
10063.87
10063.871
10063.8545
10063.879
10063.872
10063.884
10063.833
10063.919
10063.94
10063.866
10063.878
10063.89
10063.942
10063.896
10063.837
10063.829
10063.868
10063.867
10063.864
10063.877
10063.923
10063.929
10063.842
10063.905
10063.843
10063.918
10063.912
10063.817
10063.858
10063.849
10063.886
10063.884
10063.895
10063.867
10063.878
10063.895
10063.907
10063.838
10063.846
10063.828
10063.873
10063.907
10063.897
10063.854
10063.932
10063.868
10063.886
10063.909
10063.866
10063.857
10063.859
10063.84
10063.792
10063.814
10063.857
10063.884
10063.874
10063.893
10063.851
10063.805
10063.9
10063.871
10063.847
10063.845
10063.915
10063.894
10063.863
10063.932
10063.907
10063.824
10063.876
10063.883
10063.869
10063.87
10063.844
10063.855
10063.812
10063.884
10063.835
10063.825
10063.872
10063.864
10063.856
10063.899
10063.841
10063.905
10063.888
10063.845
10063.848
10063.862
10063.85
10063.907
10063.897
10063.843
10063.8955
10063.851
10063.903
10063.815
10063.911
10063.88
10063.881
10063.815
10063.8545
10063.871
10063.873
10063.89
10063.846
10063.86
10063.897
10063.854
10063.878
10063.843
10063.849
10063.854
10063.853
10063.873
10063.875
10063.892
10063.903
10063.856
10063.897
10063.86
10063.836
10063.844
10063.929
10063.892
10063.884
10063.858
10063.86
10063.862
10063.89
10063.844
10063.846
10063.888
10063.891
10063.927
10063.8545
10063.856
10063.854
10063.851
10063.858
10063.88
10063.846
10063.87
10063.902
10063.903
10063.905
10063.884
10063.876
10063.953
10063.853
10063.92
10063.88
10063.8545
10063.885
10063.869
10063.876
10063.824
10063.831
10063.869
10063.849
10063.901
10063.918
10063.879
10063.816
10063.89
10063.906
10063.881
10063.881
10063.908
10063.889
10063.877
10063.918
10063.852
10063.892
10063.865
10063.865
10063.87
10063.895
10063.892
10063.898
10063.828
10063.899
10063.88
10063.918
10063.878
10063.838
10063.823
10063.917
10063.835
10063.866
10063.863
10063.85
10063.877
10063.855
10063.874
10063.926
10063.86
10063.894
10063.827
10063.874
10063.879
10063.851
10063.908
10063.861
10063.859
10063.868
10063.899
10063.859
10063.916
10063.8545
10063.8545
10063.878
10063.866
10063.85
10063.877
10063.845
10063.891
10063.881
10063.848
10063.941
10063.879
10063.853
10063.819
10063.846
10063.889
10063.871
10063.832
10063.921
10063.891
10063.922
10063.869
10063.848
10063.906
10063.835
10063.921
10063.897
10063.895
10063.899
10063.882
10063.893
10063.878
10063.872
10063.835
10063.913
10063.893
10063.857
10063.91
10063.927
10063.923
10063.864
10063.895
10063.881
10063.84
10063.845
10063.868
10063.871
10063.841
10063.903
10063.873
10063.879
10063.835
10063.83
10063.84
10063.898
10063.939
10063.875
10063.886
10063.883
10063.859
10063.9
10063.858
10063.86
10063.891
10063.908
10063.891
10063.889
10063.871
10063.8545
10063.848
10063.8125
10063.894
10063.844
10063.844
10063.86
10063.887
10063.881
10063.866
10063.898
10063.892
10063.91
10063.835
10063.849
10063.905
10063.896
10063.867
10063.867
10063.882
10063.897
10063.843
10063.88
10063.868
10063.886
10063.89
10063.825
10063.864
10063.895
10063.905
10063.847
10063.855
10063.9
10063.915
10063.821
10063.861
10063.844
10063.904
10063.911
10063.862
10063.907
10063.88
10063.86
10063.882
10063.821
10063.849
10063.815
10063.815
10063.88
10063.829
10063.884
10063.918
10063.884
10063.82
10063.862
10063.887
10063.847
10063.861
10063.884
10063.909
10063.877
10063.856
10063.853
10063.905
10063.918
10063.859
10063.931
10063.849
10063.904
10063.858
10063.846
10063.841
10063.8955
10063.903
10063.815
10063.86
10063.852
10063.86
10063.892
10063.831
10063.882
10063.868
10063.908
10063.871
10063.797
10063.871
10063.891
10063.851
10063.896
10063.867
10063.895
10063.86
10063.877
10063.831
10063.846
10063.845
10063.857
10063.885
10063.851
10063.885
10063.885
10063.859
10063.859
10063.916
10063.919
10063.847
10063.859
10063.871
10063.851
10063.902
10063.911
10063.874
10063.907
10063.838
10063.933
10063.915
10063.836
10063.866
10063.857
10063.863
10063.867
10063.843
10063.814
10063.895
10063.912
10063.893
10063.835
10063.865
10063.868
10063.905
10063.907
10063.884
10063.895
10063.886
10063.857
10063.892
10063.855
10063.87
10063.863
10063.83
10063.896
10063.805
10063.836
10063.909
10063.887
10063.873
10063.889
10063.827
10063.908
10063.876
10063.884
10063.884
10063.899
10063.833
10063.872
10063.894
10063.817
10063.884
10063.827
10063.858
10063.829
10063.856
10063.878
10063.917
10063.864
10063.866
10063.897
10063.853
10063.862
10063.825
10063.864
10063.908
10063.888
10063.882
10063.863
10063.89
10063.824
10063.906
10063.864
10063.879
10063.884
10063.883
10063.892
10063.902
10063.842
10063.907
10063.849
10063.889
10063.911
10063.865
10063.849
10063.851
10063.8955
10063.901
10063.882
10063.904
10063.903
10063.922
10063.841
10063.852
10063.827
10063.864
10063.858
10063.921
10063.883
10063.901
10063.886
10063.847
10063.857
10063.849
10063.872
10063.875
10063.892
10063.884
10063.88
10063.8545
10063.88
10063.901
10063.9375
10063.876
10063.858
10063.876
10063.894
10063.878
10063.872
10063.8545
10063.869
10063.894
10063.866
10063.903
10063.8955
10063.85
10063.887
10063.88
10063.882
10063.864
10063.813
10063.853
10063.855
10063.866
10063.856
10063.897
10063.917
10063.894
10063.864
10063.874
10063.887
10063.914
10063.875
10063.878
10063.87
10063.816
10063.906
10063.871
10063.888
10063.892
10063.871
10063.907
10063.847
10063.875
10063.872
10063.895
10063.785
10063.877
10063.907
10063.901
10063.907
10063.896
10063.877
10063.896
10063.879
10063.879
10063.891
10063.861
10063.883
10063.857
10063.894
10063.866
10063.873
10063.876
10063.851
10063.838
10063.885
10063.886
10063.89
10063.894
10063.839
10063.912
10063.888
10063.874
10063.902
10063.81
10063.854
10063.916
10063.816
10063.827
10063.874
10063.83
10063.851
10063.917
10063.884
10063.868
10063.876
10063.881
10063.906
10063.853
10063.853
10063.902
10063.874
10063.889
10063.819
10063.822
10063.858
10063.792
10063.912
10063.855
10063.876
10063.907
10063.884
10063.931
10063.879
10063.8955
10063.872
10063.88
10063.875
10063.913
10063.89
10063.87
10063.893
10063.878
10063.839
10063.818
10063.85
10063.872
10063.887
10063.836
10063.926
10063.857
10063.888
10063.873
10063.933
10063.88
10063.813
10063.871
10063.884
10063.891
10063.831
10063.861
10063.871
10063.881
10063.869
10063.869
10063.853
10063.92
10063.864
10063.842
10063.851
10063.885
10063.887
10063.861
10063.877
10063.873
10063.85
10063.884
10063.877
10063.869
10063.867
10063.923
10063.826
10063.867
10063.865
10063.865
10063.844
10063.913
10063.914
10063.907
10063.848
10063.912
10063.872
10063.835
10063.858
10063.875
10063.841
10063.889
10063.916
10063.882
10063.882
10063.916
10063.97
10063.898
10063.842
10063.882
10063.866
10063.86
10063.851
10063.861
10063.86
10063.944
10063.902
10063.934
10063.837
10063.821
10063.88
10063.873
10063.912
10063.866
10063.893
10063.919
10063.862
10063.922
10063.911
10063.918
10063.815
10063.896
10063.916
10063.884
10063.883
10063.848
10063.88
10063.881
10063.931
10063.889
10063.884
10063.858
10063.876
10063.897
10063.882
10063.866
10063.934
10063.892
10063.874
10063.919
10063.871
10063.917
10063.912
10063.868
10063.885
10063.846
10063.924
10063.96
10063.891
10063.85
10063.878
10063.873
10063.853
10063.88
10063.9
10063.86
10063.827
10063.86
10063.864
10063.879
10063.915
10063.889
10063.882
10063.924
10063.795
10063.877
10063.879
10063.891
10063.819
10063.913
10063.889
10063.82
10063.842
10063.877
10063.855
10063.864
10063.881
10063.885
10063.884
10063.837
10063.851
10063.891
10063.895
10063.877
10063.919
10063.854
10063.883
10063.895
10063.892
10063.938
10063.87
10063.856
10063.907
10063.908
10063.851
10063.851
10063.914
10063.884
10063.862
10063.868
10063.912
10063.865
10063.863
10063.85
10063.916
10063.911
10063.859
10063.867
10063.895
10063.909
10063.889
10063.878
10063.896
10063.926
10063.857
10063.881
10063.898
10063.852
10063.924
10063.907
10063.85
10063.887
10063.878
10063.869
10063.898
10063.866
10063.848
10063.836
10063.906
10063.908
10063.878
10063.825
10063.864
10063.911
10063.85
10063.904
10063.848
10063.814
10063.903
10063.87
10063.844
10063.8545
10063.929
10063.868
10063.9375
10063.863
10063.837
10063.913
10063.895
10063.815
10063.933
10063.832
10063.883
10063.881
10063.898
10063.856
10063.882
10063.896
10063.875
10063.89
10063.832
10063.836
10063.821
10063.892
10063.842
10063.907
10063.831
10063.8545
10063.8545
10063.815
10063.868
10063.873
10063.9
10063.84
10063.931
10063.857
10063.888
10063.896
10063.852
10063.914
10063.855
10063.885
10063.865
10063.916
10063.894
10063.893
10063.95
10063.891
10063.824
10063.841
10063.891
10063.901
10063.93
10063.833
10063.851
10063.878
10063.825
10063.87
10063.865
10063.852
10063.852
10063.866
10063.874
10063.894
10063.862
10063.847
10063.832
10063.845
10063.897
10063.88
10063.85
10063.894
10063.898
10063.9
10063.876
10063.865
10063.858
10063.938
10063.869
10063.886
10063.86
10063.922
10063.884
10063.81
10063.827
10063.883
10063.881
10063.931
10063.823
10063.877
10063.892
10063.902
10063.9
10063.9
10063.836
10063.881
10063.873
10063.841
10063.83
10063.834
10063.86
10063.848
10063.916
10063.928
10063.912
10063.914
10063.903
10063.885
10063.876
10063.832
10063.891
10063.889
10063.928
10063.863
10063.902
10063.887
10063.897
10063.856
10063.869
10063.857
10063.844
10063.867
10063.854
10063.865
10063.877
10063.9
10063.869
10063.918
10063.917
10063.848
10063.896
10063.845
10063.803
10063.902
10063.885
10063.878
10063.817
10063.872
10063.829
10063.848
10063.883
10063.829
10063.87
10063.872
10063.904
10063.957
10063.924
10063.857
10063.886
10063.902
10063.839
10063.886
10063.832
10063.884
10063.8545
10063.882
10063.847
10063.8955
10063.878
10063.893
10063.866
10063.847
10063.881
10063.876
10063.841
10063.869
10063.89
10063.912
10063.93
10063.881
10063.898
10063.884
10063.877
10063.897
10063.84
10063.877
10063.885
10063.905
10063.87
10063.862
10063.869
10063.828
10063.877
10063.832
10063.844
10063.877
10063.8545
10063.887
10063.871
10063.857
10063.889
10063.859
10063.857
10063.807
10063.908
10063.848
10063.873
10063.893
10063.873
10063.822
10063.878
10063.843
10063.918
10063.821
10063.8545
10063.833
10063.853
10063.83
10063.8955
10063.905
10063.915
10063.844
10063.845
10063.963
10063.86
10063.87
10063.885
10063.865
10063.886
10063.829
10063.868
10063.878
10063.894
10063.876
10063.857
10063.853
10063.833
10063.856
10063.921
10063.862
10063.87
10063.89
10063.88
10063.85
10063.87
10063.925
10063.872
10063.882
10063.865
10063.852
10063.863
10063.829
10063.842
10063.923
10063.91
10063.883
10063.89
10063.9
10063.871
10063.89
10063.931
10063.861
10063.881
10063.871
10063.871
10063.897
10063.832
10063.859
10063.842
10063.893
10063.863
10063.838
10063.883
10063.833
10063.852
10063.89
10063.877
10063.856
10063.88
10063.845
10063.911
10063.917
10063.847
10063.886
10063.86
10063.863
10063.86
10063.871
10063.907
10063.915
10063.877
10063.8545
10063.867
10063.828
10063.875
10063.919
10063.85
10063.91
10063.852
10063.8955
10063.879
10063.893
10063.894
10063.871
10063.891
10063.857
10063.862
10063.902
10063.889
10063.892
10063.877
10063.8545
10063.884
10063.848
10063.902
10063.906
10063.879
10063.841
10063.84
10063.852
10063.852
10063.885
10063.822
10063.86
10063.846
10063.875
10063.857
10063.881
10063.83
10063.881
10063.88
10063.854
10063.903
10063.805
10063.901
10063.897
10063.882
10063.922
10063.905
10063.822
10063.864
10063.883
10063.923
10063.847
10063.897
10063.854
10063.831
10063.82
10063.903
10063.884
10063.942
10063.894
10063.885
10063.905
10063.854
10063.889
10063.945
10063.811
10063.85
10063.852
10063.863
10063.868
10063.875
10063.914
10063.842
10063.834
10063.877
10063.807
10063.877
10063.818
10063.949
10063.855
10063.85
10063.811
10063.877
10063.892
10063.875
10063.9375
10063.857
10063.924
10063.922
10063.804
10063.841
10063.8545
10063.841
10063.883
10063.875
10063.873
10063.943
10063.833
10063.848
10063.875
10063.898
10063.873
10063.854
10063.917
10063.888
10063.912
10063.85
10063.877
10063.867
10063.826
10063.869
10063.888
10063.905
10063.8545
10063.837
10063.889
10063.898
10063.882
10063.827
10063.882
10063.873
10063.884
10063.862
10063.863
10063.879
10063.877
10063.847
10063.921
10063.857
10063.842
10063.85
10063.855
10063.91
10063.879
10063.895
10063.892
10063.917
10063.93
10063.88
10063.883
10063.851
10063.882
10063.907
10063.93
10063.849
10063.944
10063.868
10063.837
10063.823
10063.817
10063.886
10063.853
10063.862
10063.823
10063.884
10063.86
10063.8955
10063.849
10063.863
10063.853
10063.87
10063.862
10063.885
10063.8955
10063.887
10063.875
10063.867
10063.861
10063.888
10063.858
10063.841
10063.859
10063.826
10063.886
10063.905
10063.853
10063.856
10063.829
10063.884
10063.911
10063.859
10063.867
10063.833
10063.858
10063.88
10063.868
10063.8125
10063.923
10063.852
10063.839
10063.901
10063.896
10063.87
10063.845
10063.849
10063.827
10063.862
10063.859
10063.858
10063.841
10063.896
10063.849
10063.926
10063.872
10063.929
10063.821
10063.869
10063.83
10063.822
10063.846
10063.867
10063.904
10063.808
10063.92
10063.846
10063.888
10063.899
10063.896
10063.908
10063.834
10063.836
10063.879
10063.889
10063.908
10063.92
10063.899
10063.825
10063.8545
10063.867
10063.899
10063.84
10063.87
10063.867
10063.824
10063.841
10063.865
10063.835
10063.892
10063.847
10063.86
10063.911
10063.909
10063.891
10063.869
10063.893
10063.846
10063.875
10063.85
10063.887
10063.876
10063.872
10063.845
10063.835
10063.826
10063.886
10063.888
10063.849
10063.844
10063.844
10063.898
10063.936
10063.911
10063.849
10063.85
10063.887
10063.85
10063.842
10063.857
10063.914
10063.865
10063.914
10063.854
10063.889
10063.877
10063.837
10063.874
10063.893
10063.849
10063.859
10063.851
10063.856
10063.885
10063.877
10063.853
10063.8955
10063.899
10063.815
10063.817
10063.923
10063.845
10063.804
10063.872
10063.901
10063.858
10063.925
10063.858
10063.831
10063.841
10063.853
10063.872
10063.874
10063.823
10063.895
10063.819
10063.888
10063.89
10063.855
10063.874
10063.877
10063.856
10063.862
10063.865
10063.876
10063.84
10063.85
10063.919
10063.891
10063.855
10063.923
10063.898
10063.858
10063.921
10063.886
10063.874
10063.84
10063.885
10063.888
10063.8545
10063.918
10063.83
10063.878
10063.909
10063.823
10063.866
10063.821
10063.858
10063.833
10063.84
10063.893
10063.868
10063.862
10063.836
10063.879
10063.893
10063.878
10063.807
10063.877
10063.829
10063.871
10063.911
10063.845
10063.859
10063.845
10063.856
10063.878
10063.851
10063.929
10063.87
10063.874
10063.799
10063.896
10063.865
10063.848
10063.852
10063.9
10063.882
10063.896
10063.827
10063.922
10063.862
10063.861
10063.914
10063.947
10063.888
10063.91
10063.857
10063.887
10063.915
10063.85
10063.853
10063.874
10063.863
10063.837
10063.851
10063.865
10063.897
10063.874
10063.885
10063.886
10063.914
10063.865
10063.853
10063.871
10063.902
10063.873
10063.873
10063.912
10063.869
10063.844
10063.887
10063.934
10063.911
10063.897
10063.848
10063.879
10063.879
10063.909
10063.851
10063.851
10063.903
10063.875
10063.874
10063.878
10063.86
10063.872
10063.813
10063.898
10063.831
10063.843
10063.83
10063.94
10063.907
10063.911
10063.8125
10063.8955
10063.873
10063.822
10063.896
10063.913
10063.898
10063.88
10063.887
10063.929
10063.872
10063.89
10063.893
10063.835
10063.874
10063.962
10063.916
10063.866
10063.873
10063.827
10063.893
10063.891
10063.893
10063.91
10063.859
10063.829
10063.896
10063.828
10063.86
10063.842
10063.877
10063.836
10063.845
10063.901
10063.895
10063.882
10063.861
10063.861
10063.85
10063.846
10063.914
10063.879
10063.877
10063.879
10063.855
10063.851
10063.882
10063.8545
10063.885
10063.879
10063.865
10063.834
10063.881
10063.848
10063.825
10063.892
10063.938
10063.851
10063.918
10063.937
10063.857
10063.879
10063.822
10063.851
10063.902
10063.857
10063.822
10063.914
10063.899
10063.876
10063.84
10063.916
10063.889
10063.891
10063.865
10063.885
10063.888
10063.862
10063.863
10063.888
10063.859
10063.936
10063.873
10063.895
10063.847
10063.929
10063.917
10063.861
10063.916
10063.84
10063.902
10063.924
10063.857
10063.886
10063.895
10063.88
10063.89
10063.828
10063.852
10063.872
10063.871
10063.861
10063.852
10063.901
10063.86
10063.894
10063.849
10063.843
10063.851
10063.914
10063.902
10063.837
10063.899
10063.915
10063.897
10063.872
10063.895
10063.868
10063.874
10063.91
10063.932
10063.867
10063.878
10063.897
10063.884
10063.901
10063.836
10063.857
10063.859
10063.882
10063.929
10063.929
10063.888
10063.839
10063.92
10063.872
10063.841
10063.899
10063.91
10063.8545
10063.856
10063.89
10063.907
10063.864
10063.883
10063.866
10063.888
10063.905
10063.907
10063.904
10063.851
10063.86
10063.8545
10063.871
10063.865
10063.897
10063.891
10063.9
10063.931
10063.88
10063.835
10063.888
10063.91
10063.866
10063.849
10063.888
10063.835
10063.865
10063.904
10063.908
10063.907
10063.913
10063.863
10063.878
10063.891
10063.928
10063.87
10063.861
10063.897
10063.823
10063.898
10063.853
10063.884
10063.888
10063.85
10063.864
10063.898
10063.865
10063.817
10063.898
10063.906
10063.903
10063.898
10063.89
10063.882
10063.884
10063.913
10063.874
10063.883
10063.886
10063.852
10063.881
10063.883
10063.922
10063.875
10063.864
10063.867
10063.921
10063.883
10063.826
10063.844
10063.861
10063.825
10063.88
10063.855
10063.906
10063.886
10063.84
10063.887
10063.809
10063.854
10063.857
10063.896
10063.859
10063.897
10063.926
10063.824
10063.902
10063.838
10063.816
10063.871
10063.846
10063.8545
10063.882
10063.9375
10063.856
10063.874
10063.868
10063.84
10063.866
10063.901
10063.856
10063.882
10063.839
10063.917
10063.871
10063.895
10063.921
10063.866
10063.849
10063.874
10063.919
10063.889
10063.897
10063.836
10063.883
10063.861
10063.932
10063.869
10063.855
10063.818
10063.878
10063.874
10063.865
10063.828
10063.877
10063.858
10063.852
10063.906
10063.857
10063.888
10063.862
10063.883
10063.895
10063.841
10063.864
10063.878
10063.86
10063.919
10063.867
10063.796
10063.858
10063.877
10063.848
10063.839
10063.945
10063.891
10063.897
10063.894
10063.862
10063.915
10063.882
10063.874
10063.847
10063.87
10063.872
10063.838
10063.883
10063.822
10063.856
10063.854
10063.805
10063.945
10063.896
10063.929
10063.889
10063.866
10063.835
10063.887
10063.861
10063.876
10063.91
10063.824
10063.826
10063.82
10063.908
10063.855
10063.898
10063.851
10063.862
10063.865
10063.873
10063.875
10063.891
10063.856
10063.871
10063.828
10063.844
10063.861
10063.918
10063.909
10063.875
10063.875
10063.887
10063.93
10063.886
10063.869
10063.859
10063.889
10063.844
10063.886
10063.906
10063.877
10063.864
10063.913
10063.855
10063.857
10063.882
10063.913
10063.867
10063.85
10063.875
10063.889
10063.866
10063.902
10063.917
10063.87
10063.914
10063.856
10063.888
10063.918
10063.853
10063.859
10063.814
10063.923
10063.863
10063.887
10063.865
10063.827
10063.884
10063.857
10063.868
10063.895
10063.825
10063.886
10063.868
10063.903
10063.888
10063.857
10063.924
10063.943
10063.829
10063.903
10063.843
10063.91
10063.864
10063.84
10063.88
10063.883
10063.853
10063.883
10063.884
10063.933
10063.913
10063.862
10063.887
10063.87
10063.885
10063.893
10063.894
10063.896
10063.843
10063.924
10063.842
10063.916
10063.896
10063.853
10063.876
10063.852
10063.864
10063.832
10063.87
10063.871
10063.811
10063.918
10063.848
10063.918
10063.841
10063.891
10063.883
10063.84
10063.863
10063.85
10063.869
10063.856
10063.843
10063.877
10063.837
10063.93
10063.857
10063.842
10063.917
10063.849
10063.854
10063.932
10063.896
10063.935
10063.871
10063.867
10063.895
10063.833
10063.885
10063.82
10063.859
10063.906
10063.888
10063.943
10063.927
10063.882
10063.889
10063.869
10063.926
10063.839
10063.884
10063.909
10063.899
10063.893
10063.894
10063.895
10063.829
10063.879
10063.885
10063.879
10063.904
10063.826
10063.924
10063.904
10063.875
10063.8545
10063.859
10063.865
10063.792
10063.861
10063.867
10063.88
10063.932
10063.866
10063.894
10063.878
10063.889
10063.818
10063.916
10063.896
10063.889
10063.868
10063.836
10063.826
10063.838
10063.897
10063.876
10063.88
10063.883
10063.82
10063.881
10063.842
10063.847
10063.851
10063.903
10063.856
10063.83
10063.856
10063.839
10063.9375
10063.854
10063.89
10063.913
10063.861
10063.838
10063.824
10063.902
10063.82
10063.872
10063.868
10063.867
10063.883
10063.88
10063.889
10063.853
10063.91
10063.886
10063.859
10063.863
10063.916
10063.869
10063.811
10063.9
10063.839
10063.855
10063.852
10063.885
10063.845
10063.878
10063.872
10063.898
10063.823
10063.868
10063.849
10063.871
10063.823
10063.845
10063.91
10063.868
10063.9
10063.847
10063.868
10063.837
10063.815
10063.917
10063.819
10063.856
10063.847
10063.805
10063.878
10063.833
10063.8545
10063.898
10063.864
10063.819
10063.89
10063.891
10063.855
10063.885
10063.891
10063.899
10063.882
10063.87
10063.834
10063.879
10063.8955
10063.846
10063.861
10063.845
10063.874
10063.882
10063.925
10063.898
10063.902
10063.883
10063.855
10063.912
10063.834
10063.85
10063.807
10063.917
10063.849
10063.884
10063.873
10063.916
10063.878
10063.857
10063.879
10063.893
10063.85
10063.919
10063.865
10063.916
10063.846
10063.871
10063.892
10063.92
10063.901
10063.871
10063.839
10063.886
10063.902
10063.843
10063.861
10063.919
10063.921
10063.893
10063.94
10063.918
10063.852
10063.875
10063.898
10063.863
10063.874
10063.838
10063.874
10063.878
10063.831
10063.831
10063.862
10063.907
10063.876
10063.864
10063.94
10063.817
10063.887
10063.908
10063.899
10063.894
10063.92
10063.859
10063.887
10063.878
10063.891
10063.87
10063.845
10063.86
10063.855
10063.857
10063.868
10063.894
10063.881
10063.832
10063.876
10063.863
10063.838
10063.8545
10063.85
10063.914
10063.951
10063.848
10063.838
10063.852
10063.86
10063.904
10063.861
10063.871
10063.875
10063.851
10063.842
10063.889
10063.84
10063.885
10063.865
10063.896
10063.918
10063.799
10063.879
10063.867
10063.88
10063.847
10063.855
10063.863
10063.861
10063.875
10063.872
10063.873
10063.904
10063.87
10063.825
10063.879
10063.888
10063.884
10063.863
10063.878
10063.912
10063.86
10063.889
10063.839
10063.882
10063.882
10063.843
10063.909
10063.844
10063.919
10063.85
10063.815
10063.839
10063.871
10063.931
10063.863
10063.819
10063.875
10063.866
10063.861
10063.832
10063.915
10063.886
10063.873
10063.829
10063.905
10063.868
10063.845
10063.8955
10063.886
10063.826
10063.888
10063.894
10063.872
10063.904
10063.843
10063.875
10063.899
10063.867
10063.894
10063.874
10063.907
10063.869
10063.851
10063.864
10063.897
10063.868
10063.854
10063.887
10063.8955
10063.838
10063.857
10063.888
10063.888
10063.895
10063.814
10063.85
10063.912
10063.879
10063.904
10063.9
10063.881
10063.857
10063.875
10063.844
10063.883
10063.902
10063.884
10063.885
10063.85
10063.85
10063.904
10063.917
10063.886
10063.855
10063.877
10063.81
10063.878
10063.834
10063.808
10063.902
10063.85
10063.862
10063.907
10063.88
10063.924
10063.832
10063.826
10063.872
10063.885
10063.886
10063.81
10063.939
10063.879
10063.867
10063.848
10063.858
10063.889
10063.865
10063.893
10063.88
10063.894
10063.882
10063.882
10063.878
10063.924
10063.907
10063.919
10063.868
10063.864
10063.899
10063.883
10063.851
10063.87
10063.876
10063.926
10063.847
10063.941
10063.866
10063.789
10063.872
10063.893
10063.903
10063.871
10063.892
10063.878
10063.871
10063.904
10063.918
10063.884
10063.867
10063.927
10063.891
10063.895
10063.849
10063.832
10063.833
10063.831
10063.829
10063.839
10063.854
10063.882
10063.889
10063.849
10063.876
10063.942
10063.858
10063.923
10063.855
10063.864
10063.843
10063.868
10063.891
10063.855
10063.877
10063.8955
10063.857
10063.858
10063.911
10063.846
10063.876
10063.866
10063.909
10063.792
10063.854
10063.899
10063.854
10063.844
10063.902
10063.878
10063.874
10063.8545
10063.8955
10063.875
10063.902
10063.901
10063.849
10063.901
10063.871
10063.836
10063.833
10063.8955
10063.816
10063.933
10063.867
10063.8545
10063.818
10063.85
10063.886
10063.865
10063.834
10063.8125
10063.865
10063.903
10063.88
10063.857
10063.882
10063.911
10063.882
10063.866
10063.892
10063.889
10063.914
10063.872
10063.86
10063.855
10063.913
10063.865
10063.87
10063.819
10063.871
10063.843
10063.873
10063.854
10063.867
10063.866
10063.838
10063.891
10063.84
10063.832
10063.86
10063.924
10063.841
10063.862
10063.893
10063.922
10063.905
10063.891
10063.789
10063.907
10063.879
10063.877
10063.932
10063.927
10063.865
10063.838
10063.887
10063.879
10063.92
10063.871
10063.91
10063.888
10063.898
10063.805
10063.831
10063.817
10063.826
10063.856
10063.845
10063.919
10063.881
10063.837
10063.837
10063.862
10063.842
10063.876
10063.923
10063.891
10063.856
10063.932
10063.874
10063.889
10063.884
10063.904
10063.853
10063.884
10063.9
10063.8955
10063.908
10063.876
10063.861
10063.831
10063.855
10063.88
10063.847
10063.887
10063.895
10063.887
10063.899
10063.939
10063.864
10063.929
10063.904
10063.855
10063.897
10063.898
10063.861
10063.863
10063.888
10063.901
10063.873
10063.885
10063.912
10063.869
10063.958
10063.864
10063.847
10063.915
10063.833
10063.859
10063.876
10063.92
10063.925
10063.872
10063.907
10063.933
10063.853
10063.915
10063.885
10063.926
10063.915
10063.909
10063.906
10063.9
10063.852
10063.884
10063.836
10063.929
10063.837
10063.865
10063.831
10063.848
10063.849
10063.861
10063.826
10063.888
10063.87
10063.88
10063.918
10063.845
10063.85
10063.817
10063.893
10063.826
10063.833
10063.902
10063.886
10063.873
10063.861
10063.817
10063.901
10063.871
10063.881
10063.826
10063.892
10063.934
10063.855
10063.919
10063.854
10063.869
10063.897
10063.903
10063.915
10063.903
10063.867
10063.884
10063.835
10063.894
10063.885
10063.845
10063.877
10063.912
10063.879
10063.813
10063.877
10063.883
10063.869
10063.823
10063.869
10063.925
10063.862
10063.908
10063.862
10063.889
10063.889
10063.89
10063.843
10063.91
10063.832
10063.866
10063.866
10063.898
10063.884
10063.901
10063.863
10063.868
10063.863
10063.935
10063.869
10063.864
10063.841
10063.914
10063.84
10063.849
10063.905
10063.942
10063.891
10063.86
10063.923
10063.882
10063.846
10063.878
10063.825
10063.887
10063.837
10063.897
10063.856
10063.907
10063.781
10063.903
10063.884
10063.835
10063.8545
10063.858
10063.907
10063.858
10063.883
10063.856
10063.901
10063.902
10063.874
10063.884
10063.907
10063.86
10063.881
10063.882
10063.833
10063.928
10063.835
10063.856
10063.925
10063.831
10063.933
10063.949
10063.863
10063.868
10063.894
10063.894
10063.892
10063.873
10063.8545
10063.902
10063.896
10063.865
10063.855
10063.904
10063.911
10063.857
10063.93
10063.886
10063.894
10063.818
10063.9
10063.895
10063.919
10063.886
10063.852
10063.873
10063.892
10063.859
10063.881
10063.8545
10063.844
10063.869
10063.921
10063.872
10063.829
10063.868
10063.843
10063.907
10063.892
10063.905
10063.841
10063.914
10063.875
10063.911
10063.846
10063.887
10063.852
10063.892
10063.921
10063.891
10063.895
10063.85
10063.861
10063.907
10063.864
10063.865
10063.836
10063.926
10063.939
10063.815
10063.852
10063.868
10063.832
10063.896
10063.923
10063.846
10063.851
10063.89
10063.875
10063.876
10063.867
10063.877
10063.831
10063.883
10063.854
10063.871
10063.842
10063.873
10063.907
10063.868
10063.887
10063.87
10063.846
10063.902
10063.882
10063.863
10063.883
10063.821
10063.807
10063.861
10063.913
10063.855
10063.824
10063.878
10063.946
10063.888
10063.896
10063.846
10063.9
10063.845
10063.856
10063.866
10063.859
10063.838
10063.85
10063.828
10063.916
10063.908
10063.914
10063.879
10063.845
10063.844
10063.903
10063.866
10063.8955
10063.888
10063.864
10063.878
10063.889
10063.909
10063.888
10063.91
10063.8545
10063.862
10063.849
10063.88
10063.889
10063.818
10063.871
10063.908
10063.918
10063.916
10063.891
10063.912
10063.81
10063.825
10063.919
10063.8545
10063.886
10063.842
10063.8545
10063.858
10063.839
10063.93
10063.886
10063.845
10063.872
10063.847
10063.853
10063.868
10063.844
10063.811
10063.86
10063.831
10063.862
10063.874
10063.901
10063.9
10063.791
10063.963
10063.931
10063.879
10063.907
10063.899
10063.849
10063.861
10063.883
10063.904
10063.886
10063.917
10063.869
10063.866
10063.886
10063.837
10063.863
10063.864
10063.878
10063.894
10063.941
10063.876
10063.873
10063.908
10063.847
10063.9
10063.877
10063.908
10063.913
10063.895
10063.824
10063.92
10063.879
10063.808
10063.891
10063.852
10063.875
10063.898
10063.867
10063.898
10063.833
10063.842
10063.852
10063.865
10063.893
10063.814
10063.926
10063.914
10063.879
10063.889
10063.877
10063.88
10063.85
10063.85
10063.845
10063.888
10063.857
10063.889
10063.902
10063.858
10063.913
10063.88
10063.8545
10063.903
10063.911
10063.905
10063.903
10063.88
10063.899
10063.873
10063.884
10063.878
10063.877
10063.894
10063.87
10063.836
10063.86
10063.826
10063.86
10063.8545
10063.819
10063.883
10063.865
10063.9
10063.879
10063.85
10063.9
10063.888
10063.846
10063.855
10063.885
10063.908
10063.922
10063.837
10063.91
10063.85
10063.898
10063.903
10063.867
10063.86
10063.924
10063.865
10063.875
10063.902
10063.852
10063.839
10063.85
10063.879
10063.898
10063.831
10063.942
10063.879
10063.841
10063.928
10063.873
10063.949
10063.885
10063.836
10063.836
10063.9375
10063.925
10063.875
10063.863
10063.8955
10063.872
10063.875
10063.881
10063.875
10063.894
10063.848
10063.892
10063.897
10063.913
10063.894
10063.816
10063.901
10063.868
10063.831
10063.855
10063.872
10063.816
10063.878
10063.857
10063.839
10063.877
10063.876
10063.879
10063.856
10063.879
10063.844
10063.877
10063.926
10063.828
10063.849
10063.888
10063.889
10063.855
10063.85
10063.8955
10063.917
10063.914
10063.822
10063.86
10063.881
10063.925
10063.942
10063.911
10063.827
10063.904
10063.861
10063.842
10063.893
10063.852
10063.898
10063.8545
10063.877
10063.917
10063.868
10063.875
10063.894
10063.897
10063.824
10063.888
10063.892
10063.853
10063.823
10063.865
10063.88
10063.8955
10063.851
10063.862
10063.872
10063.923
10063.831
10063.826
10063.872
10063.872
10063.8955
10063.853
10063.869
10063.894
10063.825
10063.868
10063.892
10063.831
10063.843
10063.841
10063.872
10063.872
10063.862
10063.909
10063.875
10063.877
10063.872
10063.817
10063.803
10063.865
10063.863
10063.834
10063.883
10063.887
10063.865
10063.88
10063.875
10063.845
10063.882
10063.875
10063.846
10063.856
10063.859
10063.849
10063.854
10063.904
10063.919
10063.912
10063.883
10063.938
10063.889
10063.915
10063.881
10063.858
10063.817
10063.8545
10063.891
10063.866
10063.879
10063.902
10063.806
10063.913
10063.888
10063.907
10063.892
10063.84
10063.853
10063.882
10063.935
10063.826
10063.89
10063.891
10063.884
10063.841
10063.855
10063.841
10063.823
10063.845
10063.832
10063.881
10063.885
10063.8545
10063.91
10063.849
10063.886
10063.854
10063.903
10063.8955
10063.891
10063.936
10063.872
10063.866
10063.927
10063.818
10063.916
10063.83
10063.874
10063.831
10063.869
10063.865
10063.845
10063.914
10063.87
10063.844
10063.901
10063.886
10063.909
10063.88
10063.871
10063.864
10063.894
10063.889
10063.85
10063.946
10063.903
10063.86
10063.897
10063.842
10063.892
10063.886
10063.866
10063.917
10063.829
10063.87
10063.894
10063.91
10063.864
10063.856
10063.808
10063.882
10063.857
10063.842
10063.887
10063.895
10063.872
10063.84
10063.875
10063.826
10063.91
10063.881
10063.829
10063.888
10063.879
10063.913
10063.895
10063.877
10063.903
10063.858
10063.914
10063.927
10063.868
10063.878
10063.856
10063.876
10063.904
10063.889
10063.861
10063.868
10063.896
10063.969
10063.916
10063.857
10063.874
10063.847
10063.871
10063.875
10063.865
10063.883
10063.939
10063.879
10063.908
10063.853
10063.895
10063.861
10063.871
10063.863
10063.886
10063.86
10063.876
10063.887
10063.902
10063.909
10063.866
10063.876
10063.874
10063.91
10063.909
10063.856
10063.875
10063.896
10063.847
10063.844
10063.844
10063.858
10063.852
10063.853
10063.902
10063.863
10063.892
10063.815
10063.878
10063.891
10063.847
10063.82
10063.934
10063.892
10063.881
10063.867
10063.85
10063.881
10063.878
10063.873
10063.845
10063.836
10063.888
10063.873
10063.895
10063.934
10063.852
10063.867
10063.918
10063.824
10063.8955
10063.85
10063.848
10063.838
10063.906
10063.871
10063.92
10063.885
10063.891
10063.888
10063.873
10063.922
10063.893
10063.875
10063.843
10063.894
10063.838
10063.873
10063.862
10063.881
10063.873
10063.904
10063.842
10063.884
10063.801
10063.922
10063.839
10063.844
10063.924
10063.811
10063.855
10063.883
10063.927
10063.838
10063.901
10063.863
10063.923
10063.856
10063.82
10063.882
10063.887
10063.862
10063.873
10063.922
10063.851
10063.846
10063.907
10063.9
10063.827
10063.891
10063.879
10063.881
10063.866
10063.903
10063.917
10063.828
10063.868
10063.889
10063.8955
10063.873
10063.824
10063.902
10063.865
10063.844
10063.857
10063.887
10063.912
10063.887
10063.85
10063.869
10063.83
10063.874
10063.906
10063.867
10063.858
10063.899
10063.864
10063.908
10063.799
10063.877
10063.866
10063.838
10063.895
10063.875
10063.872
10063.882
10063.837
10063.892
10063.842
10063.929
10063.885
10063.927
10063.83
10063.823
10063.905
10063.815
10063.899
10063.866
10063.878
10063.883
10063.903
10063.948
10063.916
10063.891
10063.927
10063.876
10063.847
10063.924
10063.895
10063.842
10063.889
10063.895
10063.86
10063.89
10063.842
10063.92
10063.894
10063.862
10063.865
10063.865
10063.868
10063.925
10063.824
10063.801
10063.885
10063.852
10063.902
10063.889
10063.871
10063.824
10063.844
10063.868
10063.892
10063.884
10063.891
10063.85
10063.865
10063.851
10063.829
10063.863
10063.897
10063.875
10063.901
10063.839
10063.871
10063.838
10063.853
10063.899
10063.942
10063.914
10063.81
10063.867
10063.884
10063.865
10063.847
10063.878
10063.814
10063.855
10063.9
10063.854
10063.916
10063.827
10063.873
10063.846
10063.875
10063.867
10063.853
10063.888
10063.831
10063.813
10063.86
10063.919
10063.882
10063.864
10063.829
10063.845
10063.889
10063.834
10063.957
10063.895
10063.899
10063.882
10063.87
10063.894
10063.873
10063.909
10063.841
10063.854
10063.875
10063.872
10063.909
10063.862
10063.898
10063.8545
10063.876
10063.888
10063.872
10063.8955
10063.886
10063.854
10063.885
10063.917
10063.89
10063.874
10063.849
10063.845
10063.919
10063.863
10063.88
10063.894
10063.86
10063.878
10063.896
10063.826
10063.845
10063.901
10063.876
10063.87
10063.851
10063.831
10063.853
10063.849
10063.889
10063.909
10063.821
10063.841
10063.932
10063.82
10063.854
10063.89
10063.883
10063.849
10063.873
10063.898
10063.847
10063.887
10063.843
10063.858
10063.911
10063.89
10063.826
10063.886
10063.915
10063.821
10063.861
10063.884
10063.886
10063.92
10063.878
10063.874
10063.807
10063.858
10063.87
10063.839
10063.87
10063.974
10063.893
10063.873
10063.873
10063.882
10063.871
10063.878
10063.869
10063.859
10063.891
10063.894
10063.814
10063.9
10063.951
10063.9
10063.844
10063.852
10063.904
10063.871
10063.888
10063.857
10063.861
10063.8545
10063.87
10063.86
10063.924
10063.8
10063.869
10063.928
10063.924
10063.835
10063.892
10063.832
10063.922
10063.844
10063.824
10063.8545
10063.906
10063.896
10063.871
10063.831
10063.93
10063.891
10063.951
10063.823
10063.906
10063.894
10063.891
10063.941
10063.896
10063.818
10063.879
10063.86
10063.801
10063.932
10063.86
10063.859
10063.91
10063.846
10063.883
10063.844
10063.888
10063.852
10063.882
10063.838
10063.857
10063.874
10063.911
10063.895
10063.887
10063.92
10063.877
10063.924
10063.844
10063.932
10063.879
10063.873
10063.867
10063.881
10063.877
10063.879
10063.934
10063.848
10063.817
10063.814
10063.892
10063.869
10063.839
10063.909
10063.838
10063.891
10063.873
10063.932
10063.8545
10063.887
10063.852
10063.862
10063.916
10063.892
10063.852
10063.906
10063.884
10063.831
10063.858
10063.848
10063.907
10063.85
10063.877
10063.9
10063.84
10063.896
10063.8545
10063.893
10063.898
10063.871
10063.828
10063.901
10063.806
10063.914
10063.873
10063.885
10063.873
10063.868
10063.875
10063.863
10063.893
10063.918
10063.898
10063.87
10063.873
10063.9
10063.909
10063.902
10063.887
10063.871
10063.8545
10063.854
10063.838
10063.867
10063.864
10063.879
10063.897
10063.874
10063.846
10063.855
10063.931
10063.842
10063.875
10063.887
10063.877
10063.91
10063.93
10063.842
10063.896
10063.877
10063.879
10063.867
10063.835
10063.906
10063.863
10063.928
10063.901
10063.854
10063.873
10063.848
10063.873
10063.874
10063.92
10063.842
10063.826
10063.899
10063.838
10063.827
10063.873
10063.88
10063.883
10063.872
10063.844
10063.854
10063.904
10063.829
10063.882
10063.855
10063.879
10063.941
10063.841
10063.857
10063.924
10063.937
10063.86
10063.875
10063.83
10063.828
10063.8545
10063.914
10063.867
10063.851
10063.878
10063.876
10063.876
10063.877
10063.86
10063.856
10063.838
10063.824
10063.824
10063.867
10063.874
10063.883
10063.871
10063.847
10063.877
10063.829
10063.866
10063.844
10063.892
10063.919
10063.89
10063.859
10063.862
10063.904
10063.893
10063.899
10063.894
10063.887
10063.916
10063.881
10063.866
10063.874
10063.901
10063.8955
10063.918
10063.864
10063.861
10063.864
10063.911
10063.894
10063.868
10063.921
10063.86
10063.8545
10063.897
10063.808
10063.872
10063.887
10063.845
10063.886
10063.896
10063.86
10063.914
10063.923
10063.858
10063.824
10063.905
10063.915
10063.925
10063.875
10063.866
10063.886
10063.8545
10063.88
10063.863
10063.838
10063.862
10063.865
10063.825
10063.86
10063.887
10063.878
10063.921
10063.899
10063.88
10063.874
10063.866
10063.9
10063.847
10063.843
10063.888
10063.864
10063.878
10063.895
10063.906
10063.85
10063.926
10063.937
10063.853
10063.866
10063.851
10063.887
10063.85
10063.868
10063.857
10063.938
10063.8955
10063.905
10063.834
10063.818
10063.881
10063.868
10063.929
10063.87
10063.903
10063.845
10063.917
10063.846
10063.874
10063.806
10063.888
10063.907
10063.835
10063.838
10063.876
10063.903
10063.836
10063.899
10063.882
10063.869
10063.886
10063.88
10063.872
10063.91
10063.931
10063.893
10063.843
10063.934
10063.913
10063.81
10063.881
10063.885
10063.846
10063.886
10063.839
10063.885
10063.825
10063.921
10063.872
10063.849
10063.861
10063.843
10063.821
10063.888
10063.921
10063.886
10063.864
10063.89
10063.887
10063.841
10063.856
10063.82
10063.863
10063.91
10063.856
10063.862
10063.897
10063.901
10063.843
10063.831
10063.861
10063.878
10063.89
10063.909
10063.891
10063.862
10063.895
10063.8545
10063.864
10063.882
10063.836
10063.814
10063.894
10063.894
10063.808
10063.878
10063.873
10063.935
10063.908
10063.876
10063.893
10063.87
10063.864
10063.862
10063.841
10063.936
10063.862
10063.905
10063.913
10063.849
10063.846
10063.886
10063.9
10063.92
10063.86
10063.879
10063.902
10063.906
10063.883
10063.812
10063.901
10063.905
