10081.664
10058.298
10044.462
10035.554
10028.76
10022.603
10017.979
10011.57
10004.735
9999.05
9993.617
9987.662
9982.026
9977.1
9972.581
9968.43
9963.974
9958.857
9953.945
9948.468
9943.591
9938.552
9932.757
9927.409
9921.702
9916.753
9910.236
9904.85
9899.725
9892.832
9885.931
9879.019
9872.859
9865.236
9858.383
9850.986
9843.866
9835.807
9828.178
9819.413
9812.899
9805.385
9796.503
9790.597
9781.466
9773.02
9764.0625
9755.415
9748.018
9738.947
9730.0205
9719.949
9711.939
9702.61
9693.333
9683.363
9675.669
9666.615
9657.056
9648.247
9637.371
9628.339
9618.241
9609.835
9599.481
9590.498
9580.42
9572.181
9562.655
9553.973
9542.438
9534.165
9522.605
9513.111
9503.242
9493.848
9483.397
9473.216
9462.522
9451.513
9442.345
9433.253
9422.702
9412.917
9401.845
9392.512
9382.585
9372.538
9363.636
9355.191
9344.845
9334.704
9326.726
9314.484
9304.194
9294.947
9284.766
9272.0
9256.199
9244.742
9232.729
9217.643
9204.065
9194.402
9187.724
9172.592
9161.718
9151.048
9140.766
9128.047
9120.594
9108.473
9098.033
9087.866
9073.067
9063.559
9053.402
9041.866
9030.467
9021.084
9009.853
9000.652
8990.37
8979.025
8965.109
8955.582
8946.869
8937.016
8923.353
8913.976
8901.868
8894.432
8885.34
8875.955
