10082.579
10076.158
10071.682
10069.351
10067.618
10065.794
10063.567
10061.955
10060.635
10059.1455
10057.608
10055.825
10054.295
10052.531
10050.11
10047.688
10045.051
10043.028
10040.623
10037.604
10034.868
10032.764
10029.967
10027.282
10024.407
10021.259
10017.911
10014.4375
10010.985
10007.384
10003.864
10000.292
9996.165
9991.81
9987.481
9983.047
9978.556
9973.976
9969.354
9963.937
9958.911
9952.845
9946.613
9940.681
9934.401
9928.252
9921.954
9915.076
9907.145
9898.8545
9891.085
9883.272
9874.537
9865.807
9856.968
9848.392
9837.989
9828.305
9818.273
9807.315
9796.202
9784.962
9773.03
9761.286
9749.305
9737.189
9724.435
9711.587
9696.906
9683.616
9668.109
9652.836
9637.893
9622.913
9608.069
9591.052
9575.706
9557.545
9539.438
9522.936
9505.974
9488.938
9469.354
9449.452
9430.3955
9410.447
9391.071
9372.387
9351.6455
9331.859
9312.462
9291.45
9271.106
9249.848
9228.073
9206.738
9184.271
9165.109
9143.327
9121.05
9097.713
9077.49
9055.055
9030.762
9009.844
8990.866
8968.357
8949.592
8923.69
8902.03
8878.472
8861.459
8843.239
8824.524
8803.209
8785.431
8758.937
8742.092
8721.042
8701.171
8684.83
8661.003
8644.595
8624.828
8609.113
8588.079
8570.28
8550.018
8530.304
8510.805
8496.609
8475.415
8462.7705
8437.042
8429.58
8410.085
8387.564
8369.921
8353.607
8339.786
8316.57
8307.803
8286.641
8277.949
8254.993
8247.632
8225.202
8205.226
8194.429
8174.5254
8173.5513
8142.0356
8130.6753
8117.485
8103.076
8084.1904
8078.3525
8054.498
8043.4707
8031.7676
8033.0146
8013.6626
7998.0938
7977.415
7968.9746
7944.9053
7936.2275
7905.2046
7897.296
7898.6597
7881.63
7861.2354
7844.174
7841.181
7822.992
7808.8486
7799.8438
7787.846
7776.005
7758.5747
7744.415
7711.7954
7713.2544
7701.104
7688.4014
7680.3384
7689.144
7666.343
7664.598
7626.2354
7614.2773
7606.1006
7593.458
7568.612
7564.5396
7550.68
7543.16
7519.1113
7520.4775
7509.461
7505.1147
7482.177
7465.5117
7438.9067
7451.2305
7438.853
7407.5635
7414.3247
7362.588
7378.2705
7359.327
7347.5366
7344.5586
7345.813
7316.6475
7307.986
7295.067
7267.8286
7260.5415
7253.857
7255.5415
7245.942
7228.258
7217.5615
7203.762
7184.5415
7174.239
7160.3755
7147.4893
7127.5205
7135.2764
7125.5825
7106.3296
7102.981
7074.6865
7075.3423
7059.6343
7056.6045
7039.615
7031.7114
7003.127
7017.753
6986.357
6972.3486
6976.6865
6962.916
6942.1484
6928.0854
6916.3643
6924.024
6894.4316
6890.0786
6905.0425
6859.9624
6853.275
6826.7646
6838.4263
6830.213
6813.4194
6802.071
6804.8564
6773.824
6777.3765
6740.4067
6754.0625
6741.829
6730.0664
6715.3726
6693.019
6701.5264
6686.134
6661.1084
6661.0093
6649.8276
6645.6396
6632.7925
6607.099
6605.4966
6609.324
6579.0693
6583.8525
6571.4126
6555.226
6547.3706
6530.2935
6520.0
