9871.413
9392.994
8652.923
8107.9517
7559.961
7230.37
7003.1694
6856.9165
6718.729
6582.511
6514.421
6565.392
6561.182
6671.5576
13956.602
6689.7324
6506.4917
6318.755
6298.4814
6335.847
6354.768
6294.1533
6417.6636
6345.9697
6315.1123
6339.565
6277.74
6243.6084
6332.133
6224.2695
6292.474
6240.8716
6276.9585
6278.997
6305.7944
6283.845
6818.013
6264.476
7823.5522
8532.773
6316.908
6261.37
6843.4595
6783.1567
6618.3276
6302.4004
6340.7783
6266.907
6245.8916
6265.7993
6229.2217
6219.0547
6300.755
6211.2627
6187.764
6317.371
6144.273
6241.173
6219.0166
6205.3936
10502.434
6271.7637
7000.1553
6275.279
6203.9116
6205.912
6237.708
6205.5312
6219.39
6215.6143
6207.0024
7218.1733
6217.144
6730.6436
