10071.492
10061.189
10052.384
10043.273
10033.909
10027.708
10021.21
10012.408
10005.003
9994.885
9988.373
9979.787
9969.589
9960.061
9951.115
9942.3
9934.069
9923.857
9913.873
9902.511
9891.135
9880.222
9867.019
9851.566
9837.289
9822.861
9807.236
9792.611
9774.653
9758.608
9741.381
9724.265
9703.696
9685.096
9663.327
9649.311
9625.789
9607.517
9585.568
9558.7705
9536.862
9513.097
9489.296
9462.406
9442.708
9414.837
9388.188
9365.338
9335.165
9303.594
9278.706
9246.512
9220.061
9189.342
9158.361
9116.856
9100.746
9065.332
9029.074
9009.822
8975.761
8945.343
8917.159
8890.114
8860.841
8830.938
8803.547
8768.636
8736.808
8713.403
8686.879
8653.185
8621.158
8599.2295
8575.166
8543.974
8521.119
8492.607
8461.092
8440.086
8409.785
8386.101
8356.501
8333.2295
8305.575
8280.085
8255.735
8234.328
8204.945
8187.7993
8161.1274
8137.5337
8119.5527
8091.455
8068.444
8049.442
8022.5776
8006.338
7978.0664
7952.7847
7932.0894
7912.1763
7889.512
7862.3057
7841.6094
7823.646
7803.5664
7779.7554
7759.935
7739.615
7715.343
7693.257
7676.171
7653.8623
7630.2764
7609.239
7589.751
7571.5684
7551.554
7526.8433
7506.323
7483.257
7460.098
7444.309
7421.569
7402.8765
7383.604
7361.4478
7342.629
7319.18
7301.424
7275.688
7256.1636
7240.9263
7218.0156
7196.4097
7173.811
7151.6787
7133.3784
7112.8765
7087.549
7067.3433
7055.5176
7029.358
7011.0664
6991.032
6971.4595
6945.6475
6925.5127
6911.5776
6887.652
6868.4575
6846.079
6825.826
6807.7964
6786.3022
6768.5674
6744.039
6725.109
6702.881
6685.331
6664.817
6647.193
6621.408
6607.1323
6587.0464
6567.963
6549.0957
6527.35
6513.1787
6486.2163
6469.2812
6454.372
6434.6567
6414.534
6395.476
6376.8555
6359.804
6350.6006
6323.426
6306.3325
6284.368
6263.3555
6248.9746
6232.9214
6210.0806
6190.5845
6166.3525
6155.117
6132.2407
6117.6465
6100.72
6074.5024
6065.1816
6040.6436
6027.9126
6007.417
5999.6504
5974.3965
5961.666
5938.1543
5926.6157
5906.635
5889.5557
5877.4316
5854.7646
5844.573
5823.1606
5804.086
5785.1465
5764.996
5751.8105
5735.0425
5713.247
5705.0254
5683.6396
5673.8047
5654.641
5635.8584
5621.407
5614.018
5591.4463
5576.558
5561.927
5543.7246
5531.369
5509.5005
5492.855
5480.2207
5462.048
5446.208
5430.5513
5420.452
5403.2134
5389.642
5380.3267
5362.2075
5338.3774
5333.7046
5315.4233
5307.034
5284.8013
5268.881
5256.2974
5245.4175
5227.7666
5217.66
5199.1543
5188.939
5173.0264
5159.1045
5144.8296
5129.455
5118.259
5109.5166
5093.3496
5076.6724
5068.808
5047.196
5036.26
5027.2344
5010.6543
5001.852
4990.0483
4976.0103
4962.9893
4950.121
4942.3716
4928.302
4916.4526
4908.202
4893.913
4885.178
4875.441
4860.793
4843.3916
4833.099
4818.692
4808.554
4796.624
4784.45
4774.2173
4766.032
4752.7666
4744.431
4727.282
4709.9536
4713.6323
4699.068
4692.5327
4676.7285
4668.792
4660.397
4650.7446
4638.757
4622.148
4609.3877
4600.9004
4588.518
4579.782
4571.0728
4561.9463
4550.8423
4543.714
4530.596
4518.059
4505.444
4496.859
4490.699
4479.369
4473.0767
4463.172
4463.033
4446.283
4448.233
4440.9175
4421.123
4405.5317
4400.113
4392.9004
4382.0103
4369.0327
4363.149
4357.1753
4342.764
4335.13
4321.2827
4320.7017
4301.9893
4298.3374
4282.3833
4272.802
4273.176
4257.1743
4250.205
4245.811
4227.2505
4231.1694
4215.8564
4199.7563
4193.487
4194.716
4180.786
4172.694
4167.8184
4153.6826
4148.198
4138.5127
4131.951
4119.8413
4119.2275
4102.1523
4109.097
4091.2554
4089.2815
4072.1475
4069.168
4056.9578
4050.117
4039.849
4034.8552
4023.9287
4021.4507
4009.7422
3999.769
3987.4944
3974.4568
3969.8176
3967.5254
3958.621
3944.802
3939.2515
3928.9622
3922.199
3922.1506
3916.6584
3904.4495
3899.7852
3897.8171
3884.4954
3873.2905
3861.0493
3858.1287
3844.949
3840.0342
3828.8193
3821.3413
3816.3167
3808.7927
3796.6118
3795.7744
3784.7578
3781.9915
3770.2222
3767.1582
3755.904
3751.9531
3746.5374
3743.3188
3731.7656
3726.3464
3727.8035
3716.666
3701.7249
3695.0203
3684.6196
3680.6335
3678.9756
3672.917
3666.039
3655.1865
3660.2126
3644.2388
3644.29
3634.7834
3639.5007
3619.744
3605.4082
3603.3767
3593.6519
3590.8281
3582.2427
3574.32
3569.8396
3570.3318
3560.0022
3554.366
3547.4329
3536.9976
3529.5505
3528.811
3520.1213
3512.1333
3507.4727
3505.7302
3498.3733
3492.386
3484.9988
3481.7163
3464.937
3463.2393
3462.7124
3454.1982
3446.2058
3434.6592
3441.1077
3425.656
3424.2283
3415.0469
3404.7986
3399.9983
3399.0981
3392.1736
3382.6543
3374.0732
3374.28
3370.4167
3353.5625
3356.4216
3346.3408
3337.955
3339.843
3329.8618
3319.8286
3312.5256
3305.6055
3306.7915
3296.4495
3292.1357
3289.0422
3279.5173
3279.652
3269.6155
3257.735
