9769.091
9249.485
8425.391
7501.8696
6677.191
5979.188
5413.9907
4930.701
4522.4
4184.436
3894.9463
3666.7556
3490.9993
3266.4282
3107.1172
2989.6672
2893.0703
2762.6152
2698.2766
2599.8696
2552.1172
2482.3594
2442.0361
2389.598
2350.3657
2321.0698
2292.4126
2260.0315
2239.6348
2235.9478
2222.9873
2194.7566
2174.2788
2167.7969
2156.7024
2178.46
2127.6313
2159.8147
2123.9275
2155.4287
2124.803
2097.685
2084.8584
2087.4321
2082.8533
2080.7227
2074.6494
2079.586
2074.056
2063.599
2064.214
2087.4004
2055.5566
2065.1172
2042.1425
2040.233
2057.838
2049.103
2055.8755
2036.4366
2035.2598
2031.5864
2037.5673
2029.1218
2054.5115
2047.106
2023.3201
2027.6387
2022.4877
2019.7618
2017.7662
2018.057
2033.6147
2018.2002
2018.8147
2009.2734
2022.749
2010.1781
2011.9727
2010.0985
1995.4578
2008.9056
1993.952
2007.0496
1995.8547
1991.492
1990.6583
1991.0381
1996.427
2013.7651
1980.3636
1975.8877
1978.8442
1980.6879
1985.759
1972.4507
1977.0375
1982.6381
1968.7578
1966.4352
1966.8792
1965.0835
1974.2491
1961.0408
1957.4106
1959.818
1964.8726
1960.1791
1969.3553
1961.6967
1967.1421
1955.0992
1958.6095
1953.3812
1949.8076
1946.2152
1946.1561
1954.2936
1955.2839
1943.6527
1945.6223
1971.2433
1960.7366
1959.6055
1945.8064
1954.2767
1954.3956
1936.9521
1938.89
1937.9314
1935.9465
1980.1302
1949.3468
1940.5023
1950.7333
1953.1002
1938.4666
1946.3075
1931.7606
1938.3989
1936.8535
1934.023
1930.9873
1938.8499
1930.7311
1928.5719
1963.997
1936.6023
1930.3872
1929.5958
1930.7489
1943.2366
1942.7034
1928.7144
1928.8485
1930.3003
1942.7513
1922.3715
1931.6721
1930.7319
1929.7971
1931.237
1938.9003
1929.732
1932.1438
1929.6211
1928.8289
1922.4884
1933.108
1929.7457
1925.0117
1929.8754
1924.0469
1922.0995
1924.9679
1919.8064
1929.0024
1929.7734
1927.6091
1953.4581
1923.2516
1916.9319
1929.0787
1939.6583
1921.4127
1923.7207
1920.6759
1916.3042
1922.7155
1923.222
1919.652
1937.8772
1939.0892
1925.8856
1916.0576
1919.101
1923.5089
1914.4879
1919.5715
1915.1638
1913.9462
1913.7291
1912.8097
1918.4537
1926.8986
1924.5153
1921.4636
1925.3799
1922.6833
1921.6816
1915.7694
1924.6871
1925.8668
1923.5984
1924.7112
1923.4897
1916.3772
1916.1342
1932.6854
1924.3599
1914.624
1911.2126
1913.1925
1915.227
1923.3229
1912.3795
1920.0099
1911.1791
1927.3776
1914.9203
1922.1948
1925.4536
1912.3506
1911.4609
1916.1287
1933.7518
1914.2727
1905.1875
1920.0134
1913.0354
1911.0526
1918.7113
1936.8142
1936.4749
1911.6859
1921.1504
1914.6382
1909.6514
1906.901
1941.2448
1938.2965
1910.7905
1919.7035
1911.3174
1914.2773
1923.9922
1912.0841
1909.9415
1907.5985
1912.6104
1911.08
1932.9896
1919.9471
1916.7385
1912.3352
1919.637
1908.9098
1907.363
1914.896
1941.2405
1907.3916
1918.2212
1923.8413
1913.0015
1916.6465
1911.9084
1914.1318
1928.4211
1912.5985
1917.3481
1916.846
1914.0481
1923.9736
1918.2632
1914.6705
1916.1724
1911.6506
1923.2748
1913.1873
1907.1188
1919.8739
1908.5198
1916.1779
1917.5277
1945.54
1908.7284
1915.7783
1928.6316
1905.2048
1916.2572
1910.4055
1904.4866
1901.002
1908.0216
1917.093
1906.1864
1903.4308
1909.593
1902.5911
1912.2601
1927.1852
1948.2847
1919.2942
1905.0027
1906.0518
1929.3622
1906.3427
1905.5182
1941.9594
1909.1484
1908.3135
1907.808
1905.6952
1941.38
1911.0708
1905.6904
1901.0908
1904.5563
1907.3348
1906.1626
1904.7295
1905.8499
1922.2631
1902.3049
1918.0609
1908.3226
1901.2693
1908.2908
1906.2717
1904.0616
1912.677
1903.6606
1916.8805
1910.1156
1911.1182
1907.1166
1910.0242
1905.3102
1912.1075
1912.6827
1907.2693
1916.1931
1910.1896
1918.4633
1910.8318
1902.1364
1910.5482
1929.931
1912.3529
1912.806
1906.1616
1904.1796
1903.9059
1915.1277
1906.928
1903.0222
1905.5612
1917.1598
1905.7883
1904.3412
1906.3684
1903.107
1912.8137
1912.1561
1902.0613
1903.1678
1907.9893
1912.932
1902.9186
1901.3754
1907.4996
1909.6448
1916.8057
1898.1289
1908.1462
1913.9535
1905.3657
1914.5803
1924.7051
1898.0627
1909.0347
1904.043
1904.9518
1910.112
1904.2998
1908.9677
1904.377
1912.3527
1903.029
1902.66
1914.052
1906.8735
1911.5653
1908.9637
1910.517
1907.1123
1924.9225
1913.5282
1918.1575
1907.4047
1907.0913
1903.391
1901.6666
1912.0347
1896.6836
1909.339
1900.2623
1912.2438
1906.7678
1905.5709
1905.9913
1903.5989
1905.951
1898.8765
1921.2948
1898.3729
1922.0046
1901.6565
1908.9384
1908.7557
1909.578
1912.742
1909.276
1906.7927
1917.6295
1908.7308
1906.7347
1903.7966
1902.7708
1924.2583
1902.8489
1903.7734
1904.245
1904.4272
1902.888
1907.285
1902.0038
1909.7158
1905.7383
1905.3812
1909.8861
1902.3243
1910.2888
1929.6698
1902.5686
1908.821
1905.9813
1910.7717
1898.8557
1900.7101
1922.4044
1902.3293
1903.2821
1925.9948
1901.2344
1910.4857
1947.0793
1913.5344
1913.3245
1902.1034
1899.6326
1905.7292
1922.8418
1899.1553
1914.0211
1900.0171
1930.9845
1902.096
1900.421
1899.2452
1909.2543
1900.4847
1900.7668
1898.4745
1898.6279
1919.892
1901.4028
1911.2712
1899.5946
1907.5741
1909.497
1921.4055
1903.7141
1900.8931
1906.9832
1901.8639
1903.557
1909.0195
1898.9174
1908.8811
1916.456
1907.8977
1908.0369
1900.2689
1902.6091
1900.7133
1912.1998
1901.1028
1905.6614
1922.9332
1899.0078
1914.5175
1901.3428
1907.4033
1906.4075
1900.7961
1896.8037
1902.0725
1908.8577
1902.0626
1898.3556
1904.7139
1902.5608
1908.8003
1902.1776
1904.2474
1907.874
1904.9363
1908.3589
1898.7367
1907.3309
1909.3485
1899.6204
1910.0571
1905.59
1902.5803
1902.2247
1915.7653
1906.1183
1907.627
1925.4739
1902.9313
1906.3363
1903.5365
1906.371
1913.9021
1906.97
1897.8973
1903.2833
1902.0812
1899.5544
1902.4268
1914.0629
1900.6932
1908.0487
1913.0664
1898.3651
1900.4329
1902.2157
1907.1887
1904.7643
1906.9839
1895.7871
1906.9713
1899.1088
1906.554
1900.9186
1902.7518
1907.1216
1894.4756
1901.0269
1897.579
1895.8506
1899.0111
1907.4214
1899.775
1904.2318
1900.3232
1896.0087
1911.2334
1897.2812
1905.0276
1897.7849
1901.2637
1903.5632
1907.4249
1897.7683
1900.07
1906.3817
1913.8021
1910.3053
1903.4391
1897.0127
1905.6285
1900.3416
1899.596
1899.444
1906.2814
1904.56
1898.9347
1903.793
1908.5348
1912.3336
1897.04
1899.4966
1896.041
1912.3112
1915.7034
1903.3628
1896.8927
1894.2439
1897.0435
1897.9686
1893.4502
1893.4258
1893.6438
1895.2664
1901.0376
1906.4193
1916.0574
1896.5867
1896.3599
1909.4484
1893.7551
1894.9426
1893.7808
1898.2134
1892.8318
1901.4933
1905.1908
1899.6259
1902.5337
1904.637
1906.9661
1898.5022
1903.9691
1894.8668
1900.6223
1895.7228
1897.2064
1904.7885
1895.4152
1913.193
1907.6326
1909.8826
1897.1115
1907.675
1906.5391
1906.2383
1896.0638
1892.7717
1893.9165
1903.8491
1893.6097
1909.0029
1895.0813
1901.3279
1905.6283
1902.8816
1896.2367
1903.5979
1903.1938
1892.9822
1898.6904
1893.0177
1899.9407
1894.8589
1898.8373
1902.6188
1897.312
1912.2328
1899.2018
1900.2607
1899.3478
1910.2169
1895.9075
1915.018
1900.2245
1904.2726
1899.9917
1898.166
1898.6644
1895.9573
1913.701
1897.6062
1895.11
1904.6257
1895.3667
1900.8268
1897.3597
1902.0591
1891.9242
1898.0175
1891.894
1898.6613
1892.144
1899.2609
1896.8274
1902.9285
1902.5333
1895.523
1902.7299
1892.006
1893.5933
1899.1477
1895.8888
1898.9294
1910.4648
1905.3685
1891.7102
1899.4899
1913.6853
1892.0066
1894.987
1901.8175
1897.1722
1893.2461
1899.4246
1898.4624
1902.9203
1897.6758
1894.3068
1903.9259
1892.5647
1897.6284
1895.4126
1901.7584
1893.4758
1896.475
1905.1058
1902.9326
1907.021
1901.7399
1900.7993
1910.6149
1905.71
1903.0498
1898.02
1892.9075
1894.824
1901.4127
1898.806
1895.5876
1897.8894
1897.5493
1899.5137
1899.8373
1896.9933
1901.4843
1891.9067
1911.355
1898.4109
1900.7076
1899.1593
1907.528
1905.2247
1893.124
1894.4932
1897.5215
1896.1177
1898.1
1893.7002
1901.7443
1909.0529
1897.4799
1905.9484
1904.0964
1905.7222
1908.165
1897.1586
1894.5653
1903.5345
1893.8491
1902.8513
1891.0243
1893.504
1898.7461
1896.5682
1893.5363
1909.924
1890.9734
1894.2174
1894.7026
1908.7214
1896.711
1900.7903
1899.3464
1897.0166
1891.125
1892.0131
1896.8285
1889.2594
1915.9092
1893.5552
1901.3773
1891.5559
1933.05
1891.5167
1893.0685
1894.3308
1893.3378
1890.808
1892.8868
1894.9918
1897.904
1901.1268
1906.6383
1895.5876
1898.0863
1924.9763
1897.517
1905.0327
1895.5391
1896.5673
1892.3597
1890.5089
1895.9634
1894.8374
1934.1702
1916.6349
1907.2222
1905.267
1902.862
1893.873
1908.5486
1899.2133
1912.5092
1897.3234
1893.9917
1897.4646
1895.5125
1903.1971
1893.6785
1899.7584
1900.4183
1899.6427
1892.4274
1899.7051
1894.218
1895.0078
1899.9972
1894.9783
1891.2617
1892.2599
1892.7117
1890.9814
1894.8857
1891.5007
1895.934
1893.8835
1897.6023
1889.0563
1894.5767
1890.3713
1894.793
1889.9774
1893.887
1893.1731
1902.7094
1903.547
1898.8806
1894.7197
1896.179
1892.4207
1898.761
1898.7354
1896.6992
1895.0656
1896.5427
1910.9609
1896.3738
1897.1245
1905.4479
1893.8838
1903.3601
1895.5594
1904.6191
1899.948
1887.9285
1899.6028
1893.6986
1900.009
1891.8713
1891.7407
1891.5105
1911.6017
1900.7812
1891.9213
1890.4615
1890.1578
1908.725
1914.1385
1897.0363
1895.8604
1891.3148
1889.584
1891.8887
1895.9675
1894.215
1893.5201
1890.0269
1896.4967
1899.2472
1889.3827
1893.9974
1898.8212
1893.3575
1898.3237
1898.9353
1915.0626
1895.1576
1892.4972
1895.8276
1900.0255
1892.1129
1893.4064
1892.6616
1898.3246
1903.7007
1893.9955
1899.7452
1896.6777
1894.4644
1891.7969
1890.3397
1891.0936
1892.2554
1899.3837
1887.7123
1890.8854
1887.6837
1885.2357
1891.2936
1895.8271
1907.0547
1894.2671
1890.759
1914.5372
1890.9125
1891.9543
1902.2821
1908.9315
1892.3544
1894.093
1894.3334
1905.1266
1911.2443
1887.9766
1887.8004
1907.0234
1893.7733
1917.8346
1898.2036
1890.5123
1909.4435
1920.5297
1907.1183
1907.1016
1888.5852
1899.2817
1887.8951
1897.3378
1887.1022
1887.8396
1889.3076
1888.1696
1889.0569
1906.5851
1892.4825
1888.2513
1908.8398
1893.8978
1901.9828
1896.9781
1904.8225
1892.3274
1896.0996
1892.47
1888.8783
1901.7886
1916.5988
1892.9373
1886.8916
1891.9945
1901.4166
1896.8192
1908.7456
1888.2021
1890.7395
1886.8572
1914.5687
1891.0872
1895.4061
1891.238
1919.5876
1899.6332
1888.8196
1892.1024
1895.0287
1894.0952
1889.827
1887.7573
1887.9972
1885.8586
1888.7905
1892.3223
1895.2472
1890.5366
1906.4508
1890.1334
1901.652
1888.5432
1892.2461
1884.5261
1920.2006
1886.1482
1909.478
1899.6776
1889.3201
1890.0798
1899.7708
1887.8691
1891.492
1895.3606
1898.7098
1890.2838
1890.6726
1892.3539
1892.1753
1892.9037
1903.0637
1889.0659
1890.7102
1904.1134
1890.8938
1890.0121
1890.647
1892.3411
1883.587
1914.5835
1896.1095
1887.1089
1893.0835
1905.023
1890.7582
1894.3545
1891.9001
1900.321
1927.714
1895.1117
1894.8003
1894.0424
1893.2373
1893.7308
1893.5481
1905.5786
1901.2129
1898.7924
1888.8508
1894.969
1890.1201
1892.6072
1887.5648
1889.3486
1903.1224
1891.8002
1892.3251
1887.345
1892.9082
1897.5962
1896.1703
1899.6208
1905.0728
1891.2515
1887.281
1897.6228
1891.3955
1895.1338
1895.6885
1888.8687
1904.0721
1892.5599
1920.7465
1891.7732
1888.3499
1897.2053
1901.9128
1913.641
1896.8936
1900.501
1893.3923
1891.8806
1886.4072
1896.0914
1931.458
1908.9475
1900.6934
1901.3186
1894.1215
1897.5253
1886.5253
1891.3167
1887.1461
1884.0297
1886.7466
1887.3882
1901.9012
1893.9624
1905.4137
1889.1066
1900.0254
1886.6161
1894.3179
1882.7744
1883.1467
1904.9504
1885.3317
1892.463
1895.7384
1888.3596
1887.8815
1894.6824
1885.4742
1891.4148
1888.4343
1905.2611
1883.4048
1885.9713
1884.9432
1892.9419
1904.4967
1886.5338
1886.2975
1890.3113
1889.9971
1887.0502
1886.4635
1892.0697
1889.344
1903.4447
1900.2294
1885.4358
1885.2965
1888.613
1889.6443
1900.1678
1889.797
1896.5165
1892.193
1893.7174
1886.141
1892.7509
1888.6019
1897.318
1886.5619
1891.8673
1892.099
1887.9349
1896.2051
1887.0775
1887.6914
1889.3115
1887.0308
1904.5895
1891.738
1890.6193
1898.012
1899.2026
1897.8148
1898.6006
1904.8741
1895.023
1916.2012
1888.3679
1917.3822
1905.1853
1906.5055
1888.8574
1893.8907
1888.1857
1910.513
1884.5717
1896.9291
1897.2186
1889.3467
1895.2656
1897.6696
1890.0736
1892.127
1889.6931
1905.783
1887.2317
1891.6396
1889.6688
1897.5737
1884.6947
1889.2839
1885.7855
1886.8407
1899.4775
1897.0139
1906.1146
1889.4567
1890.1249
1890.6403
1887.9634
1900.79
1888.4524
1902.8823
1904.5251
1888.47
1889.5947
1886.5228
1907.643
1899.4448
1892.1101
1887.552
1918.9106
1885.9675
1903.3552
1886.0481
1890.0962
1886.7867
1888.5203
1890.6232
1889.0612
1892.746
1898.9231
1896.4352
1890.0842
1892.5564
1907.3323
1892.8065
1887.9795
1893.3972
1891.4954
1906.0413
1887.6012
1887.1238
1910.7507
1904.4207
1898.95
1888.8745
1896.2369
1905.3673
1892.7733
1900.6891
1891.6743
1885.8113
1889.4089
1897.227
1898.0029
1887.6715
1889.4841
1899.6028
1890.4814
1893.9019
1891.7296
1889.9233
1886.2843
1908.1643
1892.5388
1897.2085
1891.7933
1912.6942
1911.517
1896.6122
1887.5011
1890.988
1902.9377
1889.301
1896.7705
1886.0242
1899.569
1902.6156
1908.473
1885.2554
1886.3865
1887.7097
1892.7002
1918.2122
1893.2585
1891.1667
1889.5109
1896.0728
1898.4324
1885.7307
1887.032
1891.2913
1893.7278
1897.6011
1886.4998
1889.6741
1889.6509
1888.365
1889.8313
1887.9857
1888.8894
1892.4819
1908.284
1887.5381
1889.845
1898.2863
1886.5093
1883.9049
1889.1035
1894.802
1884.6798
1891.6647
1889.1464
1894.7368
1884.657
1887.0876
1889.9342
1891.2703
1901.6703
1892.6
1887.3429
1895.3202
1893.697
1892.7017
1886.0878
1892.0782
1887.5221
1925.1914
1884.3582
1899.0516
1891.8036
1891.3308
1886.5166
1888.6597
1881.3065
1883.1316
1885.2407
1884.3564
1884.4598
1886.4364
1890.2988
1886.2866
1884.4221
1887.7678
1883.2405
1881.6969
1891.016
1890.6517
1882.4668
1887.8203
1891.2831
1883.6427
1886.0149
1882.4589
1890.923
1889.9926
1886.9423
1885.1459
1891.5806
1908.3779
1886.0114
1895.3252
1888.5366
1884.3989
1891.1132
1884.2723
1886.645
1885.6957
1903.8475
1882.5463
1898.071
1893.041
1886.8624
1892.5198
1885.6276
1885.5223
1886.1603
1885.1624
1911.0844
1882.6337
1883.0194
1896.449
1891.1213
1886.2415
1887.0963
1891.9946
1879.7717
1897.3439
1890.7216
1894.3372
1894.2313
1884.8601
1889.0693
1893.2255
1890.5176
1890.696
1891.4839
1889.4409
1898.0096
1887.3447
1889.163
1885.7937
1888.4159
1892.2256
1892.5956
1894.3257
1899.5085
1885.6824
1890.7839
1883.3889
1903.7224
1886.859
1889.6074
1888.9552
1887.1753
1884.0521
1887.9336
1883.8838
1893.5104
1883.3806
1892.7607
1883.4546
1882.2852
1894.6166
1901.1025
1910.664
1881.3153
1885.248
1884.4711
1885.2832
1887.1555
1886.6698
1884.5696
1893.3925
1886.581
1905.4553
1892.5846
1890.353
1882.5216
1898.2448
1897.6019
1886.0251
1881.5126
1897.1672
1883.2811
1898.3997
1882.9757
1897.9357
1898.4049
1893.4681
1889.4058
1892.1913
1886.2246
1904.0826
1884.9116
1882.9069
1888.8301
1895.1248
1899.5865
1888.7563
1891.4464
1884.8962
1885.1166
1887.2208
1889.8652
1888.0953
1887.9027
1889.5266
1895.0317
1886.4296
1884.3711
1894.7363
1881.154
1889.145
1886.2667
1945.0602
1882.6373
1880.7961
1882.1228
1894.8063
1881.8063
1891.7465
1901.1835
1884.1509
1891.527
1888.8894
1883.1212
1885.7319
1896.1296
1889.0425
1905.0438
1913.8936
1886.8226
1884.7001
1891.0544
1882.3872
1883.5481
1888.5762
1887.689
1894.399
1893.339
1885.4834
1890.4517
1883.7357
1881.7634
1890.2357
1890.114
1884.2584
1894.7959
1888.7994
1886.8145
1879.9761
1879.0249
1893.3585
1884.1597
1891.8627
1891.4594
1883.7872
1889.0422
1890.5865
1886.8392
1879.9242
1883.4065
1878.9911
1895.2864
1882.2511
1885.1343
1890.5084
1879.9626
1880.5431
1881.2418
1885.3364
1891.2086
1883.7214
1883.0652
1884.4897
1886.6766
1885.2322
1892.708
1893.5063
1887.0352
1902.6989
1892.0361
1883.5842
1886.2251
1889.5165
1887.5975
1891.8676
1882.1342
1883.0524
1890.896
1896.1931
1893.9725
1882.2609
1890.5342
1891.457
1881.4482
1884.8319
1911.1725
1887.2701
1886.3251
1888.1644
1878.9679
1880.198
1881.5796
1882.2542
1889.6094
1881.1145
1884.8466
1883.7635
1904.573
1882.0669
1882.9115
1892.2312
1883.9838
1887.8472
1880.6476
1884.3834
1881.4796
1888.2471
1880.9534
1881.8326
1880.457
1891.0317
1881.5983
1882.7637
1900.506
1902.8594
1895.6418
1898.429
1891.6382
1884.8248
1882.3511
1887.9604
1889.6473
1888.2675
1889.4114
1886.7018
1884.7188
1882.4336
1886.3586
1883.1139
1883.2139
1882.1718
1882.0381
1890.9763
1889.3031
1880.442
1892.2177
1893.5284
1891.6046
1891.608
1881.8414
1881.7833
1889.064
1891.2683
1882.7418
1886.5143
1884.24
1896.2244
1883.6484
1885.6481
1913.4357
1894.6061
1887.1854
1886.9749
1886.1282
1882.1798
1884.8024
1880.2833
1887.4304
1906.1925
1886.817
1878.9412
1897.0497
1896.1837
1882.718
1887.3846
1884.7168
1877.4597
1884.8473
1897.3018
1878.3157
1879.9331
1884.2151
1885.1132
1896.115
1884.1703
1903.6786
1885.9944
1879.9963
1888.552
1930.5143
1882.9877
1894.5352
1891.9197
1883.5017
1881.7155
1892.6451
1895.7783
1884.3156
1888.2148
1887.2415
1881.8256
1882.2291
1879.6774
1886.9136
1880.5837
1881.3154
1888.2942
1884.377
1882.9395
1882.0745
1880.2148
1884.2307
1891.4497
1886.4028
1894.7975
1879.1814
1889.4537
1885.3956
1882.736
1882.0759
1889.0402
1884.23
1883.7678
1880.2283
1881.5349
1883.165
1883.409
1890.2102
1892.6992
1881.3761
1897.1122
1890.6521
1885.6047
1909.8484
1884.1854
1899.7365
1895.7897
1892.8585
1894.1149
1918.3556
1877.2781
1889.3829
1886.1147
1883.9098
1879.0887
1877.9093
1886.5348
1890.875
1891.8657
1878.4642
1878.2288
1879.1252
1879.1527
1899.7809
1880.2582
1885.061
1882.1978
1879.268
1882.1096
1879.0327
1880.8246
1879.3436
1877.5797
1879.3473
1876.3226
1880.3706
1892.4403
1879.8683
1880.5154
1889.7804
1885.4032
1877.4454
1885.0652
1887.3687
1900.0107
1900.2236
1881.055
1880.9362
1891.6145
1880.5989
1882.1959
1895.2463
1890.5939
1907.0725
1887.1687
1895.3793
1888.8271
1884.9624
1897.088
1877.838
1878.5039
1881.6742
1886.345
1884.736
1886.8938
1878.5549
1879.3551
1878.7848
1880.3474
1889.7943
1887.9032
1907.8557
1889.6361
1883.0023
1882.1812
1881.4476
1887.8088
1891.454
1894.1753
1890.0778
1888.7
1881.9949
1876.0607
1881.9791
1885.5283
1881.6284
1888.9685
1906.2805
1887.8009
1881.1827
1886.3966
1882.2334
1885.5018
1880.5155
1879.5605
1892.1509
1910.885
1881.4534
1877.3678
1886.2458
1881.7733
1885.1249
1892.3672
1882.0271
1878.4418
1886.477
1878.5338
1885.4905
1877.021
1884.6583
1881.689
1881.1112
1879.5945
1881.2385
1884.4661
1892.1251
1884.222
1882.9321
1896.1869
1878.6813
1877.4386
1892.8749
1880.9347
1893.9489
1889.2887
1900.0275
1885.3925
1881.8451
1887.6837
1879.4226
1879.063
1884.9976
1883.3306
1896.0654
1908.9473
1886.8289
1884.9637
1884.7046
1887.4384
1882.2747
1884.5443
1883.9708
1888.0201
1885.1912
1893.565
1891.1782
1878.518
1892.9873
1899.2979
1884.3214
1879.2047
1883.7316
1881.4453
1888.5061
1894.2181
1879.592
1883.665
1881.1177
1881.5154
1889.0988
1886.7322
1880.6489
1880.2572
1886.0366
1900.5723
1882.468
1878.7179
1889.2544
1883.3615
1885.2788
1887.0161
1890.0883
1883.7815
1884.1039
1883.2855
1883.6425
1884.4733
1877.2875
1888.1838
1880.363
1880.2977
1878.0692
1874.984
1878.4718
1889.8125
1892.8129
1878.6606
1884.5873
1878.7749
1889.0851
1887.2695
1884.3883
1891.6027
1883.7723
1878.9738
1885.6176
1882.7974
1879.1621
1883.7218
1896.6315
1884.4958
1885.0815
1879.8674
1888.061
1883.8352
1888.9412
1895.9187
1885.1201
1894.6387
1877.1196
1892.8572
1888.5856
1902.4271
1880.0803
1882.437
1881.4375
1893.1359
1885.3462
1883.07
1874.0105
1879.3069
1880.1526
1877.5948
1887.3679
1884.594
1880.5143
1891.6458
