10064.425
10061.148
10056.25
10048.715
10038.042
10020.743
9996.94
9965.04
9936.095
9895.785
9858.126
9815.641
9775.701
9736.992
9694.262
9662.095
9617.684
9590.37
9552.057
9514.624
9486.711
9441.577
9404.535
9365.66
9347.995
9304.167
9278.162
9248.143
9208.9795
9186.02
9149.676
9105.537
9062.707
9017.708
8971.41
8952.217
8882.335
8837.338
8838.457
8781.077
8698.181
8684.282
8645.858
8593.885
8576.448
8527.657
8520.323
8435.093
8378.543
8379.8955
8308.726
8231.654
8232.582
8216.238
8157.869
8184.0522
8092.7583
8070.4487
8040.1167
8011.1016
7962.8657
7907.6343
7888.1216
7869.423
7834.5977
7848.983
7782.0933
7776.4067
7706.888
7733.6357
7666.983
7705.615
7630.365
7608.111
7590.581
7607.2734
7563.1636
7513.741
7494.7285
7511.685
7477.636
7468.755
7424.363
7384.33
7372.9634
7380.8604
7333.723
7353.3716
7291.2266
7253.9463
7301.7026
7229.3135
7224.843
7200.7417
7184.9927
7164.758
7145.3125
7154.146
7184.506
7106.204
7112.509
7086.3936
7099.4893
7053.297
7056.9194
7009.863
7017.6953
6987.73
7014.6963
6954.5024
6888.8384
6964.049
6968.1655
6910.684
6916.6455
6947.042
6903.243
6876.3623
6830.609
6827.764
6806.434
6812.9316
6803.9717
6786.782
6772.5894
6775.17
6781.021
6729.863
6667.152
6712.3975
6703.9434
6694.094
6656.75
6659.2925
6649.9995
6665.314
6638.706
6606.9917
6623.5957
6600.034
6588.9336
6542.635
6552.108
6560.52
6525.958
6554.729
6524.6797
6517.64
6518.149
6470.1826
6455.895
6480.1357
6465.9575
6429.8706
6436.075
6429.5796
6422.12
6513.1094
6378.8022
6400.015
6375.595
6403.173
6382.922
6343.156
6341.185
6304.061
6339.4585
6293.983
6308.115
6341.501
6283.7793
6294.3604
6269.646
6276.0376
6278.1523
6258.6426
6270.473
6216.9155
6245.003
6212.095
6238.152
6203.6416
6196.4683
6155.077
6190.5254
6188.415
6181.485
6186.3765
6164.2153
6148.761
6164.7734
6160.694
6155.2837
6136.885
6143.1646
6111.864
6099.361
6099.434
6125.9365
6111.703
6067.919
6062.999
6071.351
6067.3545
6074.732
6065.0674
6038.927
6033.5605
6026.5854
6042.852
5997.726
6012.944
6017.2046
6012.2734
6000.034
6025.5996
6034.456
6022.2183
5993.7573
6009.5674
5974.3745
6027.119
6038.853
6020.158
5963.362
5962.87
5977.4033
5982.7124
5971.388
5945.1743
5927.566
5920.13
5960.6694
5927.713
5913.201
5932.006
5952.1426
5902.5415
5902.9556
5925.874
5907.7803
5889.603
5905.044
5883.325
5898.901
5868.291
5889.219
5878.465
5887.831
5865.536
5853.9497
5850.8647
5844.696
5855.159
5846.1104
5835.973
5855.7754
5824.4214
5831.628
5805.425
5799.1895
5803.591
5841.414
5831.4683
5805.4443
5808.4805
5815.505
5772.1855
5816.134
5793.249
5793.8022
5821.173
5783.5903
5770.9966
5760.681
5776.953
5798.2056
5757.4526
5778.099
5776.877
5775.9727
5767.3994
5778.5894
5754.102
5755.5786
5758.8755
5721.042
5740.4365
5772.7695
5722.1553
5719.8066
5733.9946
5726.5317
5727.4795
5734.344
5698.615
5743.923
5709.854
5696.014
5693.5234
5692.376
5701.4014
5708.366
5681.2856
5701.7075
5672.7837
5688.8354
5718.4023
5682.679
5688.4595
5686.0464
5673.784
5679.7886
5677.527
5684.8325
5685.7207
5650.5576
5671.2153
5653.2046
5656.359
5650.7124
5668.359
5649.266
5677.977
5663.3706
5635.2944
5652.6826
5653.417
5629.1724
5613.1616
5635.6353
5627.9175
5648.1567
5633.7183
5615.6514
5643.8994
5630.457
5592.6245
5613.908
5611.995
5611.714
5608.581
5642.699
5605.23
5607.5215
5588.647
5605.1
5611.1577
5608.4746
5581.353
5583.8438
5573.036
5579.869
5589.3438
5574.625
5579.1323
5573.29
5588.5684
5583.324
5565.3726
5578.42
5569.1553
5567.0894
5594.6655
5567.6445
5550.8345
5556.551
5567.8564
5563.861
5558.9136
5558.174
5576.637
5560.695
5563.879
5532.955
5538.5273
5551.0884
5552.32
5538.667
5553.0386
5549.4473
5527.8687
5538.1836
5548.4814
5536.453
5534.4683
5513.654
5531.026
5530.8267
5499.1016
5544.2397
5534.5176
5535.7515
5517.156
5507.383
5530.619
5510.999
5512.5156
5508.271
5499.8867
5511.5938
5505.947
5498.5605
5496.2944
5508.3174
5523.2295
5492.5273
5497.7104
5472.6235
5473.233
5479.9414
5471.0664
5487.805
5487.812
5493.61
5483.921
5487.436
5469.293
5459.5464
5476.7417
5490.542
5486.1426
5484.822
5455.7456
5498.8413
5447.6143
5474.7773
5500.819
5473.976
5481.1
5472.2764
5459.2183
5469.7075
5470.2964
5477.951
5436.226
5449.3574
5452.762
5450.5034
5452.7744
5448.236
5441.7573
5452.262
5442.386
5436.274
5437.352
5432.2183
5466.731
5452.0874
5421.4194
5441.92
5425.978
5448.647
5454.955
5430.899
5446.2915
5429.462
5437.7324
5432.182
5432.1245
5427.5396
5433.809
5447.297
5419.1514
5426.961
5430.5137
5424.028
5420.232
5422.2305
5443.743
5438.113
5422.085
5430.989
5433.7695
5402.6196
5423.3804
5414.3545
5417.3306
5411.831
5421.8457
5405.577
5406.3457
5398.2183
5411.745
5401.279
5403.4336
5396.3193
5404.5537
5400.523
5417.6113
5405.7104
5395.5615
5415.9756
5382.7866
5402.466
5398.042
5374.962
5381.389
5388.0483
5415.0845
5387.3115
5384.7524
5373.794
5382.627
5417.9316
5381.1772
5401.2046
5388.0127
5379.7915
5371.4556
5389.4185
5370.72
5373.9463
5385.811
5392.68
5378.3115
5381.2534
5405.3296
5375.0312
5369.1704
5369.9355
5384.7886
5369.618
5369.7334
5377.391
5361.3423
5368.552
5365.4336
5358.194
5355.054
5362.4575
5369.589
5360.2974
5354.127
5342.543
5368.6143
5353.357
5377.4707
5363.0425
5366.319
5346.123
5353.6924
5342.2524
5347.6772
5339.1963
5352.385
5345.5337
5361.579
5344.3237
5341.1475
5336.4644
5325.5947
5342.8096
5328.6587
5331.4683
5355.249
5331.295
5340.301
5323.0034
5348.718
5327.885
5336.5684
5328.2393
5313.845
5341.41
5316.781
5302.519
5316.578
5350.832
5335.7974
5299.3853
5338.6084
5318.4087
5316.9785
5334.7314
5322.0093
5318.3022
5315.1387
5288.3843
5301.2793
5300.623
5304.1206
5326.7437
5323.2207
5307.1035
5302.281
5302.77
5308.948
5309.0903
5293.1797
5280.4595
5321.394
5306.815
5292.301
5310.782
5279.049
5299.733
5267.5234
5264.805
5268.9604
5307.0576
5292.4004
5281.9556
5286.227
5314.469
5272.1597
5283.6504
5268.213
5270.861
5292.347
5276.845
5260.343
5266.0615
5284.5415
5275.9155
5288.9683
5278.534
5272.709
5256.794
5281.0386
5289.5537
5269.8657
5275.239
5268.2944
5275.454
5266.7954
5268.0737
5286.308
5290.512
5265.025
5262.092
5250.7783
5262.719
5259.696
5252.855
5248.0215
5239.2163
5280.653
5266.9185
5249.2397
5237.5435
5237.9746
5245.8735
5233.2314
5252.748
5251.6875
5228.022
5236.4443
5252.3936
5242.8423
5249.4307
5242.0254
5265.2266
5244.043
5245.846
5230.8433
5245.4956
5249.6646
5223.77
5239.1143
5222.707
5237.733
5230.165
5225.61
5217.418
5244.583
5226.5127
5226.3003
5219.8267
5235.1406
5216.1655
5220.395
5242.735
5207.308
5243.609
5212.369
5230.1665
5216.4536
5234.02
5229.0566
5226.0107
5237.0405
5214.058
5195.9365
5208.32
5231.978
5212.954
5208.7627
5222.5806
5193.4575
5200.033
5189.8843
5198.7505
5222.266
5207.565
5200.5474
5210.1045
5187.31
5216.6084
5213.081
5190.9785
5196.423
5190.977
5184.393
5218.7085
5188.0176
5194.6494
5196.326
5195.352
5200.8716
5194.832
5202.9463
5179.4785
5190.366
5212.453
5193.552
5187.176
5176.3994
5200.2812
5193.0137
5176.024
5187.669
5172.0386
5215.99
5187.714
5203.8755
5174.8735
5167.2085
5168.6797
5218.3716
5216.0684
5190.662
5186.6216
5187.9526
5193.6387
5189.5884
5163.149
5163.056
5197.9746
5194.2915
5173.1626
5171.191
5166.1953
5207.4854
5171.9624
5187.7563
5178.3047
5199.933
5165.19
5182.831
5152.5024
5150.0356
5164.372
5177.407
5178.945
5155.7754
5167.3687
5160.9375
5162.3706
5160.685
5159.043
5155.374
5163.3955
5165.6445
5174.02
5157.1714
5187.8003
5173.9624
5143.597
5144.657
5163.4873
5158.4478
5165.426
5160.4985
5157.356
5160.2915
5174.8423
5165.3506
5148.9087
5145.5654
5157.5415
5153.1113
5165.1167
5158.3164
5141.924
5141.701
5141.857
5152.9434
5159.681
5166.123
5140.228
5161.769
5137.6685
5152.469
5147.892
5163.5605
5145.3604
5172.9946
5163.322
5149.4575
5142.981
5131.4863
5159.703
5150.96
5128.0283
5144.8213
5112.352
5132.0693
5135.1787
5130.543
5119.335
5140.7993
5153.097
5140.6045
5143.2866
5132.6885
5133.8403
5132.222
5147.8057
5128.004
5124.15
5151.2524
5123.7534
5134.5493
5122.95
5137.0347
5122.369
5151.6304
5125.1914
5115.8296
5138.591
5122.848
5140.5815
5136.078
5131.983
5126.573
5135.516
5130.085
5121.2866
5127.945
5120.7075
5121.8604
5127.7407
5111.715
5138.9214
5130.859
5129.4634
5093.927
5156.0903
5105.4053
5126.09
5142.3076
5125.585
5113.438
5130.9165
5122.6943
5137.5806
5133.2803
5128.8145
5130.0327
5121.381
5122.779
5132.946
5121.2983
5123.977
5120.2275
5118.533
5115.7695
5092.586
5095.7495
5091.9727
5097.388
5121.06
5103.5396
5117.4795
5113.402
5114.682
5116.362
5120.7783
5104.817
5120.434
5130.5054
5098.491
5094.2725
5105.6084
5126.3306
5133.2056
5112.8164
5107.7256
5119.972
5127.6274
5121.755
5096.42
5128.145
5106.5264
5112.6567
5094.92
5120.0244
5098.9893
5088.9062
5093.3843
5093.457
5099.2227
5090.526
5101.0522
5102.0244
5098.0464
5096.411
5091.455
5097.5366
5097.511
5078.345
5097.821
5080.5767
5087.3457
5095.712
5068.164
5102.755
5096.137
5095.6743
5095.3276
5090.704
5104.414
5103.819
5079.9175
5067.438
5090.2393
5118.867
5076.2607
5076.7246
5080.236
5094.8604
5073.843
5081.6206
5084.0137
5101.6953
5095.8066
5093.841
5103.5005
5103.0244
5080.4375
5095.586
5096.783
5081.543
5082.6978
5094.509
5097.162
5074.73
5093.4727
5094.1265
5093.286
5077.439
5077.235
5092.448
5084.7705
5074.797
5072.609
5065.6147
5073.8003
5066.6074
5088.0093
5054.8516
5078.231
5070.875
5064.842
5097.752
5065.0015
5077.182
5065.2734
5078.2905
5081.4243
5075.871
5075.5156
5078.0903
5054.788
5074.6846
5092.9717
5086.745
5048.4727
5081.376
5081.5654
5068.0684
5065.9434
5074.151
5066.2876
5051.64
5063.236
5089.444
5061.15
5064.976
5068.274
5067.1235
5045.512
5061.131
5072.076
5052.4585
5086.861
5059.0303
5065.2827
5065.9595
5048.064
5068.4375
5051.7812
5071.1895
5078.109
5054.727
5058.4556
5060.6455
5043.849
5057.8486
5067.7896
5044.5947
5055.476
5039.4673
5052.291
5045.683
5045.664
5043.4995
5054.949
5050.581
5045.0874
5033.989
5038.2627
5046.6567
5058.5625
5051.565
5059.209
5047.4717
5046.566
5025.09
5039.949
5040.724
5031.6997
5037.745
5028.794
5044.2617
5051.2134
5030.442
5032.427
5050.25
5027.2354
5033.8364
5051.796
5049.4653
5036.323
5049.3354
5050.2437
5044.802
5041.5864
5035.448
5034.112
5041.853
5022.5405
5042.3027
5045.238
5032.9297
5042.5835
5030.997
5058.4604
5030.49
5046.5273
5035.571
5027.864
5032.3613
5055.4375
5029.8877
5042.922
5051.3965
5030.465
5032.0063
5020.2676
5031.3633
5036.1157
5017.0854
5039.1416
5016.168
5014.4272
5008.4263
5025.2617
5033.9336
5029.979
5032.5933
5021.24
5015.2896
5033.381
5024.5977
5028.8506
5032.774
5046.0786
5019.462
5000.034
5022.244
5028.5015
5022.35
5025.3994
5015.3257
5022.113
5004.8315
5014.801
5006.3813
5002.9683
5001.448
5013.1963
5013.1265
5020.944
5016.8057
5018.544
5006.3594
5006.204
5020.3447
5008.1577
5011.0737
5017.81
5028.8516
5015.586
4994.2983
5011.741
5014.2354
5025.7036
5015.9224
5009.114
5016.0576
5025.8213
4999.288
5006.666
5017.314
5020.629
5003.9326
5003.971
5006.214
5032.3584
4999.9165
5001.2925
4993.0166
4983.1846
5012.324
4997.445
5003.6157
4998.157
5012.0273
5021.894
5010.4365
4981.2964
4991.254
4983.2593
4999.009
5005.547
5008.5557
4993.9185
4999.2896
4989.7344
4996.012
4996.129
5005.1377
5005.6304
4999.716
5012.5537
4979.3877
5013.503
4986.9443
4988.9766
4976.303
4990.1455
4992.083
5014.354
4975.3027
4995.3354
5001.422
5003.402
4962.329
4999.2114
4987.1694
4983.9077
5004.497
4987.423
4995.0986
4985.291
4991.137
4981.7935
5001.4
5016.5522
4981.247
4981.343
4965.0654
4983.685
4980.5513
4982.1035
4987.8647
4988.216
4978.0493
4988.645
4990.0054
4988.9346
4967.85
4977.4634
4970.8306
4961.6807
4975.7344
4968.5156
4983.254
4989.6577
4982.307
4981.661
4974.963
4978.508
4957.627
4936.3994
4980.038
4968.32
4961.06
4960.7993
4960.508
4965.9004
4967.5464
4975.751
4976.4004
4977.53
4975.4136
4985.973
4975.9805
4974.0327
4962.0273
4967.0195
4958.4414
4988.0845
4957.475
4965.091
4955.4805
4979.1987
4975.072
4957.226
4975.4653
4942.8027
4974.8438
4966.0625
4962.8364
4960.904
4969.828
4948.4307
4940.8315
4939.706
4951.811
4938.246
4945.316
4954.5825
4965.8525
4946.484
4951.526
4963.3643
4961.548
4954.293
4957.8896
4947.6885
4951.9565
4961.509
4955.1147
4925.961
4941.0024
4957.403
4955.2695
4950.7466
4955.2554
4956.358
4952.9805
4954.0947
4956.784
4952.1284
4945.598
4949.9067
4948.9214
4960.012
4973.423
4946.0664
4941.7803
4942.7593
4935.1406
4954.0757
4935.765
4948.7993
4947.156
4940.171
4945.977
4939.9517
4939.8203
4951.153
4943.5947
4938.619
4928.5493
4945.829
4927.49
4921.1387
4948.44
4938.2476
4943.2036
4939.8047
4922.79
4927.4927
4915.34
4934.2485
4946.0977
4927.898
4936.0864
4945.562
4929.29
4928.087
4943.4893
4940.5386
4942.13
4949.6475
4935.1836
4916.0034
4931.456
4924.4487
4928.233
4943.1455
4940.808
4933.81
4919.0264
4941.008
4914.153
4923.056
4939.8237
4923.6934
4931.807
4951.6636
4918.889
4948.987
4942.057
4930.486
4924.53
4908.9272
4902.6416
4914.062
4916.598
4923.359
4922.193
4923.513
4942.873
4917.8296
4926.425
4913.192
4934.992
4922.53
4923.212
4913.8936
4915.686
4923.203
4923.1323
4905.587
4937.681
4895.1245
4919.547
4918.8423
4906.4077
4909.1807
4912.203
4915.19
4925.156
4915.6934
4914.967
4901.4194
4925.259
4917.1846
4919.0894
4907.5312
4936.5786
4901.7446
4920.1123
4908.5796
4926.3394
4929.0493
4934.882
4904.522
4909.513
4927.5845
4933.631
4902.4287
4920.496
4907.138
4919.6587
4914.8105
4911.38
4910.5913
4888.43
4914.4785
4912.4365
4913.1646
4912.0654
4919.397
4903.442
4922.87
4922.7686
4903.193
4907.811
4900.412
4894.3716
4896.577
4898.031
4900.155
4903.7524
4900.7256
4900.5347
4892.139
4912.0557
4900.521
4903.8794
4901.831
4902.804
4892.4263
4896.6357
4903.4995
4880.997
4913.857
4909.8496
4896.5483
4921.6963
4903.08
4912.1235
4897.8613
4896.1523
4902.8154
4898.0747
4891.0083
4908.749
4906.675
4889.541
4884.9624
4872.52
4892.4883
4897.923
4890.389
4910.2764
4887.268
4900.9365
4910.3027
4882.302
4889.0044
4912.2837
4897.997
4917.2466
4894.7393
4899.474
4889.2056
4880.2246
4892.354
4903.1665
4884.882
4896.568
4905.612
4875.4893
4894.9233
4880.6064
4884.4165
4886.9175
4912.0693
4892.8237
4891.0464
4894.6943
4889.695
4893.2183
4884.7915
4887.9556
4901.0176
4888.6963
4878.766
4923.1523
4877.479
4871.5557
4877.7646
4895.655
4886.7734
4888.7476
4898.3164
4878.383
4895.4985
4875.285
4892.4146
4870.211
4884.1953
4876.735
4891.671
4890.5513
4875.583
4889.757
4883.4375
4881.019
4871.858
4873.4873
4895.2603
4894.0054
4898.306
4877.6196
4865.1094
4870.3535
4877.78
4885.1074
4879.7114
4888.171
4880.73
4892.539
4888.125
4893.471
4889.357
4865.5386
4861.513
4875.246
4883.523
4895.1685
4877.163
4882.423
4874.8433
4873.5303
4875.6255
4870.5107
4884.343
4859.0205
4872.0225
4888.9976
4863.038
4862.607
4886.791
4863.2036
4880.4653
4889.113
4873.843
4874.8306
4889.3257
4869.1562
4867.296
4872.1377
4881.3516
4877.877
4877.138
4864.8477
4861.045
4879.545
4855.4473
4871.399
4876.807
4866.3794
4865.4507
4871.703
4872.748
4877.0293
4876.5835
4871.7
4870.609
4852.3735
4884.5864
4867.669
4871.756
4860.7397
4865.0254
4876.743
4868.1387
4864.9297
4866.3477
4843.633
4873.1577
4863.038
4857.483
4866.2783
4859.393
4857.068
4850.8643
4855.693
4870.1016
4850.0845
4873.8564
4856.5664
4878.648
4864.4775
4857.8325
4843.42
4857.753
4866.1626
4841.1855
4867.381
4855.694
4872.107
4855.7124
4871.692
4879.272
4870.4355
4853.9766
4851.5312
4862.1943
4871.383
4869.2925
4868.5723
4862.81
4868.063
4860.2754
4851.4834
4852.2095
4877.3306
4896.2056
4841.427
4853.1387
4871.0625
4848.498
4854.085
4857.575
4857.9956
4851.1753
4861.7437
4885.453
4868.573
4845.022
4842.2627
4860.432
4860.7295
4842.3267
4861.707
4842.3193
4855.559
4866.498
4859.8677
4844.163
4868.0215
4841.2627
4850.707
4820.3145
4838.757
4852.697
4844.0796
4847.389
4854.143
4865.0337
4859.243
4836.9233
4849.672
4851.9043
4859.0063
4842.3735
4849.134
4855.936
4861.153
4851.77
4850.8257
4869.0947
4841.4277
4850.8955
4832.7983
4857.6987
4841.268
4848.157
4858.8267
4838.735
4858.25
4857.2793
4849.7646
4851.3384
4829.757
4868.268
4865.333
4836.6646
4856.442
4851.6685
4853.09
4857.8413
4846.3203
4844.8994
4847.106
4828.3784
4832.8584
4842.45
4834.8804
4859.735
4857.991
4846.537
4829.919
4830.889
4840.2256
4846.126
4839.1655
4836.442
4842.758
4838.029
4832.194
4831.1113
4851.5054
4828.892
4840.0454
4841.3193
4832.897
4851.7764
4851.5327
4845.5054
4837.854
4846.402
4823.357
4829.8945
4842.2314
4846.7544
4824.7944
4838.1123
4835.853
4846.9443
4816.309
4837.5605
4819.7446
4846.775
4826.06
4838.6777
4840.0244
4827.954
4837.5586
4831.375
4849.1494
4838.0205
4846.365
4839.255
4826.3203
4848.061
4814.9463
4828.542
4831.177
4837.238
4837.8438
4836.56
4847.9087
4845.8047
4839.1704
4818.302
4841.273
4836.8438
4820.5234
4839.9443
4818.666
4828.744
4840.1567
4799.8496
4824.1123
4821.6465
4844.724
4836.316
4822.2725
4834.015
4832.536
4842.813
4851.0894
4828.399
4812.471
4826.35
4838.994
4853.7993
4824.424
4841.363
4827.591
4817.266
4807.6685
4825.4653
4823.8174
4835.944
4846.304
4821.646
4833.68
4829.303
4818.026
4820.6543
4822.414
4810.954
4803.2583
4825.577
4851.4253
4836.9883
4831.5283
4835.8906
4817.002
4812.5176
4836.404
4820.8555
4824.311
4818.9053
4832.437
4845.1885
4814.8794
4820.9927
4835.9106
4801.0645
4803.0635
4819.3257
4808.3843
4813.7476
4814.392
4807.7407
4807.848
4828.554
4819.976
4804.4277
4813.821
4820.342
4830.958
4804.4805
4813.6475
4824.854
4813.7817
4825.462
4823.5776
4831.03
4820.2144
4808.6294
4808.0854
4816.809
4837.799
4806.9775
4804.6514
4814.437
4821.744
4829.2124
4835.869
4797.1846
4803.0522
4809.7183
4811.698
4836.394
4802.0493
4794.1094
4826.3994
4826.842
4817.336
4830.0312
4790.1406
4822.5493
4799.801
4817.2373
4816.3857
4809.8174
4805.7
4803.7397
4807.917
4822.4746
4801.5215
4817.422
4813.0347
4812.074
4811.6177
4804.9067
4793.813
4798.4966
4801.4165
4808.676
4794.056
4810.487
4811.2314
4795.781
4813.839
4803.216
4826.3315
4788.346
4790.6235
4806.2383
4814.5156
4806.7637
4799.1567
4812.7266
4812.035
4813.1655
4801.2734
4792.699
4790.319
4796.7134
4810.643
4801.133
4801.194
4800.3843
4816.1055
4811.8086
4809.4033
4801.924
4787.769
4811.3135
4799.5615
4799.8384
4803.472
4776.3975
4786.645
4809.7686
4799.1997
4806.432
4802.155
4811.8228
4795.5894
4802.075
4810.6997
4811.6426
4777.7666
4824.0327
4792.6504
4803.939
4786.12
4795.3496
4783.71
4790.948
4772.794
4781.546
4772.9155
4785.3394
4783.4214
4780.908
4805.3643
4794.173
4799.1997
4786.542
4779.816
4796.8687
4796.085
4797.1963
4796.0835
4808.273
4793.4424
4776.1924
4787.5117
4774.855
4794.022
4796.7793
4785.9985
4797.961
4775.736
4783.2427
4780.056
4797.404
4796.087
4783.0464
4795.7324
4794.197
4798.6606
4789.6167
4806.582
4782.786
4805.649
4771.807
4784.964
4786.2114
4782.0317
4787.0713
4787.1167
4775.718
4772.964
4775.6255
4790.4995
4770.0767
4783.2656
4778.5894
4793.6934
4785.09
4796.9395
4785.005
4791.793
4770.6147
4765.3965
4782.8516
4784.7676
4786.5615
4777.7227
4789.4243
4794.4087
4764.122
4792.151
4798.529
4785.283
4807.6064
4770.7095
4776.4717
4764.072
4779.675
4770.1675
4769.523
4773.55
4776.176
4784.7183
4783.8164
4783.5703
4778.723
4774.3555
4802.1934
4789.154
4799.2905
4790.0127
4786.368
4784.16
4780.499
4771.9795
4785.3633
4765.808
4763.8423
4777.468
4769.647
4775.235
4766.751
4778.754
4769.438
4787.4995
4773.3716
4774.163
4775.308
4768.6206
4780.169
4766.8506
4771.995
4784.0415
4744.3022
4783.0884
4769.443
4796.7207
4775.885
4750.4136
4780.323
4779.5137
4769.595
4775.135
4787.942
4755.597
4779.356
4783.43
4772.3877
4766.1978
4779.044
4768.022
4770.717
4771.2485
4775.9
4772.823
4759.872
4769.7646
4763.7974
4769.7515
4779.1377
4759.4634
4748.9917
4773.726
4760.5146
4779.498
4770.09
4760.2944
4760.604
4756.3887
4778.7217
4763.353
4765.3853
4780.3906
4762.454
4748.9893
4765.637
4766.095
4772.6455
4755.917
4777.614
4765.625
4769.1733
4758.483
4769.253
4758.626
4762.6504
4761.643
4760.578
4751.783
4738.963
4776.401
4772.3003
4755.6807
4787.2563
4773.525
4753.1313
4760.299
4745.6646
4754.9253
4770.135
4774.926
4735.1475
4764.3516
4762.457
4757.182
4781.117
4745.732
4769.463
4754.299
4762.988
4746.136
4757.5225
4746.6187
4749.061
4757.471
4752.017
4765.4297
4768.862
4766.857
4761.6123
4744.375
4745.853
4752.6
4742.771
4741.2803
4748.51
4755.4873
4758.458
4756.9463
4732.1094
4757.0234
4739.833
4749.767
4742.838
4764.585
4754.39
4740.8677
4752.8667
4755.0176
4791.8506
4732.376
4764.9062
4755.834
4754.81
4753.934
4765.771
4736.475
4731.0947
4759.1406
4750.8374
4751.4053
4740.346
4750.2583
4736.118
4746.879
4746.8735
4742.393
4759.6343
4746.2754
4756.899
4730.093
4749.2036
4740.9214
4750.073
4745.5146
4735.6606
4732.6807
4737.78
4737.2563
4730.387
4747.675
4742.9097
4759.032
4744.2046
4742.812
4749.3574
4755.7715
4755.46
4745.635
4746.5376
4764.3833
4748.735
4750.5034
4742.058
4746.545
4726.9536
4743.785
4741.248
4744.7363
4749.2017
4759.866
4736.278
4757.967
4744.221
4740.204
4738.43
4734.2344
4733.019
4723.9614
4739.97
4729.054
4722.1553
4754.0527
4752.1855
4766.897
4760.7627
4743.6533
4715.52
4741.871
4737.3506
4746.472
4726.6494
4723.993
4740.238
4745.1235
4744.913
4750.9033
4723.99
4734.3657
4743.273
4739.3506
4738.805
4745.7417
4749.146
4732.104
4735.207
4754.7573
4743.9214
4717.8716
4737.2446
4736.8
4739.295
4720.2007
4732.152
4723.829
4733.926
4728.8003
4732.445
4731.5117
4742.745
4730.386
4740.051
4721.951
4732.6343
4752.2686
4737.5825
4727.435
4736.768
4731.043
4749.529
4725.449
4730.04
4736.8286
4733.687
4727.275
4713.7607
4748.676
4727.803
4736.077
4731.4478
4737.7246
4746.952
4712.4355
4740.2485
4729.624
4725.6514
4716.643
4730.234
4727.6704
4734.617
4739.187
4729.4946
4753.636
4740.6187
4725.747
4734.966
4727.5557
4739.0137
4730.3774
4721.2754
4742.479
4733.562
4718.695
4756.6343
4727.5083
4720.83
4725.439
4721.955
4732.176
4712.956
4723.5874
4741.877
4726.832
4726.522
4722.6436
4728.922
4728.001
4719.484
4726.4844
4725.7905
4712.1226
4714.941
4711.835
4742.531
4712.759
4734.9263
4713.883
4712.8545
4727.2324
4715.131
4745.1475
4713.492
4712.6797
4732.3887
4700.046
4728.8257
4710.7217
4710.68
4734.107
4727.859
4723.2134
4724.9
4703.941
4743.0195
4724.5835
4723.132
4706.9253
4711.868
4732.233
4734.8433
4704.3125
4738.818
4718.3267
4712.675
4736.952
4719.013
4720.605
4713.2407
4718.164
4703.436
4699.93
4726.7896
4711.8696
4716.155
4711.8813
4719.5356
4704.6763
4713.724
4731.2793
4714.4316
4711.1377
4700.5327
4716.3994
4737.604
4715.9707
4723.658
4727.955
4717.408
4734.739
4726.2383
4717.326
4725.947
4728.9004
4719.569
4731.9004
4710.016
4739.3223
4722.7866
4715.568
4725.851
4729.1484
4715.7373
4714.341
4721.8525
4695.4707
4721.149
4715.641
4727.8164
4708.711
4719.0034
4706.4497
4706.185
4726.187
4706.1265
4721.3794
4719.2144
4726.895
4726.874
4689.733
4705.0386
4704.7915
4704.5996
4701.5356
4690.2573
4722.3164
4724.8145
4709.3135
4714.4146
4686.6987
4735.7695
4692.7065
4716.7646
4712.0723
4702.1895
4704.9077
4712.7734
4698.675
4744.09
4711.902
4741.401
4692.1533
4706.583
4716.1562
4712.7812
4708.0737
4698.9385
4704.5776
4703.942
4690.3374
4685.405
4700.8877
4724.7466
4700.3794
4693.923
4704.35
4705.838
4704.4277
4706.458
4686.857
4716.3774
4706.0327
4711.6245
4704.877
4709.892
4710.825
4684.2944
4698.962
4694.989
4722.3774
4694.4766
4711.245
4704.334
4706.0845
4716.0986
4698.8735
4713.4956
4699.1562
4724.6714
4695.8423
4696.754
4713.825
4712.105
4699.326
4706.533
4699.134
4729.6943
4703.597
4688.549
4705.034
4709.297
4709.4614
4684.7617
4694.4316
4708.551
4689.9478
4680.069
4712.5996
4705.3867
4706.2515
4694.8374
4705.669
4706.5146
4683.8193
4692.665
4720.7607
4689.337
4697.6724
4668.5024
4706.378
4685.7744
4687.5435
4712.3594
4695.813
4702.886
4693.1177
4709.707
4695.6714
4692.923
4703.696
4700.2944
4708.8594
4696.3745
4695.465
4697.934
4693.1084
4689.0903
4675.0234
4712.012
4707.2715
4703.613
4685.103
4701.0557
4684.6826
4686.6343
4694.7793
4684.6997
4684.967
4688.69
4691.4995
4705.9087
4689.727
4686.3003
4696.2837
4693.5757
4689.3003
4700.47
4687.6924
4728.7114
4670.0425
4699.841
4683.0806
4699.311
4697.4
4685.3457
4686.3584
4677.8804
4700.6997
4690.4395
4698.7607
4693.7705
4674.939
4699.3535
4682.2705
4687.975
4691.3516
4694.328
4667.8164
4695.635
4687.696
4696.5723
4699.1636
4683.06
4678.7344
4702.6655
4683.8374
4696.4
4692.0835
4688.2686
4680.6426
4696.6973
4679.8057
4689.712
4702.217
4678.071
4670.8545
4705.917
4703.981
4692.361
4705.616
4690.7524
4686.112
4684.8457
4682.229
4694.668
4679.913
4692.4175
4697.98
4695.6016
4686.139
4670.324
4683.8506
4673.6113
4702.587
4709.762
4678.0986
4693.368
4691.9644
4689.346
4682.353
4677.833
4674.7173
4691.828
4685.736
4689.277
4700.5293
4682.334
4675.4175
4672.302
4683.9434
4693.0425
4684.099
4694.3804
4686.37
4678.4517
4682.114
4681.2017
4688.7134
4671.0796
4674.961
4683.9595
4671.3403
4669.0723
4683.391
4686.164
4676.5386
4701.8267
4687.9946
4681.3022
4671.81
4676.9185
4699.371
4699.986
4684.19
4672.6494
4675.733
4693.8496
4706.884
4684.4385
4679.508
4683.036
4691.458
4671.8696
4690.961
4684.86
4685.0225
4680.494
4679.4604
4706.3677
4684.1763
4668.3223
4677.51
4694.3267
4658.3267
4677.072
4695.2207
4684.919
4682.108
4705.7
4658.0693
4675.202
4666.1133
4655.6494
4683.138
4662.641
4682.021
4672.6997
4664.105
4675.744
4693.4165
4670.9424
4687.985
4669.111
4692.307
4686.314
4685.69
4660.9814
4671.302
4674.86
4659.2026
4658.9287
4660.552
4685.479
4674.6143
4677.3105
4672.437
4685.5977
4673.423
4682.399
4680.679
4680.8525
4669.147
4699.7046
4685.7764
4676.76
4685.0366
4671.787
4670.863
4692.5986
4663.648
4679.174
4687.8086
4665.582
4695.3105
4688.8237
4672.5747
4670.6504
4674.277
4676.5547
4668.5215
4673.621
4662.941
4664.8037
4679.4946
4687.4937
4659.6313
4669.6245
4668.922
4689.131
4676.3667
4672.395
4683.049
4661.46
4671.3486
4687.738
4668.5767
4674.4053
4667.32
4673.8745
4669.211
4694.49
4664.271
4671.6094
4677.384
4668.5737
4665.5117
4669.6455
4664.819
4664.528
4673.339
4671.8823
4673.7705
4674.7534
4677.2593
4671.7974
4680.929
4666.2124
4692.1836
4671.4316
4693.019
4662.3027
4667.56
4672.289
4677.727
4650.554
4673.255
4670.911
4669.851
4662.724
4667.957
4657.364
4668.7803
4660.1074
4702.1895
4665.535
4675.257
4686.166
4679.5347
4667.301
4659.2324
4670.077
4651.107
4656.046
4656.1216
4646.161
4657.3555
4680.102
4630.094
4659.6875
4643.409
4636.44
4663.7773
4671.4146
4650.2324
4656.205
4658.441
4659.5537
4652.8765
4662.348
4667.711
4640.167
4656.1562
4661.867
4648.9385
4651.4297
4660.2666
4646.664
4641.3276
4652.3726
4651.7227
4654.266
4636.9155
4641.091
4664.845
4656.7896
4651.259
4665.5503
4655.556
4645.7646
4657.865
4633.334
4672.295
4653.963
4646.565
4632.967
4659.439
4635.025
4624.026
4643.526
4638.241
4650.16
4667.529
4654.778
4668.4517
4646.549
4650.1343
4644.43
4643.3228
4653.092
4647.1367
4647.469
4639.632
4648.4517
4648.343
4663.167
4636.5747
4656.1694
4636.329
4640.5356
4674.5605
4647.591
4672.477
4639.6855
4633.7417
4667.011
4653.561
4632.3335
4637.275
4653.8545
4658.891
4644.3613
4644.5977
4646.587
4643.008
4651.6304
4642.0547
4653.2676
4644.537
4622.152
4648.3125
4636.787
4640.045
4638.792
4639.6235
4638.7544
4639.5654
4657.99
4657.127
4650.6577
4632.4775
4644.159
4634.2
4640.86
4644.661
4656.305
4620.4756
4647.3716
4622.7856
4638.9224
4650.615
4649.424
4643.649
4651.263
4635.1147
4629.6465
4637.0996
4634.9575
4643.823
4640.708
4669.023
4627.781
4642.8486
4635.202
4660.0376
4640.915
4622.128
4637.587
4644.5376
4641.435
4663.3174
4646.5205
4636.1743
4648.3013
4631.803
4642.8413
4612.997
4624.269
4620.67
4627.1006
4630.43
4646.9844
4623.2793
4633.9375
4621.1846
4645.683
4624.202
4645.712
4635.969
4624.316
4613.94
4630.8896
4658.907
4638.7983
4626.974
4630.059
4653.0703
4649.8765
4631.4097
4635.883
4638.2285
4639.394
4632.426
4652.564
4630.9395
4640.146
4621.265
4627.8486
4638.267
4626.7803
4634.818
4616.947
4616.1885
4637.8833
4596.5576
4634.951
4625.4966
4652.49
4633.8267
4630.123
4619.9805
4616.0684
4621.707
4629.997
4638.1924
4660.6104
4641.8975
4628.2603
4652.5825
4640.9854
4630.8213
4624.252
4649.503
4611.4956
4635.3823
4637.091
4617.7656
4607.681
4631.203
4626.906
4642.1797
4635.903
4640.9897
4630.683
4618.5586
4620.5776
4646.1606
4608.5938
4616.578
4623.652
4626.91
4612.345
4616.1396
4636.05
4611.739
4630.5137
4636.851
4629.107
4605.858
4633.7646
4616.402
4623.3877
4622.0347
4655.6895
4616.4077
4605.4688
4631.2217
4633.1694
4613.2007
4613.388
4602.6196
4630.665
4612.4756
4636.501
4614.109
4620.566
4613.239
4613.369
4647.1787
4632.42
4631.783
4617.4233
4617.9814
4632.9663
4602.876
4620.31
4629.423
4630.31
4632.8486
4623.5967
4610.8037
4615.55
4643.219
4608.779
4611.5405
4610.9165
4617.6113
4620.1997
4612.6597
4620.9775
4616.3247
4620.3633
4612.371
4615.64
4628.34
4610.101
4613.541
4613.0576
4611.4688
4614.0625
4609.137
4616.3984
4618.7563
4626.012
4621.4985
4614.028
4627.1333
4619.45
4598.797
4632.7256
4624.081
4588.575
4622.295
4617.755
4631.925
4622.369
4630.0483
4597.8804
4606.9053
4618.065
4602.7695
4609.709
4616.859
4622.0015
4610.177
4610.8457
4619.9106
4622.5
4605.463
4611.692
4611.312
4621.039
4611.6455
4622.6313
4610.3804
4614.3574
4596.9316
4624.8193
4603.6133
4620.05
4610.95
4619.119
4616.913
4612.2266
4610.199
4604.215
4602.282
4608.411
4606.5444
4626.6377
4618.6035
4616.4
4596.697
4601.7705
4601.1973
4602.9077
4591.692
4627.441
4592.309
4599.8555
4640.0977
4603.9214
4592.7085
4618.169
4596.948
4595.7954
4611.1274
4620.575
4619.0396
4587.8228
4626.0693
4601.8374
4601.1562
4602.8823
4614.439
4609.4624
4593.0493
4597.822
4582.118
4582.689
4572.3584
4605.966
4611.6636
4588.0947
4620.011
4614.216
4604.162
4605.4375
4594.105
4606.3965
4609.0625
4589.164
4600.519
4613.3823
4602.676
4596.1187
4589.206
4586.203
4584.79
4606.8794
4578.401
4601.147
4600.9863
4593.17
4590.244
4591.0396
4580.799
4585.959
4608.413
4572.7285
4606.6147
4603.0063
4586.1265
4585.2207
4588.417
4598.306
4604.033
4590.9395
4585.4956
4611.9478
4589.0923
4601.9404
4606.3154
4591.7744
4599.2856
4622.8574
4601.274
4593.6597
4616.6357
4614.3535
4583.8896
4590.541
4590.2085
4603.1016
4585.7437
4588.824
4589.1367
4594.098
4601.3887
4569.312
4583.8975
4571.0107
4597.4834
4591.493
4581.995
4591.9463
4583.0537
4592.3975
4598.4683
4592.509
4600.2217
4602.575
4583.192
4587.1416
4587.788
4591.6055
4611.0767
4576.0195
4584.419
4590.442
4590.686
4575.6826
4593.0264
4604.142
4577.8916
4579.966
4585.3633
4594.761
4576.312
4597.1943
4602.3564
4586.308
4592.4565
4600.461
4585.9224
4579.2173
4586.994
4588.679
4578.599
4571.1465
4582.008
4575.285
4590.222
4579.9263
4564.622
4579.532
4591.5776
4585.7573
4577.5
4598.5063
4601.886
4594.837
4585.7197
4600.467
4583.282
4579.5024
4583.095
4586.451
4578.751
4595.329
4577.2036
4615.362
4598.574
4584.3345
4578.1143
4569.7114
4578.295
4566.9565
4594.7725
4586.2305
4593.491
4581.497
4584.1978
4585.9927
4568.9004
4573.6875
4590.831
4595.2563
4574.997
4567.5093
4569.627
4607.79
4593.952
4605.81
4597.036
4569.64
4599.3843
4592.8584
4588.0605
4584.829
4573.9155
4583.035
4609.9473
4595.0825
4579.277
4572.5347
4597.7104
4585.3574
4581.9707
4542.3154
4586.285
4581.6743
4561.6904
4588.404
4595.252
4605.8857
4603.322
4578.223
4588.655
4590.7437
4586.9023
4582.5273
4583.4204
4592.8115
4586.8374
4593.5684
4579.783
4587.7563
4588.175
4577.6934
4578.383
4593.204
4579.298
4582.595
4579.3716
4578.9473
4597.69
4568.4746
4583.3604
4583.16
4592.5596
4579.2837
4583.1475
4583.0234
4587.561
4589.691
4584.5127
4591.1445
4573.5493
4591.7646
4569.804
4587.0776
4589.288
4574.922
4568.527
4555.6494
4588.908
4567.9727
4581.623
4599.6016
4565.5254
4589.152
4573.9673
4622.0176
4575.0054
4580.68
4595.439
4589.6177
4584.878
4588.01
4570.497
4566.113
4576.665
4574.4775
4593.8364
4582.747
4577.91
4574.3643
4582.163
4563.3066
4578.6177
4578.513
4584.5815
4584.302
4594.977
4592.8774
4567.596
4598.238
4583.3877
4569.091
4589.5503
4571.3086
4593.4404
4575.0605
4570.5415
4582.9585
4561.674
4557.4653
4586.8906
4593.866
4591.398
4592.2324
4564.636
4570.84
4581.297
4587.375
4561.048
4587.6104
4587.5967
4573.65
4566.6333
4589.707
4569.2744
4576.12
4586.9604
4584.8794
4605.168
4574.3975
4580.0737
4578.5854
4586.9634
4583.378
4588.49
4571.977
4575.9976
4572.564
4574.7153
4580.2046
4567.728
4580.5986
4581.0347
4593.2944
4578.677
4581.2905
4582.0117
4587.689
4570.7993
4586.0947
4577.077
4577.646
4592.4497
4579.2236
4577.636
4577.8867
4563.0854
4576.8003
4582.9536
4578.9087
4569.9673
4590.047
4560.669
4590.47
4565.251
4584.992
4584.272
4563.708
4576.892
4591.8975
4562.999
4595.423
4563.918
4567.0786
4596.0903
4581.027
4579.4644
4574.256
4580.792
4594.577
4570.8696
4578.811
4583.96
4567.865
4566.5703
4564.7725
4575.9365
4574.9897
4585.0435
4551.86
4580.406
4561.1333
4576.185
4572.6396
4556.2476
4569.1865
4580.366
4584.9077
4566.354
4575.302
4556.182
4571.0674
4562.696
4562.8433
4559.1743
4604.3276
4562.3604
4570.4736
4577.005
4579.4067
4572.348
4569.1294
4577.8027
4578.799
4566.4946
4567.491
4570.0034
4575.218
4577.3823
4583.9863
4560.728
4602.7905
4566.1143
4580.307
4571.101
4566.168
4577.0576
4568.965
4575.336
4567.282
4577.615
4597.4175
4558.9956
4569.6807
4569.579
4578.8413
4578.807
4572.125
4549.372
4572.9365
4578.6855
4569.44
4568.591
4582.927
4544.092
4577.495
4564.2124
4588.2856
4569.318
4544.5674
4580.951
4553.204
4573.028
4547.976
4564.129
4555.144
4582.4595
4557.59
4575.205
4582.215
4555.557
4559.825
4547.7485
4569.281
4573.8877
4572.11
4553.831
4567.0415
4577.6987
4581.3506
4559.916
4575.5405
4572.1294
4559.36
4568.5005
4560.899
4574.8696
4589.3784
4554.988
4570.756
4566.66
4564.581
4579.7373
4565.6157
4593.595
4575.401
4559.2837
4570.2134
4569.996
4562.81
4554.2876
4577.6104
4568.3643
4558.459
4562.8086
4565.6265
4547.9272
4555.9146
4566.332
4551.9717
4577.4346
4553.821
4557.9033
4574.3906
4558.783
4568.553
4575.4556
4567.1553
4560.9585
4581.8345
4560.334
4553.5474
4574.5933
4577.2754
4576.8955
4574.278
4575.7417
4572.874
4559.706
4556.7466
4558.298
4580.245
4555.961
4566.942
4556.8066
4569.5513
4563.016
4561.6714
4572.247
4569.4897
4557.4194
4578.9873
4567.435
4547.2476
4559.77
4559.1665
4575.988
4546.361
4567.6313
4552.1772
4551.474
4568.3115
4567.2197
4567.407
4553.271
4556.0024
4568.351
4544.6865
4556.701
4574.1343
4563.0205
4554.7266
4574.636
4567.0967
4579.4194
4547.5186
4564.896
4569.958
4552.423
4577.958
4570.424
4548.4507
4572.317
4569.7847
4570.257
4571.819
4560.5186
4560.8384
4566.344
4560.209
4562.604
4557.2666
4557.232
4567.9756
4544.5967
4560.318
4548.544
4574.083
4546.27
4559.1396
4574.8276
4566.7446
4566.595
4571.9365
4542.86
4561.066
4552.6084
4554.223
4568.564
4548.1
4563.9844
4576.6055
4557.454
4577.204
4562.378
4570.025
4552.4775
4556.185
4565.2744
4563.67
4568.765
4563.631
4571.4263
4556.7197
4549.3457
4553.2495
4579.132
4550.4785
4557.0576
4565.018
4537.386
4563.7754
4547.4614
4550.211
4578.3687
4561.058
4559.226
4573.499
4541.227
4563.094
4548.885
4556.4634
4560.587
4557.087
4560.222
4548.273
4550.7295
4574.7217
4558.814
4551.556
4566.909
4559.1436
4558.308
4561.3677
4559.8486
4558.1074
4560.315
4548.937
4553.8037
4543.6035
4550.3423
4551.0605
4547.9834
4561.1694
4565.8564
4546.5527
4566.5283
4553.7935
4556.196
4559.2065
4553.502
4549.8726
4571.3726
4565.1226
4550.58
4537.8755
4542.128
4554.662
4554.137
4562.3926
4569.3027
4559.131
4563.1587
4564.6914
4548.801
4554.183
4558.5337
4562.983
4561.121
4558.8916
4563.2593
4559.0376
4544.3374
4533.943
4554.5327
4591.0815
4556.349
4557.2754
4568.874
4555.497
4572.849
4560.4575
4543.2583
4566.6484
4542.1587
4564.224
4567.5425
4574.3794
4545.632
4566.3047
4548.909
4561.4316
4538.431
4542.302
4533.526
4541.7246
4569.153
4562.779
4540.817
4563.2725
4544.1646
4549.2686
4558.6772
4559.6147
4567.2583
4549.566
4550.609
4542.338
4550.4614
4552.5312
4571.701
4545.6055
4564.762
4546.857
4551.199
4545.5107
4561.7383
4558.115
4567.622
4551.936
4545.2925
4554.001
4567.7266
4543.705
4564.416
4558.485
4556.4307
4553.103
4550.113
4546.3174
4548.742
4563.557
4541.989
4548.9785
4570.4214
4577.2505
4539.69
4567.238
4568.9575
4552.765
4566.552
4552.5127
4557.179
4542.1226
4557.1484
4550.6714
4553.9175
4558.6123
4559.5737
4555.153
4564.459
4529.0747
4545.1826
4562.66
4555.8228
4542.2324
4557.278
4569.44
4554.3076
4563.31
4545.8896
4559.9844
4554.6577
4535.824
4558.405
4559.5405
4546.222
4563.5996
4535.3374
4576.405
4569.6064
4548.894
4556.726
4558.944
4547.7886
4557.3936
4543.118
4554.262
4566.4854
4544.6597
4567.8545
4543.6543
4556.876
4562.533
4546.765
4560.3647
4570.84
4572.9736
4540.128
4548.3423
4552.9355
4570.112
4543.214
4539.4736
4569.784
4551.322
4557.4897
4554.3164
4567.3486
4543.6963
4559.5903
4543.63
4545.7305
4545.6733
4534.2856
4547.5146
4553.1924
4560.4385
4558.7847
4558.877
4562.6943
4552.2563
4553.3076
4563.7393
4543.8174
4550.6294
4548.7876
4549.1465
4561.2407
4560.474
4549.0996
4554.3057
4563.4624
4542.1655
4538.0923
4566.4
4537.8286
4564.048
4552.479
4564.4316
4552.929
4546.889
4549.044
4540.5493
4545.496
4578.464
4546.053
4544.762
4550.159
4542.1987
4551.4956
4547.244
4541.0747
4538.5713
4547.6294
4554.18
4542.0913
4558.382
4562.0737
4545.525
4553.155
4535.419
4550.979
4535.364
4545.7197
4557.985
4549.145
4547.072
4533.3394
4571.667
4543.071
4540.791
4533.9526
4552.5615
4544.435
4545.343
4550.3555
4543.295
4561.442
4563.5337
4556.43
4549.102
4536.9243
4543.195
4527.6206
4546.1885
4568.645
4564.5483
4543.211
4540.762
4555.0967
4552.46
4556.124
4547.896
4536.445
4542.8765
4554.009
4533.15
4551.589
4539.7734
4529.4717
4544.9136
4542.7383
4525.4478
4530.5874
4545.267
4550.9683
4517.098
4549.9673
4573.395
4558.3003
4545.5044
4534.593
4538.023
4559.6157
4546.1016
4554.2314
4551.0747
4547.1387
4551.69
4571.3975
4541.9277
4547.553
4550.157
4555.895
4546.4077
4554.3
4538.4297
4549.2075
4547.8794
4562.0596
4576.302
4540.881
4541.8257
4547.2495
4544.909
4553.9307
4557.6846
4539.8916
4539.5874
4554.3726
4544.0586
4543.4883
4547.8584
4548.4443
4540.2085
4544.02
4553.1904
4542.991
4548.5264
4546.2266
4528.3623
4539.543
4544.4336
4553.296
4529.365
4556.5884
4551.18
4562.0195
4551.2983
4543.2856
4540.236
4559.138
4523.0376
4549.9404
4553.9775
4551.5454
4562.842
4531.717
4564.9595
4551.5083
4550.164
4548.1523
4544.887
4540.6865
4544.101
4552.209
4554.508
4533.397
4547.8687
4539.4355
4548.04
4559.97
4547.8496
4561.2324
4569.581
4532.944
4540.4673
4539.595
4542.2617
4543.9673
4550.0825
4540.414
4541.025
4548.3223
4573.3853
4565.5156
4538.6772
4542.7085
4548.224
4567.5503
4547.81
4558.9155
4565.949
4545.2046
4554.2266
4547.7456
4543.4453
4549.772
4545.31
4544.5293
4561.568
4569.6494
4558.4336
4539.4404
4535.2114
4568.785
4543.326
4551.104
4539.598
4561.078
4528.052
4563.997
4539.3394
4551.0684
4570.083
4548.805
4549.058
4561.4644
4543.334
4552.461
4569.3867
4551.7993
4538.767
4547.8154
4529.2515
4566.5083
4554.8916
4548.0713
4549.9136
4552.9307
4552.09
4558.4463
4567.231
4548.307
4539.6377
4549.9365
4553.203
4541.5723
4539.026
4544.938
4572.6694
4546.1885
4552.2754
4558.968
4545.4307
4528.0244
4560.052
4537.8145
4543.3813
4551.834
4535.45
4551.4443
4563.4897
4552.6606
4528.7676
4538.3135
4549.6255
4557.675
4546.106
4552.4756
4543.384
4540.858
4550.061
4532.198
4557.021
4561.9297
4552.8555
4535.334
4547.969
4565.2993
4561.582
4558.4795
4532.1177
4550.7734
4546.37
4549.92
4552.8564
4543.1826
4551.6167
4547.964
4543.0454
4547.785
4552.709
4538.754
4549.962
4550.3335
4551.4136
4549.4556
4543.1025
4544.6562
4542.8394
4553.238
4557.932
4558.905
4532.9033
4536.1953
4544.462
4542.568
4540.7515
4517.0547
4565.151
4547.6606
4536.756
4537.362
4554.2964
4547.8833
4543.4307
4544.8853
4544.121
4556.553
4533.9053
4553.348
4558.733
4558.583
4550.741
4559.3413
4548.0938
4538.7295
4545.5186
4525.3965
4554.231
4541.6387
4548.8184
4530.3887
4539.2617
4531.4634
4528.0664
4555.335
4535.947
4530.486
4545.111
4534.7583
4542.485
4542.911
4539.6978
4542.2373
4543.4697
4548.8994
4541.7812
4557.329
4547.4155
4546.504
4545.604
4543.012
4549.6006
4556.691
4539.025
4524.5923
4542.911
4545.8403
4549.2515
4538.8887
4546.791
4534.127
4547.847
4553.977
4540.935
4553.5977
4535.134
4568.342
4535.614
4546.9336
4561.61
4567.657
4540.4575
4526.0215
4540.3325
4545.1914
4545.1655
4537.551
4568.9526
4554.238
4559.3726
4539.6064
4564.14
4555.8696
4542.6064
4546.066
4540.048
4533.906
4558.593
4544.9116
4535.1953
4540.301
4572.7812
4538.334
4542.9644
4553.0405
4561.8223
4546.285
4552.445
4542.4263
4554.107
4557.108
4523.3296
4547.8086
4550.7383
4531.2905
4562.574
4547.6284
4545.649
4551.7534
4541.48
4560.247
4555.901
4539.449
4546.7124
4544.412
4539.4014
4536.2725
4551.1133
4543.4604
4547.0796
4551.924
4544.278
4541.4624
4527.489
4563.514
4552.487
4548.752
4567.0034
4549.514
4558.453
4559.0015
4531.6187
4562.549
4528.38
4543.699
4554.066
4552.7803
4532.077
4560.3237
4543.782
4542.869
4544.5664
4561.505
4531.9683
4551.01
4568.846
4549.131
4556.137
4545.5845
4526.843
4559.1475
4548.615
4540.564
4539.648
4539.379
4561.6196
4544.629
4544.691
4563.588
4549.821
4521.363
4530.295
4544.4883
4558.625
4540.942
4562.4336
4545.5796
4544.282
4546.9673
4534.0703
4550.794
4554.7964
4537.857
4558.4365
4549.265
4529.7344
4556.97
4553.6846
4560.2544
4539.6123
4541.614
4543.8203
4563.6187
4526.1113
4576.071
4544.654
4561.293
4548.8647
4528.221
4556.6064
4551.461
4542.3486
4548.2476
4544.0
4537.5547
4551.386
4549.8105
4553.4224
4551.743
4563.3096
4547.2163
4529.15
4538.219
4549.571
4564.386
4544.1753
4536.5156
4554.0513
4563.8906
4554.5044
4557.1963
4560.51
4564.1655
4566.0903
4543.191
4551.618
4537.178
4565.22
4541.5283
4548.5635
4547.866
4540.5693
4536.9526
4546.869
4565.2515
4542.521
4519.4146
4546.569
4568.7295
4534.5635
4562.138
4538.8555
4525.2983
4548.3804
4557.6797
4560.163
4549.8794
4555.5312
4540.786
4552.463
4547.0166
4570.435
4546.7954
4544.443
4574.866
4538.304
4563.919
4555.958
4555.3984
4542.7173
4529.7925
4555.999
4539.2505
4552.0728
4532.927
4553.0264
4549.049
4570.446
4546.436
4574.881
4560.5737
4564.052
4563.293
4549.083
4550.983
4531.8804
4549.13
4514.7764
4551.362
4565.3374
4556.9917
4545.841
4560.404
4541.549
4549.9307
4546.5596
4565.8047
4562.4346
4569.226
4545.955
4538.4897
4561.9526
4550.289
4554.7285
4541.156
4548.197
4549.7856
4566.64
4546.568
4549.0234
4547.869
4555.1157
4544.1177
4542.117
4540.3706
4556.4624
4567.5166
4535.1133
4557.2383
4546.764
4566.5117
4551.444
4574.8203
4569.152
4533.753
4543.187
4538.772
4548.9995
4544.6753
4560.0083
4546.7954
4551.2744
4545.9756
4577.8994
4550.0693
4549.395
4553.7065
4542.546
4554.175
4549.9897
4542.8594
4530.8613
4566.492
4547.0444
4572.9614
4546.666
4528.1406
4547.01
4547.177
4564.115
4546.38
4561.007
4555.0127
4569.2754
4543.0195
4535.0376
4547.3604
4542.0864
4588.9966
4558.14
4567.256
4564.4175
4570.1245
4548.1255
4546.855
4541.1597
4558.457
4537.7456
4553.9556
4559.595
4551.1196
4526.438
4546.427
4536.8374
4559.744
4550.8335
4542.6646
4543.923
4541.7646
4556.831
4528.5376
4527.409
4555.7617
4538.117
4533.085
4535.7407
4563.1123
4557.5576
4551.536
4553.562
4555.1274
4557.7427
4570.848
4560.259
4546.057
4539.6255
4558.8916
4547.2354
4555.7983
4546.567
4531.5176
4560.7754
4531.2495
4553.6777
4560.604
4582.3516
4540.568
4531.073
4546.3574
4539.695
4556.117
4551.464
4549.2
4552.3906
4568.569
4542.726
4548.4033
4556.698
4544.9277
4548.1113
4549.0967
4544.173
4555.259
4546.619
4574.3687
4556.2593
4565.168
4548.8076
4554.238
4556.9536
4542.9316
4543.5894
4546.8203
4553.2905
4554.0913
4561.584
4547.13
4561.328
4535.572
4563.094
4560.844
4567.972
4555.3545
4559.025
4555.9985
4529.298
4558.2256
4574.6406
4535.6333
4565.7544
4545.1777
4540.612
4550.1465
4545.7915
4552.5845
4544.129
4570.833
4550.9634
4563.0557
4550.669
4543.869
4553.0625
4561.3506
4556.9453
4547.291
4546.0083
4556.0957
4548.028
4551.831
4544.481
4543.645
4556.5186
4535.103
4536.6157
4531.7134
4546.1978
4553.4727
4547.0337
4581.9463
4555.7847
4572.6187
4551.578
4552.635
4553.675
4561.752
4544.776
4544.112
4562.0615
4574.2124
4560.997
4564.137
4561.206
4530.0327
4555.1143
4571.025
4560.1143
4555.136
4563.5503
4552.398
4559.08
4564.089
4547.1
4538.508
4553.777
4566.137
4558.804
4546.5786
4555.6514
4544.9023
4559.0454
4559.555
4569.4033
4553.7676
4555.0674
4552.0757
4560.425
4544.774
4564.3174
4561.4097
4556.878
4562.066
4558.113
4566.1934
4544.1177
4578.289
4554.398
4544.5347
4539.649
4562.46
4569.801
4568.435
4555.606
4556.642
4560.006
4541.2095
4554.7544
4548.586
4563.031
4551.1987
4551.9355
4554.1714
4553.414
4549.4204
4538.8345
4571.361
4568.8286
4560.678
4536.121
4560.9033
4573.3594
4543.0957
4561.5034
4561.0957
4563.6553
4554.8623
4550.7354
4568.6494
4551.3975
4546.2314
4565.707
4554.9087
4537.3354
4567.765
4584.2295
4568.65
4555.7754
4557.0444
4568.5083
4553.098
4531.812
4554.358
4572.8027
4570.1533
4556.851
4567.1104
4565.3857
4563.0825
4560.232
4562.018
4549.2593
4562.6094
4555.7617
4564.2
4564.006
4570.653
4565.2764
4553.0864
4551.3535
4584.8745
4565.502
4546.329
4559.267
4550.7427
4558.64
4564.1045
4566.955
4533.9263
4564.353
4568.373
4566.245
4555.907
4570.036
4552.3784
4572.5586
4532.138
4575.446
4563.231
4566.8823
4569.286
4570.5176
4534.1665
4576.381
4537.881
4563.149
4569.92
4553.1836
4556.5728
4539.605
4525.9585
4554.218
4525.5566
4563.0913
4555.901
4549.055
4573.8755
4552.737
4569.475
4551.633
4545.1807
4553.7935
4564.781
4535.9937
4565.5435
4563.9204
4563.1255
4539.3125
4556.23
4554.1367
4557.1177
4556.1406
4556.332
4540.757
4565.62
4547.2827
4556.8745
4544.684
4558.652
4559.14
4560.2065
4562.6484
4564.911
4561.9785
4562.246
4549.3374
4556.802
4555.3438
4558.5293
4531.063
4553.679
4563.0156
4558.3125
4549.3022
4549.47
4556.997
4558.5693
4548.793
4564.622
4533.5728
4556.5283
4570.611
4559.062
4563.734
4561.6143
4561.7314
4569.1807
4565.813
4553.464
4533.667
4536.5034
4557.0093
4543.1655
4566.56
4541.103
4553.264
4563.871
4556.216
4574.8403
4552.8
4558.0386
4555.2573
4547.542
4563.9976
4555.165
4568.226
4568.617
4563.468
4561.8955
4532.9277
4549.0244
4534.8384
4568.6567
4532.0713
4551.256
4573.285
4571.742
4548.794
4555.4263
4555.936
4553.168
4580.629
4554.985
4534.725
4554.6978
4549.216
4547.0835
4530.386
4563.763
4555.754
4561.3257
4550.2456
4554.308
4548.3555
4557.485
4549.543
4558.874
4549.018
4561.0645
4567.6343
4542.8374
4566.7964
4579.0815
4568.367
4564.5938
4561.8203
4559.3813
4563.2847
4580.3965
4560.0176
4554.5054
4575.6743
4547.355
4573.0176
4544.3213
4566.999
4544.822
4553.2456
4556.493
4550.419
4545.6206
4542.966
4570.084
4554.3896
4573.429
4559.6406
4571.79
4571.6206
4550.3027
4563.4746
4552.959
4550.1807
4556.219
4579.2188
4548.3286
4555.1147
4543.7183
4572.9683
4545.248
4557.9688
4567.9424
4560.0425
4589.574
4551.273
4553.073
4568.117
4568.653
4556.008
4557.6313
4565.911
4555.2607
4558.0625
4568.029
4543.363
4561.4336
4555.4814
4561.087
4567.0566
4570.8013
4556.417
4575.062
4556.7085
4546.7725
4567.761
4578.019
4552.729
4555.5703
4565.568
4546.4116
4573.3657
4561.635
4559.7397
4543.7227
4561.9907
4559.422
4549.712
4566.269
4534.049
4567.1475
4576.949
4553.0625
4556.087
4563.1333
4539.6465
4562.5225
4571.377
4552.4434
4563.8135
4551.4795
4548.664
4566.1
4546.115
4558.6665
4586.1323
4570.5264
4556.955
4541.2583
4566.487
4565.0117
4540.7847
4572.7246
4558.964
4547.7603
4572.99
4544.495
4545.199
4553.075
4574.268
4545.8804
4553.4053
4533.7705
4536.069
4570.8164
4543.173
4552.6826
4577.9893
4569.8833
4525.6797
4553.5503
4548.583
4553.77
4562.569
4556.401
4568.1475
4555.6963
4529.7534
4534.192
4556.466
4547.5337
4572.5903
4545.952
4562.7188
4553.2905
4545.059
4542.176
4555.016
4569.9907
4545.955
4542.539
4549.689
4554.852
4551.7246
4567.2383
4560.009
4556.9478
4546.392
4532.7983
4562.1597
4529.45
4573.0547
4552.5063
4548.04
4558.5083
4556.995
4567.502
4561.161
4560.9736
4544.4995
4539.2583
4550.726
4566.537
4570.4756
4585.4614
4544.2896
4558.8115
4579.264
4548.707
4536.886
4553.9434
4552.744
4558.1675
4578.1685
4559.7427
4564.7383
4563.5527
4558.454
4537.3535
4560.076
4565.4033
4573.622
4558.5713
4569.397
4520.976
4556.5938
4560.7295
4567.2197
4559.566
4547.31
4568.476
4562.227
4558.296
4577.0527
4575.6523
