10079.552
10073.002
10068.913
10066.759
10064.743
10061.842
10059.285
10057.74
10055.638
10054.206
10052.267
10051.668
10051.297
10051.633
10050.059
10048.77
10047.883
10047.276
10046.557
10045.99
10044.413
10044.357
10043.275
10043.233
10042.982
10042.486
10042.014
10041.892
10040.723
10040.89
10040.743
10039.819
10039.57
10038.93
10038.195
10038.085
10037.297
10036.801
10035.998
10036.268
10036.039
10035.477
10035.361
10034.9375
10034.403
10033.708
10033.279
10033.01
10032.788
10031.704
10031.472
10030.973
10030.355
10030.046
10029.552
10029.21
10028.581
10028.145
10027.077
10027.337
10026.596
10026.097
10025.247
10025.212
10024.169
10023.849
10023.227
10022.176
10021.864
10021.501
10021.712
10021.241
10020.627
10019.687
10019.072
10018.664
10018.504
10017.687
10016.634
10016.388
10016.27
10014.806
10014.614
10013.72
10012.246
10011.599
10010.414
10009.55
10008.727
10008.573
10007.734
10006.431
10006.589
10005.719
10004.478
10004.262
10003.041
10002.451
10001.393
10000.482
9999.485
9998.981
9997.657
9997.594
9996.364
9995.084
9994.533
9993.105
9992.526
9991.26
9990.449
9988.8955
9987.608
9986.738
9984.974
9983.621
9982.241
9981.322
9980.117
9979.095
9978.146
9976.605
9975.731
9974.623
9972.396
9971.75
9970.031
9968.478
9968.297
9965.904
9963.628
9962.707
9961.413
9959.852
9957.131
9955.808
9954.208
9951.123
9949.827
9948.28
9946.54
9944.642
9942.683
9941.186
9939.504
9936.979
9935.262
9932.364
9931.577
9929.025
9926.911
9925.262
9922.55
9920.964
9918.476
9915.54
9911.947
9910.751
9908.834
9905.232
9902.465
9899.875
9896.315
9894.766
9891.465
9889.34
9887.595
9884.653
9881.569
9878.888
9875.162
9873.234
9869.539
9867.755
9862.763
9860.172
9857.817
9852.956
9850.397
9846.443
9843.277
9840.281
9836.877
9833.927
9829.5625
9825.196
9823.617
9819.041
9815.408
9810.572
9807.298
9803.988
9798.332
9795.7
9791.926
9787.026
9782.257
9778.871
9774.721
9769.404
9765.877
9761.913
9757.311
9754.326
9748.791
9746.236
9739.364
9737.439
9731.967
9725.784
9722.902
9719.111
9714.7705
9708.492
9704.684
9702.414
9693.902
9690.5
9685.267
9681.951
9675.496
9671.956
9666.337
9662.061
9656.975
9651.78
9645.057
9641.668
9634.951
9634.245
9626.918
9622.382
9615.919
9609.818
9606.107
9601.535
9598.265
9588.354
9583.851
9578.72
9572.113
9568.737
9560.145
9556.494
9551.234
9544.944
9537.509
9535.02
9530.871
9524.909
9522.08
9515.572
9508.474
9504.578
9500.138
9491.467
9487.11
9483.107
9477.395
9471.573
9465.453
9460.151
9454.647
9449.235
9445.3955
9439.088
9429.568
9425.713
9421.993
9416.743
9409.911
9406.908
9400.572
9395.212
9389.96
9384.403
9380.165
9372.844
9371.367
9365.593
9355.094
9349.708
9346.524
9343.195
9335.112
9330.565
9329.751
9324.929
9319.905
9313.598
9307.612
9299.646
9295.184
9291.4375
9290.277
9283.862
9275.331
9273.958
9264.986
9260.273
9256.392
9251.909
9245.415
9240.155
9237.889
9230.558
9226.998
9219.3545
9217.557
9214.178
9206.429
9203.369
9201.886
9190.327
9189.626
9180.9795
9181.456
9171.065
9169.08
9165.199
9159.85
9156.549
9150.197
9145.219
9139.703
9139.547
9132.846
9126.256
9122.524
9119.826
9114.626
9112.177
9104.309
9100.357
9096.821
9091.632
9089.094
9085.2
9080.061
9077.615
9070.924
9068.731
9066.385
9058.626
9056.343
9052.359
9044.478
9040.918
9039.272
9035.626
9029.199
9026.716
9025.163
9019.944
9013.404
9010.703
9007.978
9003.681
8999.95
8994.392
8988.687
8986.897
8982.374
8977.652
8973.138
8968.142
8965.009
8961.336
8959.89
8954.865
8952.2705
8951.767
8945.448
8940.244
8938.206
8935.265
8932.752
8928.896
8922.719
8919.737
8917.249
8914.096
8907.333
8908.731
8904.4
8898.879
8894.411
8892.489
8888.777
8886.56
8881.071
8876.357
8873.799
8872.324
8871.214
8864.039
8861.507
8856.147
8852.008
8849.134
8848.465
8848.121
8839.604
8838.301
8830.174
8830.935
8826.072
8821.907
8821.563
8816.157
8813.503
8810.196
8809.249
8804.056
8807.478
8800.042
8796.564
8795.789
8793.161
8786.026
8784.65
8783.086
8777.395
8773.481
8771.855
8768.778
8762.935
8760.229
8758.708
8758.365
8751.779
8750.663
8748.326
8743.0205
8740.311
8742.117
8734.357
8732.869
8730.818
8726.395
8723.312
8722.6455
8715.245
8711.22
8708.333
8704.996
8707.044
8703.951
8704.685
8700.498
8696.004
8692.687
8691.095
8688.993
8683.165
8678.663
8678.569
8675.414
8671.566
8674.557
8668.86
8667.764
8660.388
8659.3
8658.659
8659.6455
8653.972
8651.972
8650.794
8646.023
8644.71
8639.596
8640.52
8637.697
8632.446
8632.081
8630.726
8624.26
8621.695
8617.338
8614.274
8612.812
8615.537
8609.709
8604.902
8604.557
8600.583
8596.156
8594.646
8594.111
8591.956
8592.316
8589.218
8583.841
8581.804
8581.921
8579.3
8572.844
8571.736
8571.148
8563.619
8565.627
8558.582
8559.865
8558.346
8558.576
8551.9795
8554.199
8547.503
8543.242
8542.267
8537.093
8539.445
8536.853
8534.275
8530.208
8530.489
8526.08
8521.593
8517.855
8515.782
8515.995
8513.528
8511.373
8509.165
8505.65
8504.8125
8503.179
8499.606
8496.561
8495.206
8491.131
8489.694
8488.613
8484.362
8481.693
8481.708
8474.92
8474.573
8471.216
8470.161
8469.326
8466.515
8466.782
8463.78
8461.826
8455.955
8455.403
8455.306
8450.923
8450.287
8449.682
8447.54
8443.701
8440.532
8438.314
8435.596
8433.588
8431.306
8429.041
8427.66
8427.533
8423.768
8424.442
8423.169
8416.2295
8414.766
8416.63
8411.409
8408.175
8404.358
8402.319
8402.353
8402.066
8399.265
8396.811
8395.881
8392.882
8392.567
8390.232
8390.817
8384.234
8382.055
8377.934
8381.227
8375.44
8374.338
8373.095
8373.158
8367.774
8368.466
8363.063
8360.455
8360.289
8356.048
8354.775
8353.695
8352.733
8351.405
8349.185
8349.246
8340.291
8343.643
8338.137
8335.812
8336.364
8334.594
8332.173
8328.913
8326.847
8328.679
8324.442
8323.081
8319.29
8318.624
8313.575
8313.506
8312.254
8310.4375
8314.254
8307.587
8306.531
8300.941
8301.201
8300.023
8295.975
8294.571
8291.14
8289.212
8290.638
8290.9
8286.866
8283.816
8285.634
8283.061
8279.384
8279.297
8276.94
8276.371
8271.5205
8270.929
8271.183
8271.388
8266.795
8264.501
8262.2705
8263.134
8260.459
8258.199
8256.101
8255.331
8256.175
8250.649
8250.243
8247.676
8245.792
8246.1875
8244.56
8244.613
8243.026
8242.495
8238.788
8233.919
8232.804
8227.632
8226.754
8224.668
8227.233
8222.293
8221.055
8218.142
8214.776
8217.196
8213.946
8211.249
8213.238
8209.069
8208.505
8207.112
8206.329
8202.705
8202.563
8202.401
8201.082
8194.489
8192.812
8191.3926
8192.792
8192.062
8189.9976
8186.0693
8185.171
8184.753
8183.5366
8183.031
8180.8076
8178.4
8177.5063
8178.543
8174.644
8172.029
8172.0566
8169.855
8165.5547
8165.578
8163.5786
8166.8325
8160.6216
8158.3325
8156.183
8158.8574
8155.917
8154.164
8153.951
8149.9087
8147.3423
8145.5386
8143.207
8142.563
8142.7295
8141.7397
8139.979
8137.4077
8140.452
8137.155
8133.192
8133.0986
8132.0786
8130.5293
8128.4443
8126.319
8126.8896
8123.77
8125.0996
8124.654
8119.145
8116.2104
8117.3057
8114.7637
8113.0825
8113.568
8111.4243
8110.9644
8109.2217
8107.505
8108.6904
8108.445
8105.9355
8101.254
8099.776
8097.175
8098.366
8093.283
8091.342
8096.3774
8093.3643
8090.9624
8086.78
8088.046
8085.0396
8085.9146
8083.589
8084.664
8082.768
8083.0
8080.8506
8080.651
8076.022
8073.8096
8075.4937
8072.355
8071.017
8067.1406
8068.8315
8064.489
8065.322
8065.5977
8059.5483
8058.05
8062.282
8057.983
8056.1387
8054.7764
8053.0547
8054.3833
8048.8774
8047.736
8048.9634
8044.7446
8043.1875
8046.3813
8044.1865
8043.8037
8042.0703
8041.087
8041.0566
8036.0864
8035.7476
8034.97
8032.922
8032.0815
8031.18
8029.2534
8026.1807
8024.3096
8024.532
8020.7104
8020.596
8017.088
8017.557
8016.522
8016.4155
8016.661
8016.157
8012.7607
8011.9624
8009.671
8009.498
8008.475
8005.6504
8006.3623
8003.6772
8005.5054
8004.1807
7999.489
7998.731
7999.798
7995.674
7995.1157
7993.5547
7992.6123
7989.6914
7987.4272
7986.841
7987.8413
7984.244
7982.7065
7979.0537
7977.7354
7978.074
7974.8374
7976.2896
7973.423
7972.679
7973.0034
7968.58
7968.696
7969.5835
7965.3447
7970.2446
7968.743
7969.679
7964.472
7966.669
7966.566
7962.2007
7961.6006
7960.3765
7959.221
7958.521
7955.9316
7955.698
7956.9995
7954.294
7949.1123
7949.6826
7949.8687
7948.2466
7948.9844
7943.8022
7946.7783
7945.085
7942.6406
7941.0327
7938.433
7937.0405
7939.0825
7938.0244
7935.4707
7937.0234
7931.9185
7930.729
7931.4023
7930.286
7927.748
7927.455
7926.1074
7922.992
7924.512
7924.1367
7923.681
7922.1606
7918.5874
7917.4194
7916.5566
7914.7393
7912.5
7913.2803
7913.77
7914.2134
7915.5107
7913.5933
7910.11
7908.2646
7902.5176
7902.1924
7904.3403
7901.9224
7901.3066
7901.356
7896.408
7895.8525
7894.5605
7894.6616
7893.9595
7895.826
7893.8594
7892.183
7889.3228
7889.818
7885.933
7887.4683
7884.1216
7883.683
7884.111
7882.678
7883.941
7881.0864
7877.3755
7876.4077
7875.292
7874.3477
7873.671
7873.43
7875.609
7872.692
7870.584
7869.824
7868.2866
7870.168
7866.279
7866.6597
7863.805
7862.9775
7862.7095
7862.774
7860.5674
7861.2314
7858.549
7858.6265
7856.8027
7855.9443
7855.989
7853.078
7848.6826
7849.566
7846.8706
7845.8765
7846.238
7843.263
7842.6514
7842.7666
7840.7393
7841.2515
7841.139
7843.2983
7842.0244
7842.383
7838.385
7836.262
7836.2188
7835.1455
7834.956
7831.286
7830.6606
7830.049
7827.373
7829.576
7826.0835
7829.061
7824.766
7825.1406
7822.8
7820.0454
7818.05
7818.098
7819.183
7817.308
7817.586
7815.5234
7810.8105
7811.961
7809.071
7809.519
7809.0913
7808.2715
7807.483
7808.311
7807.582
7806.3457
7804.8276
7803.7563
7801.173
7798.972
7799.6885
7798.8877
7798.4917
7795.957
7795.0405
7791.449
7791.531
7793.6177
7792.687
7790.9883
7789.8306
7788.615
7787.2324
7784.974
7786.415
7783.306
7781.694
7781.4844
7778.778
7779.611
7779.574
7776.764
7779.431
7779.0034
7774.396
7772.998
7774.5127
7772.4165
7772.2363
7771.88
7773.298
7769.7227
7767.675
7766.449
7763.4194
7763.6597
7764.267
7762.785
7759.6455
7759.885
7759.8345
7758.8237
7757.003
7754.663
7757.744
7758.2305
7755.7593
7753.7446
7752.1865
7750.2983
7749.468
7749.509
7745.381
7748.002
7744.3047
7744.2964
7743.873
7742.9717
7742.984
7741.253
7737.89
7738.654
7740.8916
7739.9863
7735.6304
7734.9224
7734.124
7733.8584
7731.368
7730.9565
7729.9565
7726.4478
7727.383
7728.6865
7726.607
7726.257
7724.742
7722.445
7724.4497
7721.862
7723.9585
7720.992
7721.299
7720.614
7720.053
7718.2563
7719.5513
7715.6235
7714.355
7712.759
7713.504
7712.5645
7713.4917
7710.2505
7709.3896
7709.0522
7707.446
7707.2686
7707.053
7704.3013
7706.7417
7704.2334
7704.341
7704.1323
7703.2515
7701.5522
7698.7764
7700.9897
7697.866
7698.2725
7697.2974
7696.501
7695.8926
7692.353
7691.8447
7692.15
7690.7236
7688.641
7687.8877
7686.846
7686.679
7686.1714
7685.4746
7687.0635
7684.5024
7684.0537
7684.363
7681.9653
7680.7793
7679.204
7677.352
7676.2285
7677.0767
7674.973
7674.3794
7673.3887
7672.5513
7669.7065
7669.6167
7667.6147
7668.9478
7667.165
7667.5513
7664.9424
7666.18
7666.883
7663.891
7663.676
7661.867
7663.7183
7661.9
7659.791
7657.6523
7654.7935
7656.1904
7655.266
7654.5415
7652.413
7650.675
7650.121
7648.837
7648.596
7648.4785
7648.9126
7649.72
7644.718
7647.5107
7645.394
7642.961
7642.4775
7640.679
7639.725
7640.027
7638.9507
7635.7026
7636.5474
7635.921
7636.658
7635.8105
7634.4424
7632.8286
7632.4136
7628.9126
7630.373
7629.6523
7628.482
7627.9214
7627.946
7628.079
7626.9614
7624.336
7623.194
7624.9253
7625.319
7623.0913
7622.1426
7620.5977
7618.5576
7616.1855
7618.647
7615.46
7614.846
7613.69
7613.922
7612.157
7611.4985
7610.503
7609.1167
7609.462
7609.8687
7607.643
7608.0215
7606.1733
7604.7017
7605.716
7604.586
7601.9565
7603.192
7600.2734
7599.571
7597.185
7598.4517
7598.0293
7595.8877
7595.0522
7593.4487
7592.4736
7592.052
7590.234
7589.14
7586.653
7588.564
7587.582
7584.887
7585.6436
7584.731
7584.484
7584.1787
7581.859
7583.417
7581.867
7579.7856
7578.588
7578.0884
7578.1367
7579.695
7579.1216
7574.179
7573.209
7572.428
7573.181
7573.6226
7572.324
7571.8
7570.5933
7568.013
7567.1963
7568.5117
7564.831
7566.4805
7565.213
7565.752
7563.39
7560.477
7561.4043
7562.498
7563.181
7561.802
7559.671
7560.2954
7558.5356
7557.283
7557.028
7555.274
7554.4443
7553.6025
7552.072
7551.3896
7551.482
7549.7573
7550.709
7548.2134
7548.081
7545.4507
7546.8296
7544.6226
7543.899
7540.3994
7538.6763
7540.93
7539.9253
7538.8135
7540.924
7540.9272
7537.195
7536.261
7537.434
7533.8735
7535.528
7535.3003
7533.8125
7533.484
7530.5024
7531.713
7530.745
7529.5806
7528.8027
7529.978
7527.955
7527.517
7526.988
7527.283
7524.243
7525.5923
7524.137
7522.795
7519.688
7520.4463
7518.3423
7517.047
7516.4404
7516.5034
7517.477
7516.4873
7514.76
7513.0103
7513.5146
7512.4062
7509.9517
7509.2295
7507.641
7508.1055
7510.267
7509.3457
7506.927
7507.315
7504.982
7504.017
7506.3984
7503.3257
7503.694
7504.593
7499.9805
7497.531
7498.698
7496.2764
7497.1616
7496.76
7494.1978
7493.3613
7493.766
7494.0747
7492.1445
7490.767
7491.513
7487.28
7487.4385
7487.376
7488.1797
7485.326
7486.1323
7486.4634
7484.954
7484.098
7481.881
7482.6514
7481.3276
7481.512
7481.609
7482.6304
7480.5396
7480.966
7478.605
7475.532
7475.937
7477.1885
7476.24
7474.1665
7474.569
7474.2466
7472.9443
7474.672
7471.399
7470.0474
7468.013
7468.2427
7464.807
7465.787
7462.0938
7462.279
7464.0967
7465.5415
7464.2095
7463.627
7461.631
7461.9907
7462.2227
7459.649
7459.4385
7459.425
7459.9414
7457.1235
7455.002
7455.1655
7455.541
7454.065
7454.5327
7451.1123
7453.057
7451.948
7450.7495
7449.501
7447.32
7447.1416
7445.038
7448.839
7447.1123
7447.3906
7447.1616
7445.139
7445.5845
7444.0234
7443.5806
7442.868
7442.08
7439.808
7442.639
7440.361
7439.1416
7437.166
7439.453
7437.059
7435.878
7432.4736
7433.067
7431.593
7433.776
7433.5454
7431.399
7435.003
7432.3105
7429.9546
7429.709
7428.893
7429.934
7426.2886
7427.1836
7425.6455
7426.2
7424.534
7424.83
7424.6685
7422.4336
7423.655
7424.712
7420.4263
7419.102
7420.0747
7417.9165
7418.5405
7418.335
7419.52
7417.6997
7416.885
7417.1284
7414.7783
7414.5166
7413.0137
7412.018
7411.6245
7410.755
7410.24
7411.165
7412.5327
7411.8857
7408.8643
7409.7993
7406.237
7408.7065
7408.1562
7405.9326
7407.123
7404.7275
7404.2407
7402.3447
7401.576
7399.7695
7401.75
7398.5967
7398.102
7399.9893
7400.048
7398.135
7397.061
7396.66
7395.3467
7393.937
7394.402
7395.0596
7392.9517
7391.3438
7392.669
7390.5205
7389.9814
7390.6655
7388.778
7388.148
7387.764
7388.0107
7387.159
7386.268
7386.583
7384.454
7385.361
7383.699
7383.413
7382.697
7381.9795
7380.3306
7380.4517
7381.3516
7381.891
7378.0
7376.4062
7377.0425
7374.799
7376.254
7374.394
7378.48
7376.5054
7372.8584
7372.3364
7373.306
7372.9067
7370.286
7369.181
7367.9165
7369.1045
7367.119
7367.7637
7367.266
7368.262
7365.936
7365.424
7362.9062
7363.574
7364.7603
7362.1274
7358.143
7359.537
7361.64
7360.5947
7359.336
7358.8833
7359.5566
7359.5747
7356.801
7355.0303
7353.1504
7353.968
7353.5347
7353.434
7354.8037
7353.714
7352.749
7352.7944
7351.443
7350.498
7348.8076
7348.2285
7348.5254
7347.0044
7347.1484
7345.537
7344.1416
7344.2764
7344.1675
7344.705
7345.045
7343.635
7343.4424
7344.3633
7344.271
7341.4634
7339.5537
7337.579
7337.6904
7337.386
7336.853
7337.2563
7335.5537
7333.06
7333.5386
7334.8457
7333.8604
7330.606
7333.3447
7329.9644
7331.269
7332.3223
7328.1567
7328.4536
7327.4673
7328.82
7326.547
7327.062
7325.3906
7323.834
7323.0854
7322.1553
7321.2007
7321.88
7320.061
7320.215
7321.1943
7319.699
7320.2886
7317.7573
7316.8643
7318.539
7317.768
7316.1934
7315.95
7314.8315
7313.49
7312.695
7315.02
7311.98
7311.8486
7310.247
7309.611
7309.471
7309.022
7307.883
7308.883
7309.3486
7306.566
7306.555
7304.2495
7304.1553
7306.3633
7304.823
7304.5825
7302.92
7303.9106
7302.506
7304.0547
7301.523
7300.5835
7300.944
7299.513
7300.586
7298.418
7297.6846
7296.3105
7297.172
7294.7324
7297.453
7295.7124
7293.4756
7292.802
7290.9277
7291.134
7291.395
7291.535
7290.092
7289.673
7289.3076
7288.7305
7287.058
7288.5073
7286.4365
7286.897
7285.1323
7286.227
7284.0327
7283.5327
7283.4326
7282.4834
7282.789
7281.931
7283.156
7283.1636
7279.236
7278.282
7278.5117
7277.7466
7278.4346
7277.8457
7277.2847
7277.7524
7275.34
7272.2607
7272.7656
7273.2725
7272.2183
7271.566
7270.1
7272.035
7269.5723
7269.94
7271.0527
7269.0894
7271.89
7272.008
7269.3584
7268.6636
7266.266
7266.64
7265.816
7268.139
7266.5415
7264.4736
7264.063
7262.9126
7261.2925
7261.152
7261.4316
7261.8774
7262.058
7263.713
7258.713
7257.5386
7259.0425
7257.646
7256.3335
7255.415
7254.932
7254.2573
7255.067
7255.391
7255.634
7252.952
7252.9673
7253.0186
7251.767
7249.2246
7249.457
7249.844
7248.008
7247.667
7246.2456
7243.4526
7244.8003
7245.278
7245.11
7244.7944
7243.737
7245.5615
7243.385
7242.435
7242.7837
7243.558
7240.788
7239.884
7238.375
7239.126
7240.434
7238.185
7239.998
7238.681
7237.744
7236.429
7234.6846
7235.393
7234.3545
7236.5835
7234.894
7234.7793
7230.7275
7233.7007
7232.088
7230.6045
7228.8594
7228.0493
7228.4424
7228.9673
7227.5713
7228.1597
7226.9663
7226.28
7225.254
7224.738
7226.675
7223.8213
7223.7983
7223.4478
7225.539
7222.5063
7223.7837
7220.9443
7219.421
7218.84
7218.885
7216.3687
7218.3394
7217.1895
7217.7017
7218.013
7216.9365
7217.297
7215.727
7216.29
7215.8267
7212.8022
7212.595
7213.4526
7213.3677
7214.5786
7212.4004
7210.8765
7209.321
7209.894
7208.545
7206.702
7207.1367
7206.3833
7207.351
7205.5205
7203.6406
7206.7886
7203.568
7204.3037
7202.6294
7201.9854
7202.59
7202.3115
7202.363
7202.465
7202.527
7201.1284
7199.1567
7199.247
7200.1685
7198.521
7197.931
7198.5776
7195.4644
7197.1606
7196.881
7196.763
7195.389
7194.532
7194.1353
7192.6533
7191.9146
7191.114
7191.662
7191.9854
7190.84
7190.149
7188.5864
7189.812
7187.9355
7187.2686
7188.5405
7188.983
7187.4946
7184.5205
7184.5605
7184.336
7184.622
7183.2803
7183.8555
7181.8447
7181.331
7182.459
7180.8555
7178.7134
7178.202
7179.203
7179.6772
7179.097
7177.9946
7176.4985
7176.276
7178.0576
7175.8086
7173.9253
7174.9023
7174.504
7173.9766
7172.3765
7172.518
7171.8403
7171.358
7171.907
7171.9644
7168.989
7169.8345
7169.1616
7167.045
7166.5557
7163.9014
7164.6475
7165.5635
7163.853
7163.582
7166.138
7163.398
7163.264
7161.707
7161.0728
7160.8037
7161.554
7161.4243
7162.261
7160.597
7158.1987
7158.935
7160.517
7157.913
7158.262
7159.074
7155.5977
7155.768
7157.1294
7153.467
7154.4507
7151.941
7152.3115
7151.006
7152.303
7151.561
7150.542
7151.1543
7151.0923
7150.973
7151.0317
7148.777
7146.758
7143.8857
7144.946
7145.882
7144.377
7146.8667
7146.727
7145.5723
7145.047
7144.1973
7143.8403
7143.448
7142.329
7143.236
7142.2695
7139.9497
7140.9136
7141.975
7138.3975
7138.037
7137.3423
7137.898
7137.501
7135.198
7136.991
7134.925
7134.303
7135.5103
7133.1523
7132.2695
7131.0913
7126.681
7129.0312
7130.621
7130.1772
7129.8477
7131.426
7130.058
7131.556
7129.499
7129.978
7128.711
7128.208
7126.7476
7127.609
7126.9326
7126.8926
7124.068
7125.129
7123.011
7123.5957
7123.505
7121.5063
7121.737
7121.476
7120.9346
7120.6025
7120.292
7119.125
7118.6924
7118.0103
7115.639
7118.1484
7115.7427
7116.0386
7117.361
7114.8506
7115.753
7116.918
7117.0537
7115.7437
7115.7295
7112.747
7113.6567
7113.098
7112.0845
7112.142
7111.2886
7112.859
7111.627
7108.998
7107.7026
7107.636
7106.8555
7107.907
7107.063
7105.617
7104.6465
7104.41
7102.698
7103.664
7104.3804
7102.079
7102.5527
7102.557
7101.0415
7101.8125
7100.553
7099.6777
7100.6543
7097.9966
7098.416
7097.4497
7098.3726
7097.8726
7097.6543
7097.205
7096.3423
7097.027
7097.087
7095.5933
7095.2773
7094.489
7096.0547
7093.1636
7092.604
7092.0723
7090.9883
7092.9844
7090.1826
7090.2627
7090.5615
7089.3823
7088.5435
7087.5454
7088.946
7088.417
7086.827
7085.643
7085.9966
7087.0312
7084.4644
7084.7407
7083.483
7083.025
7083.385
7084.898
7085.4043
7084.062
7081.833
7080.7866
7081.558
7080.831
7079.92
7079.282
7080.4346
7077.967
7076.422
7077.277
7077.981
7077.856
7076.9736
7077.4595
7077.1323
7074.9697
7075.68
7074.456
7074.2656
7075.6235
7074.705
7074.5537
7073.4414
7072.572
7072.773
7072.354
7071.336
7070.4443
7072.3784
7068.7847
7069.2695
7068.624
7067.211
7067.885
7066.715
7065.3936
7066.538
7065.9116
7065.8687
7067.882
7065.4307
7064.7817
7063.398
7063.8994
7063.884
7061.751
7063.5806
7061.259
7061.977
7060.7437
7059.545
7059.8657
7060.6377
7058.896
7058.5034
7057.9756
7056.741
7057.4155
7057.667
7058.4746
7057.0293
7057.386
7056.761
7056.244
7054.7495
7054.361
7053.603
7052.693
7052.464
7050.813
7048.311
7049.2324
7050.642
7051.225
7048.4053
7048.6255
7049.8135
7048.5767
7046.717
7047.0464
7045.2324
7046.806
7046.366
7044.862
7044.615
7045.1963
7045.368
7044.5005
7044.509
7046.5
7041.1274
7041.931
7039.773
7040.8984
7040.467
7039.963
7039.1704
7037.7495
7037.852
7039.41
7037.248
7035.9463
7038.22
7037.277
7034.941
7036.9204
7035.2354
7034.2095
7033.7935
7032.699
7032.5615
7033.3267
7032.593
7032.938
7032.035
7031.418
7030.988
7030.1006
7031.7153
7029.9614
7030.5386
7030.1836
7028.299
7027.9053
7026.2314
7026.368
7026.3813
7025.681
7026.78
7026.6626
7025.34
7026.055
7024.6626
7024.6113
7023.544
7022.4673
7022.64
7022.1733
7019.793
7018.524
7019.7354
7019.7026
7018.526
7017.381
7018.5166
7018.3965
7016.4453
7016.8735
7018.0293
7017.9985
7017.133
7017.084
7016.0767
7015.584
7014.385
7015.1016
7014.569
7014.4233
7012.6626
7012.554
7011.0547
7011.56
7010.376
7011.0156
7009.595
7009.7124
7009.3687
7008.468
7010.135
7008.053
7007.6797
7009.696
7008.6206
7007.3276
7007.6265
7007.755
7005.6123
7006.0146
7004.918
7005.6875
7003.3247
7004.7607
7003.7324
7004.0864
7003.879
7002.072
7002.5415
7002.156
7001.3364
6999.9814
6999.7793
6998.182
6998.818
6999.226
6997.6763
6996.4834
6996.2124
6996.2363
6996.1455
6996.2837
6995.8555
6996.165
6995.866
6996.006
6993.1367
6992.264
6992.036
6992.8315
6991.132
6990.1963
6991.8896
6991.355
6990.463
6991.3125
6989.9688
6988.453
6989.883
6989.127
6989.7
6987.5923
6986.2705
6986.77
6986.887
6985.5396
6987.385
6985.394
6984.3823
6982.654
6981.991
6982.206
6981.2437
6981.651
6981.7646
6983.038
6981.5537
6980.344
6980.48
6982.2603
6981.0303
6978.8247
6979.2554
6977.8164
6977.1543
6976.436
6977.0283
6978.278
6977.95
6976.5244
6975.486
6976.4946
6977.0464
6976.8687
6974.007
6974.8257
6974.107
6972.992
6971.135
6972.7773
6972.493
6972.7324
6971.6484
6970.2656
6970.4434
6969.2354
6971.562
6969.8955
6969.492
6967.997
6966.944
6967.4463
6967.135
6967.5693
6966.0796
6965.4844
6965.2886
6965.1494
6964.839
6963.962
6963.3784
6964.174
6964.3447
6962.715
6962.5757
6961.6733
6961.823
6961.387
6959.0815
6960.749
6961.0483
6960.0815
6960.86
6961.1255
6958.372
6957.127
6958.0386
6957.7563
6957.042
6957.6816
6956.3687
6955.2666
6955.157
6954.8237
6955.1235
6953.4497
6953.377
6952.779
6952.508
6953.7056
6951.264
6951.5073
6954.477
6950.293
6950.157
6950.9146
6950.376
6948.877
6949.2227
6947.9966
6947.536
6946.248
6947.6475
6945.9756
6945.961
6944.8984
6945.557
6947.3574
6945.5054
6945.7373
6945.8696
6945.377
6944.3677
6945.607
6944.1177
6944.6704
6942.912
6942.8813
6941.757
6943.7056
6941.2764
6941.061
6940.867
6940.4004
6939.2344
6938.6562
6938.4893
6938.629
6938.3174
6937.3154
6938.273
6936.2583
6936.5503
6936.218
6935.2324
6935.58
6934.568
6933.8833
6932.389
6931.2764
6932.6987
6933.1016
6931.537
6931.5127
6931.8643
6931.6987
6931.21
6931.208
6931.0967
6930.0083
6930.442
6927.1787
6928.217
6927.11
6928.7056
6928.5786
6926.3745
6926.2686
6925.791
6924.6055
6924.835
6924.8076
6925.456
6924.0605
6923.4546
6923.5254
6923.6235
6921.2427
6920.7036
6922.0938
6922.1597
6922.127
6920.7
6920.7734
6919.884
6920.7188
6918.3506
6917.4727
6918.92
6917.3228
6917.743
6918.2505
6918.733
6916.9854
6916.7563
6915.268
6914.9663
6916.7383
6913.9277
6913.3037
6912.6626
6912.8423
6912.2583
6912.3965
6910.885
6909.7275
6912.187
6910.431
6910.5215
6908.2686
6909.831
6909.575
6908.5874
6909.297
6909.8945
6906.5034
6906.0083
6906.5137
6905.636
6904.467
6906.004
6905.857
6905.22
6904.6953
6904.335
6903.162
6903.343
6903.8667
6904.002
6901.94
6901.462
6901.856
6901.285
6902.8955
6901.2183
6898.9404
6900.139
6899.272
6898.0435
6896.2837
6898.9272
6898.2607
6897.579
6896.8926
6896.728
6895.5767
6895.952
6896.757
6896.1636
6895.3555
6894.8965
6893.069
6893.933
6893.99
6891.1367
6891.4517
6890.9595
6892.7686
6892.0195
6891.5815
6890.5664
6889.116
6890.62
6887.8916
6888.627
6888.0845
6888.3887
6888.1255
6887.3364
6886.4834
6885.834
6886.0728
6884.754
6885.236
6885.325
6885.1553
6885.366
6885.003
6883.6636
6883.3423
6882.8564
6882.3496
6881.4126
6883.105
6882.014
6882.704
6879.837
6879.553
6876.957
6878.8413
6880.299
6878.4526
6877.401
6877.285
6876.9756
6876.3193
6876.1426
6875.7666
6876.1943
6874.6343
6875.3457
6875.0117
6874.679
6874.6655
6872.9434
6872.81
6872.6875
6874.0103
6874.2886
6873.386
6871.883
6871.075
6870.188
6870.704
6871.3857
6870.9556
6870.9814
6871.447
6869.5854
6868.1924
6869.0664
6869.034
6866.88
6867.281
6865.8066
6865.854
6865.1665
6864.065
6864.4546
6863.7065
6864.7793
6862.673
6863.1074
6862.7305
6862.666
6864.0195
6861.6157
6862.6504
6861.957
6859.7676
6860.969
6860.4956
6860.0845
6860.3765
6859.7847
6858.573
6858.128
6859.1255
6857.0776
6855.8315
6855.8467
6856.9805
6858.4756
6856.356
6855.226
6855.288
6854.3154
6854.0547
6855.7695
6853.549
6854.81
6854.723
6852.979
6853.15
6851.716
6853.3936
6853.0493
6850.4727
6849.9927
6849.626
6848.8164
6848.596
6849.127
6848.346
6846.5713
6848.2017
6847.8926
6848.951
6848.9805
6846.4995
6847.339
6846.415
6845.697
6844.7085
6843.9023
6844.448
6844.8086
6842.6772
6842.154
6843.679
6841.263
6842.3047
6841.691
6841.0127
6841.9067
6842.1973
6840.7793
6841.041
6841.5674
6841.634
6839.3257
6839.98
6840.6313
6840.432
6838.8633
6838.8047
6837.043
6836.038
6836.568
6836.64
6835.9805
6835.1543
6836.7896
6836.3726
6835.306
6834.7495
6833.4917
6832.703
6833.3477
6832.807
6833.372
6831.604
6831.9956
6829.855
6831.4106
6830.6045
6830.589
6828.9883
6830.1953
6828.928
6827.8394
6829.0063
6829.101
6830.0195
6828.747
6827.106
6824.9985
6824.72
6825.1274
6824.934
6823.37
6824.3545
6823.9004
6824.0425
6823.774
6823.444
6821.5444
6822.5024
6823.4463
6821.548
6819.7754
6821.117
6819.859
6819.081
6818.73
6818.8364
6819.5986
6819.6724
6818.701
6818.5176
6816.9575
6817.8647
6817.01
6816.808
6815.7354
6816.0547
6816.0176
6815.811
6815.7295
6815.8037
6816.498
6814.6055
6813.5625
6813.6797
6812.4683
6813.6177
6813.8374
6812.9355
6812.278
6811.163
6809.592
6809.755
6809.176
6809.8867
6808.811
6808.461
6809.3887
6809.4688
6809.552
6807.9697
6808.2134
6807.428
6806.3774
6807.7236
6807.34
6806.5693
6805.543
6804.1797
6805.017
6804.413
6803.2124
6804.264
6803.298
6803.7847
6803.419
6803.603
6802.656
6801.52
6802.937
6800.867
6799.8667
6798.594
6800.2666
6798.3057
6797.9756
6796.987
6797.796
6798.5737
6798.3164
6797.795
6797.227
6797.288
6795.773
6796.606
6796.9497
6793.9287
6794.1665
6795.3057
6795.182
6793.3755
6792.2275
6791.294
6792.7515
6792.226
6792.144
6792.6465
6790.935
6790.3984
6790.0225
6789.6772
6788.925
6789.955
6789.2954
6791.446
6788.013
6787.7295
6787.571
6788.162
6787.6895
6788.753
6786.5845
6786.348
6786.7637
6786.6997
6786.9653
6786.946
6785.074
6784.6494
6786.0825
6784.99
6782.859
6784.658
6783.884
6783.8667
6784.1304
6782.842
6781.9062
6779.585
6779.6353
6779.552
6780.062
6779.0566
6778.7764
6779.1895
6778.485
6778.187
6778.7686
6776.4365
6776.555
6775.059
6775.909
6775.8184
6775.8467
6776.0864
6775.3286
6774.4604
6775.6177
6774.065
6774.1816
6772.129
6772.673
6772.5273
6771.4233
6769.722
6771.2925
6771.965
6771.421
6770.229
6768.9883
6769.548
6768.142
6767.8364
6768.5815
6767.9243
6767.672
6769.0625
6766.699
6765.753
6765.4336
6766.186
6765.9067
6764.8228
6765.6167
6764.292
6763.675
6763.797
6763.022
6764.5444
6763.293
6762.574
6761.804
6759.918
6760.4106
6759.3203
6759.0234
6759.9746
6759.86
6760.0947
6760.795
6759.1626
6760.9126
6758.7466
6758.397
6758.3726
6757.089
6758.716
6756.7354
6755.3457
6754.3257
6755.6333
6753.9424
6754.176
6754.4224
6753.5312
6753.996
6752.6743
6752.4727
6752.71
6750.6885
6751.578
6751.146
6750.246
6751.474
6750.136
6750.1313
6751.2734
6750.192
6748.472
6749.9995
6749.018
6747.7183
6746.557
6746.9556
6746.9663
6747.929
6745.2544
6746.265
6746.2007
6747.45
6746.186
6743.8438
6744.6475
6743.557
6743.591
6741.61
6742.5737
6742.318
6742.664
6740.318
6742.3687
6741.922
6741.394
6741.94
6740.1733
6740.454
6739.881
6739.2896
6738.1
6738.3394
6736.5117
6737.744
6737.3877
6738.076
6737.1753
6736.487
6737.0586
6735.6675
6734.658
6735.6675
6734.9673
6734.335
6735.224
6734.915
6732.922
6732.7603
6733.1245
6733.304
6733.4995
6732.185
6731.443
6730.257
6730.572
6729.657
6730.019
6730.4517
6729.57
6728.652
6730.444
6729.687
6729.0835
6728.1113
6727.8213
6726.964
6726.808
6727.994
6726.3477
6726.2446
6725.39
6726.7065
6726.522
6725.329
6724.1045
6722.6665
6722.8726
6722.7676
6723.201
6723.3774
6723.6196
6723.2554
6721.326
6721.719
6720.5894
6721.3154
6719.352
6721.1226
6720.09
6720.3203
6719.212
6716.8364
6718.136
6717.688
6717.485
6716.187
6716.065
6716.5537
6716.0273
6716.918
6715.219
6715.568
6715.9463
6715.263
6714.722
6714.3394
6713.0576
6712.4663
6712.59
6712.7705
6712.342
6712.6494
6711.1904
6710.4917
6710.6777
6710.33
6709.8647
6710.6763
6709.2065
6709.2974
6709.1597
6709.9683
6708.8403
6708.4277
6707.133
6707.6875
6705.9326
6705.974
6707.641
6705.7754
6705.5264
6706.0913
6705.8745
6705.287
6705.791
6704.6865
6705.051
6702.82
6702.135
6701.6187
6703.297
6702.6504
6701.0757
6700.352
6700.878
6699.8525
6700.567
6700.8857
6700.0786
6700.1685
6700.6167
6700.153
6700.096
6698.4307
6698.161
6698.0684
6696.644
6697.2437
6696.4316
6696.824
6694.785
6695.558
6694.0938
6693.576
6692.496
6692.9404
6693.6763
6695.5664
6695.9424
6694.031
6692.81
6691.9395
6692.074
6691.498
6690.795
6690.487
6690.5244
6690.0063
6691.3335
6690.7544
6691.4346
6691.384
6690.204
6688.8403
6687.8843
6687.706
6688.367
6686.366
6685.7007
6685.843
6685.6807
6685.925
6686.718
6684.819
6685.404
6684.9365
6685.2764
6684.757
6684.8105
6684.7476
6683.6426
6681.684
6682.6455
6681.7285
6682.202
6682.2344
6680.6206
6681.0693
6682.1724
6679.6973
6679.0605
6679.9014
6677.8164
6678.356
6677.0522
6677.1777
6676.889
6677.784
6677.1733
6677.505
6677.698
6677.822
6676.805
6675.9897
6675.927
6675.549
6674.2886
6674.0845
6674.7456
6674.6055
6673.021
6673.022
6672.5176
6672.8115
6673.168
6672.9263
6671.145
6672.037
6671.1064
6670.277
6670.4116
6670.029
6669.1543
6669.2866
6669.642
6668.971
6668.6357
6668.258
6668.4556
6668.1807
6667.197
6666.886
6668.293
6666.4097
6667.8022
6665.035
6664.914
6662.9204
6664.096
6664.369
6664.4673
6663.6436
6664.8135
6665.4155
6663.454
6662.5596
6663.067
6662.116
6661.9487
6660.9805
6660.201
6659.7227
6660.5986
6660.6333
6659.707
6660.189
6657.955
6659.6035
6658.547
6659.908
6658.1245
6658.006
6657.411
6656.2876
6655.367
6656.7373
6656.2544
6654.8237
6654.375
6653.716
6653.16
6653.8115
6653.4785
6653.0513
6652.966
6655.037
6652.07
6652.0254
6651.1714
6653.329
6651.3545
6651.79
6650.887
6649.7295
6651.1714
6649.169
6649.2217
6649.1714
6647.1714
6646.9175
6646.6387
6645.854
6645.474
6646.023
6645.9116
6646.5156
6647.323
6647.256
6646.17
6645.949
6645.3047
6646.4805
6644.47
6644.5674
6645.602
6645.342
6643.7393
6644.2593
6642.3057
6641.873
6641.699
6643.9287
6642.3
6640.8022
6641.3027
6641.0425
6642.1777
6639.6084
6641.6167
6639.612
6638.5044
6637.4346
6638.4717
6638.174
6637.107
6635.898
6636.8906
6635.9077
6635.8076
6636.944
6635.7163
6634.9453
6634.3447
6634.5786
6633.976
6633.712
6634.067
6633.5874
6635.1924
6632.871
6631.6055
6631.0337
6631.766
6631.0957
6630.2837
6631.2695
6630.0415
6630.947
6631.3135
6630.4604
6629.7217
6628.079
6628.519
6629.878
6630.064
6627.2993
6626.946
6627.7573
6625.816
6626.9575
6626.3804
6625.643
6625.291
6626.9
6624.6113
6625.667
6623.9326
6624.047
6624.482
6624.3774
6622.3354
6622.436
6622.185
6622.212
6623.11
6621.9897
6620.9917
6621.5527
6620.0176
6618.9316
6618.041
6618.143
6618.509
6619.0107
6617.779
6618.9243
6617.484
6617.399
6616.195
6616.4023
6616.271
6615.434
6615.624
6615.2646
6614.4253
6615.3223
6615.242
6614.8613
6613.3833
6612.974
6613.5635
6612.615
6612.658
6611.5923
6610.6865
6611.5044
6611.364
6611.102
6610.399
6610.936
6610.029
6610.302
6608.7466
6609.2676
6609.0625
6608.3086
6607.786
6607.513
6605.992
6606.682
6605.762
6606.26
6605.766
6605.9463
6605.7725
6606.233
6604.49
6604.7954
6603.8154
6603.9404
6603.0396
6603.199
6602.386
6602.3843
6599.6177
6600.2954
6602.1504
6601.6777
6599.9385
6601.924
6600.684
6600.6494
6597.9
6599.1885
6598.07
6598.134
6598.533
6599.477
6598.4014
6599.3755
6597.6265
6596.8833
6595.4385
6597.6963
6595.979
6595.0776
6595.5835
6595.291
6595.076
6594.234
6593.008
6592.309
6591.803
6592.5146
6591.794
6593.051
6591.3096
6591.0166
6589.6895
6589.926
6589.9263
6590.45
6589.9624
6590.9834
6589.1167
6588.9146
6589.4985
6588.9463
6589.2524
6588.2686
6587.2188
6587.1777
6587.1025
6587.2065
6587.117
6585.9604
6586.083
6583.918
6585.093
6584.827
6583.4688
6582.6777
6583.9824
6582.9624
6583.6123
6583.2563
6583.668
6583.8354
6581.909
6582.097
6582.006
6582.316
6581.321
6581.1274
6581.1025
6580.113
6579.113
6579.6807
6579.8193
6578.606
6578.6523
6578.6387
6577.738
6576.501
6576.308
6576.331
6576.5293
6576.958
6576.054
6575.9736
6576.626
6574.701
6573.8027
6574.282
6575.306
6572.958
6573.0347
6571.848
6570.9844
6571.809
6571.417
6572.7563
6572.333
6570.5166
6570.9307
6569.615
6570.2627
6569.117
6569.9814
6569.0425
6568.957
6567.603
6567.8193
6568.479
6568.896
6567.5186
6566.533
6564.497
6566.0645
6564.282
6565.4985
6566.2163
6564.981
6563.1226
6563.1235
6562.4062
6564.235
6562.5605
6562.228
6563.521
6563.538
6562.6357
6562.96
6561.438
6561.099
6560.6196
6560.335
6559.4497
6559.095
6559.806
6558.61
6559.401
6557.759
6556.806
6558.207
6557.969
6557.1377
6557.6743
6557.5127
6558.9785
6557.36
6557.643
6555.2856
6555.814
6555.8833
6554.959
6553.121
6553.849
6554.578
6554.1436
6554.4507
6552.697
6552.0405
6552.369
6551.536
6552.447
6552.141
6551.133
6549.265
6550.397
6549.818
6548.299
6549.1406
6549.06
6548.8086
6548.079
6546.999
6548.159
6546.5254
6548.0986
6547.0576
6546.9414
6546.078
6547.0913
6546.1797
6546.094
6545.716
6545.827
6545.843
6545.485
6544.452
6544.308
6544.217
6543.652
6543.0903
6540.964
6541.19
6543.1943
6541.4067
6540.4634
6539.382
6539.5635
6539.5303
6540.9937
6538.372
6540.432
6538.954
6538.307
6537.7275
6537.077
6537.501
6537.0728
6536.978
6537.119
6535.564
6535.4937
6534.686
6535.3027
6534.711
6534.064
6533.5474
6533.687
6534.8633
6535.029
6533.2593
6532.0864
6533.588
6532.8257
6532.557
6534.067
6533.2407
6531.67
6530.958
6530.05
6531.19
6528.713
6530.063
6529.125
6529.2065
6529.817
6529.0347
6529.168
6525.461
6527.223
6528.3306
6527.373
6526.1724
6525.3535
6525.8267
6525.5146
6525.3047
6523.715
6522.6416
6522.8037
6523.8867
6524.138
6524.0083
6524.2905
6523.251
6521.5073
6521.934
6522.313
6520.8306
6520.0625
6521.003
6522.2544
6521.6313
6521.9746
6520.8374
6519.2207
6519.8667
6518.882
6519.159
6519.658
6519.418
6518.878
6519.6216
6518.4453
6516.1006
6515.811
6515.66
6514.9243
6515.2056
6515.359
6514.275
6514.439
6513.0874
6514.514
6514.174
6513.771
6512.6597
6513.4814
6513.157
6511.8354
6511.291
6511.0234
6510.56
6511.5195
6511.533
6510.432
6511.1685
6510.815
6510.6753
6508.402
6507.95
6507.9575
6508.8135
6507.6074
6507.764
6507.712
6507.273
6506.5664
6506.18
6505.2666
6506.0024
6505.6025
6504.505
6504.417
6504.566
6505.2427
6502.798
6503.1284
6502.8286
6503.315
6501.765
6502.4507
6501.411
6501.5225
6500.4297
6501.4077
6500.6826
6499.7715
6499.8267
6499.3804
6499.416
6499.4546
6498.8643
6496.399
6496.7695
6497.555
6496.453
6495.335
6496.775
6494.9717
6493.7446
6495.07
6495.7817
6493.8965
6493.403
6493.209
6493.009
6492.7974
6493.147
6490.9653
6491.1777
6490.7827
6491.389
6491.5073
6490.9077
6493.024
6490.936
6489.4395
6489.4663
6490.097
6491.5757
6490.954
6490.559
6489.042
6488.2505
6488.534
6486.4365
6486.9316
6487.9956
6486.8604
6487.588
6488.6787
6486.8677
6486.791
6485.906
6485.1963
6486.0664
6484.9966
6486.631
6484.312
6486.408
6485.345
6484.45
6484.4175
6484.1714
6483.914
6482.6294
6482.347
6482.216
6482.275
6481.2275
6480.901
6480.435
6480.2427
6481.5845
6481.4746
6478.7793
6480.354
6480.2417
6479.0107
6477.648
6477.242
6475.901
6478.0513
6476.8223
6476.3794
6475.306
6474.212
6474.112
6474.7515
6474.4277
6475.2515
6474.7446
6474.825
6472.966
6472.5396
6472.8486
6473.7
6472.941
6472.998
6472.8613
6471.33
6471.541
6472.321
6471.701
6469.9253
6469.4185
6469.3843
6469.874
6467.7856
6467.4546
6467.623
6468.6523
6467.274
6468.2656
6466.386
6466.7544
6465.608
6465.994
6465.094
6464.376
6467.1216
6467.228
6466.6875
6465.794
6464.469
6464.3105
6463.1567
6463.848
6463.448
6462.5923
6462.6577
6461.962
6462.0625
6461.6143
6460.881
6460.618
6460.149
6459.749
6457.7026
6458.4883
6459.0557
6459.2007
6459.199
6458.562
6457.6865
6458.654
6457.884
6457.2607
6457.1636
6457.451
6455.602
6454.8833
6456.884
6455.087
6454.9834
6455.553
6452.938
6453.193
6453.331
6453.1523
6452.231
6451.909
6452.0947
6452.09
6452.7363
6452.47
6450.4355
6450.5156
6450.0713
6448.762
6450.067
6448.6743
6448.157
6448.732
6447.7095
6449.361
6448.8506
6448.6733
6447.522
6447.1514
6445.305
6448.7134
6447.077
6445.0894
6444.4414
6444.3477
6444.9863
6442.324
6442.4404
6443.5674
6443.4272
6443.542
6443.376
6443.2256
6443.8394
6441.273
6441.728
6442.1104
6440.5645
6442.501
6440.6294
6442.39
6440.753
6440.578
6440.108
6439.282
6438.5664
6438.4277
6439.0645
6438.693
6439.118
6438.901
6438.2554
6437.497
6437.7754
6436.087
6435.811
6435.825
6435.9604
6436.739
6434.358
6434.272
6433.942
6433.0107
6432.6562
6432.102
6432.332
6431.4106
6433.0195
6432.9487
6432.0405
6431.8145
6432.05
6430.036
6429.4976
6429.8857
6430.9507
6431.1978
6430.8066
6430.0107
6430.1216
6429.114
6426.9116
6426.9824
6426.758
6428.595
6427.213
6428.294
6426.7085
6427.412
6425.1494
6427.101
6427.759
6426.381
6426.101
6425.3115
6425.767
6423.7495
6422.9634
6423.202
6422.709
6420.756
6421.4805
6421.2563
6420.814
6422.7363
6423.304
6421.8813
6419.695
6420.0063
6419.263
6419.48
6418.6567
6418.6143
6416.4893
6417.9326
6417.2896
6417.809
6418.701
6417.482
6417.3013
6417.1846
6415.137
6415.6265
6416.4263
6417.86
6416.656
6415.758
6414.9604
6415.2773
6414.467
6413.167
6413.967
6412.83
6412.7476
6411.7285
6410.679
6412.095
6411.195
6410.5635
6411.0835
6409.118
6410.4194
6411.068
6408.873
6408.826
6408.6484
6407.8916
6409.151
6407.9404
6407.872
6408.8916
6407.826
6407.3115
6406.443
6407.2856
6405.1367
6405.424
6405.5254
6406.251
6405.002
6404.908
6404.913
6402.3037
6403.4204
6404.001
6403.359
6401.613
6403.101
6401.998
6402.2515
6402.525
6400.3022
6400.6587
6399.579
6399.0483
6400.032
6400.7764
6398.0493
6397.221
6399.268
6398.4326
6398.891
6397.845
6397.44
6395.3584
6396.133
6395.48
6394.904
6395.5117
6393.7627
6394.7583
6394.907
6395.1226
6394.179
6393.1606
6392.5146
6392.4565
6392.719
6390.8447
6390.8545
6389.661
6392.2266
6392.777
6391.7783
6391.0483
6390.9688
6391.1514
6390.1675
6391.3413
6390.308
6388.421
6389.148
6389.8696
6388.7866
6388.073
6386.895
6387.326
6387.0347
6385.7344
6386.93
6388.3354
6387.9917
6384.8496
6385.8306
6387.322
6385.4365
6386.267
6385.5703
6384.835
6383.56
6383.825
6381.821
6381.6436
6383.384
6381.6724
6380.911
6381.597
6380.841
6381.7417
6381.5483
6382.3794
6381.553
6378.4536
6377.9316
6379.538
6377.2427
6377.188
6378.626
6378.374
6376.2095
6377.3076
6375.5527
6376.2114
6375.808
6375.206
6375.404
6376.331
6376.693
6373.929
6374.743
6373.9663
6373.6978
6375.12
6373.4062
6372.5186
6371.8125
6372.468
6372.7705
6370.8394
6372.016
6371.759
6373.169
6371.688
6371.4727
6371.832
6370.449
6369.5107
6367.43
6368.7754
6368.3037
6367.861
6368.414
6368.967
6367.516
6368.0244
6367.643
6366.605
6365.0522
6366.009
6366.0312
6365.9453
6365.429
6365.6465
6364.348
6364.976
6364.5933
6366.1875
6364.0923
6362.585
6361.401
6360.6514
6361.287
6361.9546
6361.461
6361.178
6360.4336
6363.0776
6360.938
6360.163
6359.833
6359.3223
6358.7446
6358.5522
6359.501
6357.6323
6358.399
6358.517
6359.101
6357.281
6356.5503
6356.201
6356.2363
6356.6797
6355.9717
6356.3115
6354.7075
6354.623
6352.9385
6353.4487
6351.885
6351.879
6353.3936
6352.5596
6352.3174
6354.0244
6352.328
6352.9106
6351.042
6351.2773
6349.8525
6349.2344
6350.0645
6348.628
6350.407
6348.729
6348.8633
6348.8496
6347.7505
6347.426
6346.1484
6348.552
6346.2266
6347.847
6346.5415
6345.735
6346.058
6345.4097
6345.3213
6345.3037
6345.1846
6343.962
6345.3994
6344.1816
6344.2783
6342.3315
6343.0923
6341.919
6342.5483
6342.696
6342.362
6342.255
6342.1577
6340.6187
6340.8115
6339.198
6340.4087
6340.4795
6339.5806
6339.6377
6338.2886
6337.969
6338.3926
6338.08
6337.724
6337.7446
6335.588
6334.401
6335.446
6335.069
6333.888
6334.5713
6335.2456
6335.6675
6332.0356
6333.649
6333.8047
6333.91
6333.4995
6333.635
6333.346
6333.1885
6331.6016
6332.2383
6332.2974
6331.018
6331.1772
6330.599
6330.368
6329.611
6329.994
6331.067
6328.306
6327.725
6327.8965
6327.9517
6327.4277
6328.3096
6326.5635
6326.1094
6324.8066
6325.9604
6325.8257
6325.421
6323.281
6323.684
6323.6587
6322.7646
6323.582
6322.872
6321.7876
6322.229
6321.947
6322.1543
6320.6997
6319.829
6321.295
6320.695
6319.068
6319.219
6319.564
6318.563
6319.989
6319.3296
6319.317
6318.6187
6317.919
6318.6006
6315.993
6316.173
6317.704
6317.0923
6316.418
6317.7095
6316.0825
6314.6724
6315.575
6313.8145
6315.2046
6314.8257
6314.605
6313.958
6313.5723
6312.7246
6314.479
6311.312
6312.0024
6311.76
6311.2056
6310.664
6309.9272
6308.882
6309.7305
6310.4697
6310.5034
6310.391
6309.4126
6308.057
6308.5527
6307.989
6310.2275
6306.9414
6308.231
6307.7446
6307.245
6306.729
6306.1714
6305.9297
6305.9277
6304.6465
6305.5347
6303.4204
6303.475
6304.5034
6303.1255
6301.823
6302.6797
6303.2524
6302.3257
6301.877
6302.2695
6301.65
6300.6807
6299.3467
6299.741
6300.1875
6299.642
6298.133
6300.2446
6299.2476
6300.8027
6297.7407
6297.8994
6297.428
6295.7363
6297.238
6296.277
6296.6978
6295.9937
6293.651
6295.148
6294.4546
6294.3003
6294.9604
6293.6265
6293.136
6293.9814
6294.93
6292.7373
6294.2676
6292.421
6293.984
6293.799
6292.9604
6291.793
6291.905
6291.2197
6293.0327
6291.6724
6290.414
6289.6675
6290.572
6289.3574
6288.6484
6290.4307
6287.969
6288.8936
6289.359
6288.342
6287.21
6287.0527
6286.258
6287.3325
6287.2915
6285.1914
6284.627
6285.1885
6284.898
6285.7847
6286.464
6285.059
6284.7656
6283.6167
6282.289
6282.734
6282.331
6282.0195
6281.8726
6281.353
6281.0825
6279.4585
6279.6772
6279.3677
6280.402
6280.6436
6279.2437
6279.864
6277.4077
6278.133
6278.289
6278.5244
6278.173
6277.711
6277.3613
6278.5547
6276.6865
6277.18
6275.776
6276.612
6277.4575
6276.0796
6276.213
6275.7344
6274.1553
6274.247
6273.324
6273.734
6272.7695
6272.1943
6271.84
6272.306
6272.3716
6271.5015
6269.3423
6270.4204
6270.185
6271.367
6269.319
6269.3394
6268.383
6270.858
6269.073
6270.554
6269.8647
6269.1064
6268.394
6267.889
6269.2104
6268.0894
6267.6377
6266.6665
6267.487
6266.537
6267.0117
6266.511
6265.816
6263.906
6263.913
6262.9736
6263.1875
6263.7554
6262.081
6263.5884
6263.5454
6262.7256
6262.1113
6260.5986
6260.2515
6261.8306
6260.9746
6259.919
6261.118
6260.8506
6261.0454
6261.1963
6259.9365
6260.4688
6257.9307
6257.8345
6258.626
6257.892
6258.395
6258.205
6256.665
6257.409
6256.4067
6256.0815
6256.7847
6257.7197
6256.867
6255.381
6254.8164
6254.3735
6254.057
6255.4556
6253.9644
6251.741
6250.573
6252.606
6250.824
6250.6606
6251.0913
6252.4194
6249.908
6250.619
6250.79
6249.687
6250.059
6250.945
6250.1523
6248.5776
6250.1567
6249.6006
6248.1206
6247.5576
6247.3555
6247.721
6246.847
6244.603
6245.4663
6247.402
6244.9756
6246.889
6244.0757
6244.7915
6244.571
6244.0483
6243.7285
6245.165
6242.7354
6243.1636
6242.926
6242.1587
6240.5293
6241.1577
6242.289
6239.745
6241.0293
6238.9873
6238.8013
6239.3696
6239.883
6240.048
6239.2305
6239.351
6238.1597
6237.755
6239.759
6237.058
6237.0747
6236.3306
6236.605
6237.4424
6235.6387
6237.162
6236.097
6235.7876
6235.504
6234.433
6235.168
6234.602
6234.439
6233.4287
6231.867
6232.104
6231.2725
6232.7104
6232.1187
6230.614
6230.144
6229.503
6229.663
6229.4785
6230.2183
6228.9966
6229.898
6228.8105
6228.187
6228.6543
6227.362
6226.3184
6227.518
6227.666
6226.479
6228.076
6227.6626
6226.494
6224.4795
6224.6333
6222.9785
6225.463
6225.4854
6225.175
6225.171
6225.078
6222.878
6222.109
6223.78
6224.847
6224.4497
6222.8345
6222.9375
6222.2896
6221.0586
6220.678
6220.2803
6221.524
6218.2744
6218.756
6218.0938
6219.018
6219.4185
6217.5693
6218.1973
6217.0815
6216.1304
6215.7993
6217.3784
6216.014
6214.7563
6216.014
6217.466
6216.112
6215.018
6215.1455
6215.1177
6215.1143
6214.0093
6214.0806
6215.137
6212.964
6211.965
6210.6216
6213.6543
6213.6655
6211.4595
6210.753
6209.779
6210.0615
6211.2354
6210.232
6209.845
6209.6646
6207.4785
6209.715
6209.731
6207.626
6208.2183
6209.037
6209.948
6208.048
6208.359
6208.2275
6206.8784
6205.136
6204.9
6206.845
6205.376
6204.014
6204.1636
6203.569
6204.411
6203.8623
6201.7065
6204.346
6202.1
6201.2163
6200.5938
6200.6216
6202.7046
6200.9653
6200.7935
6199.451
6199.42
6199.066
6198.9316
6198.73
6199.2183
6197.1533
6197.534
6198.585
6197.0474
6197.7144
6195.6924
6196.0527
6197.111
6195.8096
6194.95
6194.0312
6195.718
6195.8853
6195.1377
6195.185
6193.5474
6193.3267
6194.935
6193.66
6192.794
6192.194
6191.8135
6192.2725
6191.796
6190.886
6191.8994
6189.569
6189.576
6190.1924
6190.129
6191.056
6188.882
6189.8125
6187.7485
6189.1475
6188.8047
6187.7666
6186.8184
6187.3584
6186.903
6186.7334
6185.119
6183.79
6185.4683
6185.674
6186.1553
6186.722
6186.8286
6183.064
6182.142
6182.8022
6183.034
6183.0415
6182.3716
6181.992
6182.163
6181.182
6183.527
6181.612
6180.537
6181.2188
6180.6895
6179.693
6179.8237
6178.809
6177.9336
6178.0938
6177.835
6178.187
6177.7085
6177.83
6177.2744
6177.8574
6177.912
6176.369
6176.6973
6175.2676
6175.865
6174.415
6174.9824
6174.375
6173.5815
6175.249
6174.81
6175.218
6173.5747
6171.815
6172.4575
6171.3657
6172.0493
6171.3726
6170.01
6170.0527
6171.862
6171.6855
6170.4004
6170.362
6171.158
6171.3403
6168.864
6168.971
6170.54
6169.368
6168.339
6167.704
6168.3955
6166.9067
6165.4346
6166.0815
6166.8306
6164.975
6164.628
6165.6436
6164.8086
6164.301
6164.375
6164.001
6164.076
6162.9917
6163.7383
6162.3706
6161.7417
6162.965
6161.6562
6161.3447
6160.1353
6160.602
6160.784
6162.0884
6159.235
6157.0825
6158.886
6159.918
6158.4756
6159.5713
6158.2715
6157.7373
6157.7773
6158.2764
6157.6787
6156.9053
6156.884
6157.9463
6157.403
6157.608
6154.3057
6155.2554
6156.2046
6155.519
6155.7334
6154.8716
6153.434
6154.943
6152.358
6151.5864
6151.7563
6153.343
6153.4507
6151.645
6151.3516
6151.0815
6152.7886
6150.153
6149.907
6149.739
6150.0264
6151.0596
6151.353
6149.2515
6149.426
6147.8345
6148.011
6149.879
6149.138
6148.6934
6147.09
6147.3784
6146.794
6146.376
6145.0254
6146.002
6145.5054
6146.8706
6144.7285
6143.809
6143.588
6145.917
6145.337
6144.637
6144.0967
6144.11
6143.9487
6142.831
6143.462
6143.085
6141.8027
6142.0146
6140.3076
6138.883
6141.1416
6140.789
6139.9946
6139.6978
6141.101
6140.7095
6138.8125
6140.207
6137.4565
6138.545
6139.993
6139.848
6137.634
6137.674
6136.1416
6137.144
6134.9927
6135.5435
6135.531
6136.1675
6136.2397
6135.609
6133.866
6133.697
6132.554
6134.919
6132.924
6132.73
6131.787
6133.093
6130.1763
6131.437
6131.4087
6129.725
6131.4624
6130.1123
6131.059
6129.7393
6129.7915
6127.672
6127.632
6128.0547
6127.4536
6127.132
6126.4033
6125.8877
6126.167
6125.651
6126.457
6126.8125
6125.2764
6124.861
6124.8345
6124.3555
6123.427
6124.906
6123.0713
6123.925
6123.851
6123.491
6124.3
6123.0986
6122.662
6121.6987
6121.9106
6122.258
6119.9585
6119.128
6120.3115
6120.5444
6120.067
6118.713
6118.355
6118.6035
6118.8755
6118.1875
6118.4453
6118.7466
6117.86
6119.406
