9997.571
9940.346
9880.654
9814.148
9738.552
9654.301
9554.316
9442.487
9312.158
9164.481
9004.322
8829.614
8641.061
8450.628
8251.246
8055.6494
7857.615
7664.5396
7473.849
7290.8994
7106.099
6927.0415
6752.8125
6585.2417
6420.02
6265.702
6110.065
5970.494
5820.028
5688.426
5560.892
5432.289
5314.9233
5199.538
5092.275
4985.264
4882.833
4782.724
4688.3286
4595.2236
4521.34
4423.4717
4341.562
4261.1084
4183.924
4110.93
4036.7026
3971.4736
3898.9436
3834.4011
3769.495
3707.6177
3651.1472
3588.6526
3534.0615
