10105.56
10103.99
10102.851
10101.95
10101.196
10100.526
10099.927
10099.337
10098.842
10098.379
10097.929
10097.5
10097.096
10096.708
10096.351
10096.01
10095.641
10095.279
10094.961
10094.6455
10094.347
10094.061
10093.792
10093.526
10093.262
10093.016
10092.778
10092.544
10092.314
10092.092
10091.856
10091.626
10091.404
10091.1875
10090.966
10090.759
10090.553
10090.347
10090.1455
10089.941
10089.739
10089.533
10089.343
10089.152
10088.971
10088.785
10088.601
10088.414
10088.233
10088.061
10087.89
10087.718
10087.553
10087.391
10087.234
10087.086
10086.933
10086.784
10086.641
10086.488
10086.339
10086.188
10086.047
10085.898
10085.747
10085.595
10085.425
10085.258
10085.104
10084.955
10084.818
10084.69
10084.5625
10084.444
10084.32
10084.198
10084.082
10083.967
10083.852
10083.738
10083.62
10083.509
10083.394
10083.285
10083.182
10083.069
10082.965
10082.857
10082.753
10082.649
10082.542
10082.434
10082.328
10082.178
10081.9795
10081.802
10081.617
10081.441
10081.25
10081.067
10080.892
10080.694
10080.504
10080.338
10080.169
10079.986
10079.8125
10079.625
10079.407
10079.1875
10078.968
10078.755
10078.546
10078.367
10078.193
10078.034
10077.871
10077.72
10077.564
10077.42
10077.272
10077.133
10076.991
10076.844
10076.708
10076.576
10076.449
10076.329
10076.215
10076.096
10075.977
10075.863
10075.752
10075.648
10075.537
10075.436
10075.328
10075.2295
10075.13
10075.028
10074.938
10074.843
10074.748
10074.652
10074.566
10074.476
10074.388
10074.297
10074.214
10074.128
10074.039
10073.954
10073.871
10073.785
10073.7
10073.616
10073.534
10073.451
10073.366
10073.287
10073.203
10073.118
10073.037
10072.949
10072.872
10072.786
10072.704
10072.626
10072.544
10072.466
10072.387
10072.307
10072.223
10072.146
10072.068
10071.985
10071.912
10071.83
10071.752
10071.677
10071.603
10071.524
10071.449
10071.371
10071.293
10071.218
10071.141
10071.066
10070.994
10070.919
10070.849
10070.775
10070.701
10070.633
10070.563
10070.495
10070.429
10070.36
10070.291
10070.221
10070.158
10070.094
10070.023
10069.962
10069.887
10069.793
10069.668
10069.55
10069.446
10069.349
10069.252
10069.158
10069.065
10068.978
10068.887
10068.774
10068.665
10068.556
10068.446
10068.322
10068.201
10068.088
10067.971
10067.858
10067.738
10067.621
10067.502
10067.35
10067.165
10067.029
10066.909
10066.791
10066.678
10066.564
10066.463
10066.355
10066.253
10066.148
10066.04
10065.9375
10065.841
10065.74
10065.644
10065.55
10065.461
10065.373
10065.282
10065.193
10065.104
10065.019
10064.933
10064.851
10064.767
10064.686
10064.604
10064.521
10064.442
10064.367
10064.29
10064.212
10064.134
10064.063
10063.982
10063.907
10063.836
10063.754
10063.678
10063.602
10063.53
10063.456
10063.385
10063.313
10063.24
10063.167
10063.096
10063.025
10062.958
10062.884
10062.816
10062.752
10062.682
10062.613
10062.543
10062.476
10062.401
10062.323
10062.246
10062.174
10062.102
10062.033
10061.965
10061.897
10061.829
10061.763
10061.687
10061.618
10061.549
10061.483
10061.415
10061.347
10061.278
10061.209
10061.136
10061.062
10060.991
10060.912
10060.826
10060.731
10060.618
10060.516
10060.414
10060.323
10060.231
10060.133
10060.038
10059.96
10059.875
10059.807
10059.735
10059.671
10059.592
10059.5205
10059.45
10059.382
10059.3125
10059.246
10059.176
10059.107
10059.037
10058.963
10058.892
10058.819
10058.749
10058.681
10058.613
10058.545
10058.473
10058.404
10058.336
10058.268
10058.202
10058.138
10058.076
10058.017
10057.952
10057.894
10057.83
10057.772
10057.709
10057.649
10057.588
10057.528
10057.467
10057.407
10057.346
10057.286
10057.225
10057.164
10057.103
10057.046
10056.982
10056.925
10056.861
10056.802
10056.742
10056.684
10056.625
10056.563
10056.499
10056.443
10056.385
10056.321
10056.266
10056.203
10056.144
10056.08
10056.024
10055.961
10055.9
10055.847
10055.783
10055.727
10055.666
10055.61
10055.548
10055.488
10055.432
10055.37
10055.318
10055.254
10055.201
10055.1455
10055.086
10055.026
10054.97
10054.908
10054.855
10054.798
10054.742
10054.685
10054.628
10054.572
10054.515
10054.453
10054.3955
10054.336
10054.275
10054.214
10054.16
10054.101
10054.05
10053.987
10053.93
10053.872
10053.8125
10053.756
10053.695
10053.635
10053.578
10053.518
10053.457
10053.396
10053.339
10053.282
10053.222
10053.161
10053.107
10053.044
10052.983
10052.925
10052.866
10052.805
10052.744
10052.693
10052.63
10052.57
10052.509
10052.458
10052.4
10052.336
10052.28
10052.226
10052.167
10052.111
10052.055
10052.0
10051.942
10051.887
10051.831
10051.777
10051.724
10051.671
10051.616
10051.5625
10051.509
10051.457
10051.401
10051.35
10051.297
10051.248
10051.2
10051.144
10051.091
10051.04
10050.988
10050.938
10050.883
10050.833
10050.78
10050.726
10050.669
10050.618
10050.564
10050.509
10050.457
10050.397
10050.342
10050.285
10050.229
10050.169
10050.115
10050.06
10050.004
10049.95
10049.9
10049.853
10049.803
10049.757
10049.706
10049.661
10049.615
10049.565
10049.523
10049.47
10049.428
10049.38
10049.331
10049.287
10049.24
10049.195
10049.151
10049.1045
10049.054
10049.012
10048.964
10048.918
10048.87
10048.823
10048.778
10048.732
10048.683
10048.637
10048.587
10048.538
10048.492
10048.445
10048.397
10048.352
10048.307
10048.261
10048.215
10048.169
10048.125
10048.082
10048.033
10047.991
10047.947
10047.903
10047.856
10047.814
10047.765
10047.721
10047.676
10047.631
10047.587
10047.545
10047.501
10047.455
10047.414
10047.368
10047.326
10047.285
10047.24
10047.197
10047.155
10047.113
10047.067
10047.025
10046.984
10046.948
10046.906
10046.862
10046.824
10046.778
10046.745
10046.704
10046.664
10046.625
10046.589
10046.548
10046.505
10046.47
10046.427
10046.388
10046.35
10046.312
10046.273
10046.233
10046.195
10046.156
10046.12
10046.079
10046.038
10046.002
10045.965
10045.925
10045.884
10045.846
10045.806
10045.764
10045.726
10045.683
10045.645
10045.603
10045.562
10045.527
10045.485
10045.445
10045.409
10045.37
10045.328
10045.29
10045.249
10045.215
10045.175
10045.135
10045.102
10045.062
10045.027
10044.985
10044.949
10044.914
10044.873
10044.835
10044.802
10044.764
10044.728
10044.689
10044.65
10044.614
10044.577
10044.543
10044.507
10044.471
10044.433
10044.39
10044.359
10044.316
10044.285
10044.246
10044.21
10044.171
10044.133
10044.1
10044.061
10044.025
10043.987
10043.951
10043.913
10043.875
10043.841
10043.799
10043.764
10043.724
10043.686
10043.644
10043.61
10043.574
10043.532
10043.497
10043.459
10043.419
10043.383
10043.346
10043.31
10043.271
10043.236
10043.203
10043.163
10043.127
10043.091
10043.056
10043.02
10042.985
10042.949
10042.912
10042.883
10042.844
10042.811
10042.776
10042.741
10042.705
10042.672
10042.639
10042.603
10042.564
10042.532
10042.502
10042.463
10042.429
10042.397
10042.362
10042.329
10042.295
10042.261
10042.228
10042.191
10042.162
10042.127
10042.092
10042.057
10042.026
10041.992
10041.96
10041.924
10041.894
10041.863
10041.828
10041.792
10041.763
10041.729
10041.695
10041.661
10041.629
10041.597
10041.562
10041.531
10041.5
10041.468
10041.436
10041.402
10041.371
10041.337
10041.308
10041.272
10041.239
10041.209
10041.178
10041.147
10041.112
10041.079
10041.049
10041.013
10040.989
10040.953
10040.921
10040.889
10040.857
10040.824
10040.793
10040.761
10040.734
10040.699
10040.671
10040.637
10040.607
10040.575
10040.543
10040.515
10040.48
10040.451
10040.419
10040.389
10040.36
10040.324
10040.297
10040.267
10040.236
10040.205
10040.171
10040.145
10040.11
10040.079
10040.051
10040.018
10039.989
10039.957
10039.925
10039.896
10039.866
10039.832
10039.803
10039.769
10039.74
10039.707
10039.677
10039.646
10039.617
10039.586
10039.556
10039.525
10039.493
10039.467
10039.437
10039.403
10039.376
10039.345
10039.313
10039.284
10039.254
10039.223
10039.193
10039.163
10039.13
10039.102
10039.069
10039.038
10039.008
10038.977
10038.947
10038.916
10038.885
10038.857
10038.827
10038.794
10038.764
10038.732
10038.704
10038.675
10038.642
10038.612
10038.581
10038.552
10038.522
10038.491
10038.46
10038.431
10038.399
10038.369
10038.345
10038.31
10038.279
10038.25
10038.219
10038.19
10038.159
10038.127
10038.102
10038.07
10038.039
10038.012
10037.979
10037.947
10037.92
10037.89
10037.857
10037.826
10037.798
10037.769
10037.741
10037.706
10037.678
10037.649
10037.618
10037.59
10037.559
10037.528
10037.498
10037.467
10037.438
10037.408
10037.378
10037.35
10037.32
10037.292
10037.26
10037.231
10037.201
10037.17
10037.145
10037.113
10037.083
10037.055
10037.025
10036.991
10036.963
10036.932
10036.904
10036.875
10036.843
10036.813
10036.785
10036.756
10036.725
10036.694
10036.667
10036.635
10036.607
10036.577
10036.549
10036.518
10036.488
10036.459
10036.431
10036.404
10036.373
10036.341
10036.317
10036.287
10036.257
10036.225
10036.197
10036.168
10036.142
10036.113
10036.083
10036.054
10036.028
10035.997
10035.97
10035.94
10035.912
10035.881
10035.857
10035.828
10035.795
10035.765
10035.74
10035.71
10035.679
10035.656
10035.626
10035.596
10035.567
10035.54
10035.512
10035.483
10035.453
10035.424
10035.396
10035.366
10035.339
10035.311
10035.281
10035.252
10035.222
10035.194
10035.166
10035.137
10035.11
10035.083
10035.05
10035.019
10034.993
10034.963
10034.933
10034.902
10034.874
10034.843
10034.814
10034.783
10034.756
10034.728
10034.695
10034.667
10034.637
10034.608
10034.578
10034.548
10034.519
10034.489
10034.455
10034.429
10034.399
10034.37
10034.337
10034.31
10034.279
10034.251
10034.221
10034.192
10034.159
10034.128
10034.1
10034.07
10034.042
10034.013
10033.98
10033.951
10033.922
10033.892
10033.86
10033.836
10033.805
10033.775
10033.745
10033.715
10033.686
10033.658
10033.629
10033.599
10033.569
10033.54
10033.511
10033.479
10033.449
10033.419
10033.389
10033.359
10033.328
10033.298
10033.2705
10033.24
10033.209
10033.179
10033.146
10033.117
10033.09
10033.058
10033.027
10032.996
10032.964
10032.935
10032.906
10032.874
10032.844
10032.813
10032.78
10032.75
10032.721
10032.691
10032.663
10032.632
10032.601
10032.574
10032.541
10032.509
10032.478
10032.449
10032.422
10032.393
10032.363
10032.333
10032.302
10032.273
10032.243
10032.215
10032.182
10032.153
10032.126
10032.096
10032.064
10032.038
10032.009
10031.981
10031.952
10031.92
10031.891
10031.861
10031.834
10031.803
10031.773
10031.745
10031.715
10031.688
10031.658
10031.63
10031.597
10031.573
10031.54
10031.514
10031.484
10031.456
10031.429
10031.399
10031.368
10031.338
10031.309
10031.281
10031.255
10031.228
10031.199
10031.17
10031.143
10031.113
10031.085
10031.056
10031.028
10030.998
10030.975
10030.943
10030.916
10030.89
10030.86
10030.832
10030.801
10030.775
10030.745
10030.719
10030.69
10030.663
10030.637
10030.609
10030.58
10030.551
10030.524
10030.499
10030.468
10030.443
10030.414
10030.386
10030.358
10030.33
10030.302
10030.276
10030.248
10030.22
10030.193
10030.167
10030.14
10030.11
10030.084
10030.055
10030.03
10030.003
10029.976
10029.95
10029.921
10029.895
10029.865
10029.838
10029.81
10029.784
10029.759
10029.731
10029.701
10029.674
10029.648
10029.622
10029.597
10029.569
10029.54
10029.514
10029.488
10029.462
10029.437
10029.41
10029.382
10029.3545
10029.327
10029.304
10029.275
10029.247
10029.22
10029.193
10029.169
10029.141
10029.117
10029.091
10029.0625
10029.034
10029.012
10028.981
10028.957
10028.932
10028.908
10028.879
10028.8545
10028.827
10028.804
10028.774
10028.749
10028.719
10028.697
10028.668
10028.642
10028.614
10028.591
10028.562
10028.535
10028.511
10028.483
10028.457
10028.429
10028.406
10028.38
10028.355
10028.33
10028.305
10028.276
10028.248
10028.222
10028.195
10028.17
10028.144
10028.115
10028.091
10028.063
10028.035
10028.009
10027.983
10027.959
10027.93
10027.904
10027.882
10027.856
10027.829
10027.804
10027.777
10027.75
10027.725
10027.698
10027.673
10027.6455
10027.622
10027.597
10027.574
10027.547
10027.52
10027.494
10027.469
10027.443
10027.419
10027.393
10027.364
10027.341
10027.317
10027.29
10027.265
10027.241
10027.215
10027.1875
10027.162
10027.139
10027.115
10027.087
10027.06
10027.038
10027.017
10026.99
10026.963
10026.9375
10026.914
10026.888
10026.863
10026.84
10026.814
10026.787
10026.764
10026.736
10026.713
10026.6875
10026.659
10026.637
10026.612
10026.584
10026.559
10026.536
10026.51
10026.483
10026.458
10026.436
10026.414
10026.384
10026.361
10026.336
10026.311
10026.284
10026.263
10026.241
10026.216
10026.192
10026.163
10026.141
10026.113
10026.093
10026.069
10026.046
10026.02
10025.995
10025.969
10025.943
10025.92
10025.895
10025.868
10025.845
10025.82
10025.794
10025.772
10025.748
10025.721
10025.698
10025.673
10025.651
10025.622
10025.599
10025.574
10025.554
10025.527
10025.503
10025.478
10025.457
10025.432
10025.406
10025.382
10025.357
10025.332
10025.309
10025.283
10025.26
10025.24
10025.212
10025.188
10025.162
10025.14
10025.117
10025.093
10025.068
10025.047
10025.023
10024.999
10024.974
10024.95
10024.93
10024.903
10024.878
10024.855
10024.836
10024.811
10024.783
10024.76
10024.734
10024.712
10024.686
10024.664
10024.639
10024.616
10024.591
10024.566
10024.544
10024.519
10024.495
10024.474
10024.449
10024.422
10024.402
10024.379
10024.354
10024.328
10024.307
10024.282
10024.262
10024.233
10024.209
10024.189
10024.166
10024.139
10024.113
10024.093
10024.068
10024.044
10024.02
10023.998
10023.975
10023.952
10023.93
10023.904
10023.88
10023.857
10023.833
10023.808
10023.785
10023.763
10023.739
10023.715
10023.69
10023.669
10023.644
10023.618
10023.595
10023.57
10023.548
10023.523
10023.504
10023.4795
10023.454
10023.431
10023.406
10023.386
10023.362
10023.336
10023.314
10023.293
10023.267
10023.241
10023.219
10023.198
10023.169
10023.146
10023.123
10023.102
10023.078
10023.055
10023.032
10023.006
10022.985
10022.962
10022.9375
10022.916
10022.893
10022.869
10022.846
10022.821
10022.799
10022.774
10022.753
10022.7295
10022.706
10022.684
10022.657
10022.639
10022.613
10022.59
10022.567
10022.544
10022.518
10022.496
10022.474
10022.453
10022.427
10022.404
10022.38
10022.357
10022.335
10022.313
10022.288
10022.267
10022.246
10022.22
10022.196
10022.172
10022.151
10022.127
10022.103
10022.084
10022.06
10022.037
10022.014
10021.993
10021.969
10021.943
10021.919
10021.897
10021.877
10021.854
10021.831
10021.809
10021.787
10021.763
10021.739
10021.716
10021.693
10021.67
10021.645
10021.625
10021.6
10021.577
10021.557
10021.531
10021.509
10021.486
10021.463
10021.44
10021.414
10021.392
10021.369
10021.349
10021.326
10021.303
10021.281
10021.261
10021.236
10021.215
10021.189
10021.166
10021.145
10021.123
10021.102
10021.075
10021.053
10021.029
10021.007
10020.985
10020.962
10020.9375
10020.915
10020.895
10020.87
10020.846
10020.823
10020.802
10020.777
10020.759
10020.735
10020.713
10020.689
10020.665
10020.6455
10020.621
10020.6
10020.577
10020.552
10020.53
10020.506
10020.483
10020.461
10020.441
10020.42
10020.396
10020.37
10020.349
10020.326
10020.304
10020.282
10020.258
10020.237
10020.216
10020.189
10020.168
10020.143
10020.124
10020.1
10020.076
10020.054
10020.032
10020.009
10019.989
10019.967
10019.943
10019.92
10019.896
10019.874
10019.851
10019.828
10019.803
10019.782
10019.761
10019.738
10019.716
10019.692
10019.67
10019.647
10019.624
10019.602
10019.581
10019.558
10019.533
10019.509
10019.487
10019.466
10019.441
10019.424
10019.4
10019.379
10019.355
10019.332
10019.311
10019.285
10019.261
10019.24
10019.218
10019.196
10019.175
10019.151
10019.125
10019.103
10019.083
10019.061
10019.039
10019.014
10018.989
10018.966
10018.944
10018.924
10018.902
10018.88
10018.859
10018.836
10018.8125
10018.789
10018.768
10018.748
10018.722
10018.696
10018.675
10018.653
10018.634
10018.613
10018.59
10018.566
10018.543
10018.52
10018.498
10018.476
10018.454
10018.431
10018.409
10018.388
10018.364
10018.341
10018.316
10018.295
10018.275
10018.252
10018.2295
10018.207
10018.183
10018.159
10018.137
10018.116
10018.094
10018.071
10018.053
10018.025
10018.002
10017.979
10017.957
10017.936
10017.914
10017.892
10017.868
10017.847
10017.827
10017.805
10017.782
10017.759
10017.736
10017.711
10017.692
10017.669
10017.645
10017.623
10017.6
10017.577
10017.556
10017.532
10017.512
10017.491
10017.467
10017.445
10017.42
10017.396
10017.376
10017.357
10017.331
10017.312
10017.286
10017.264
10017.242
10017.22
10017.197
10017.177
10017.152
10017.133
10017.109
10017.085
10017.064
10017.039
10017.019
10016.997
10016.975
10016.948
10016.929
10016.905
10016.881
10016.861
10016.838
10016.814
10016.794
10016.771
10016.749
10016.729
10016.706
10016.685
10016.664
10016.642
10016.618
10016.596
10016.573
10016.549
10016.525
10016.502
10016.4795
10016.461
10016.4375
10016.414
10016.393
10016.372
10016.349
10016.323
10016.302
10016.281
10016.261
10016.235
10016.214
10016.19
10016.166
10016.145
10016.122
10016.103
10016.08
10016.058
10016.034
10016.013
10015.99
10015.968
10015.948
10015.927
10015.905
10015.883
10015.859
10015.835
10015.813
10015.791
10015.77
10015.749
10015.726
10015.704
10015.679
10015.658
10015.634
10015.614
10015.593
10015.57
10015.548
10015.525
10015.502
10015.479
10015.459
10015.435
10015.41
10015.388
10015.368
10015.347
10015.323
10015.3
10015.277
10015.256
10015.236
10015.214
10015.19
10015.17
10015.148
10015.124
10015.103
10015.081
10015.058
10015.036
10015.013
10014.99
10014.968
10014.946
10014.924
10014.902
10014.881
10014.858
10014.834
10014.811
10014.788
10014.769
10014.746
10014.724
10014.698
10014.677
10014.655
10014.634
10014.611
10014.589
10014.563
10014.54
10014.517
10014.497
10014.477
10014.456
10014.437
10014.41
10014.388
10014.366
10014.346
10014.322
10014.301
10014.275
10014.25
10014.23
10014.204
10014.185
10014.159
10014.138
10014.114
10014.093
10014.072
10014.049
10014.027
10014.005
10013.9795
10013.959
10013.938
10013.916
10013.896
10013.874
10013.851
10013.823
10013.801
10013.777
10013.759
10013.737
10013.713
10013.6875
10013.667
10013.645
10013.622
10013.602
10013.578
10013.554
10013.53
10013.511
10013.487
10013.466
10013.44
10013.417
10013.393
10013.369
10013.346
10013.324
10013.305
10013.281
10013.26
10013.235
10013.214
10013.191
10013.169
10013.1455
10013.124
10013.103
10013.076
10013.053
10013.029
10013.007
10012.985
10012.963
10012.941
10012.918
10012.895
10012.872
10012.85
10012.829
10012.805
10012.782
10012.76
10012.735
10012.71
10012.688
10012.667
10012.6455
10012.622
10012.6
10012.576
10012.553
10012.533
10012.512
10012.49
10012.467
10012.444
10012.422
10012.399
10012.377
10012.354
10012.331
10012.31
10012.288
10012.265
10012.239
10012.219
10012.196
10012.175
10012.153
10012.132
10012.105
10012.084
10012.062
10012.04
10012.0205
10011.995
10011.972
10011.95
10011.927
10011.904
10011.885
10011.863
10011.838
10011.818
10011.797
10011.773
10011.752
10011.7295
10011.704
10011.683
10011.66
10011.638
10011.614
10011.592
10011.568
10011.55
10011.527
10011.505
10011.48
10011.458
10011.433
10011.411
10011.386
10011.364
10011.345
10011.321
10011.3
10011.276
10011.255
10011.236
10011.215
10011.193
10011.168
10011.144
10011.123
10011.1
10011.082
10011.059
10011.038
10011.013
10010.99
10010.966
10010.947
10010.925
10010.903
10010.879
10010.855
10010.834
10010.816
10010.793
10010.771
10010.749
10010.727
10010.703
10010.685
10010.659
10010.636
10010.615
10010.591
10010.571
10010.549
10010.525
10010.503
10010.482
10010.459
10010.438
10010.416
10010.396
10010.372
10010.353
10010.333
10010.308
10010.286
10010.265
10010.241
10010.221
10010.196
10010.176
10010.153
10010.13
10010.109
10010.088
10010.068
10010.047
10010.024
10010.0
10009.9795
10009.958
10009.937
10009.915
10009.893
10009.87
10009.848
10009.828
10009.807
10009.785
10009.764
10009.743
10009.719
10009.695
10009.673
10009.649
10009.63
10009.608
10009.587
10009.565
10009.54
10009.5205
10009.496
10009.477
10009.456
10009.435
10009.414
10009.392
10009.372
10009.349
10009.325
10009.304
10009.282
10009.262
10009.239
10009.22
10009.195
10009.175
10009.153
10009.131
10009.11
10009.089
10009.065
10009.043
10009.021
10008.996
10008.975
10008.956
10008.933
10008.915
10008.892
10008.869
10008.846
10008.823
10008.801
10008.781
10008.758
10008.74
10008.717
10008.694
10008.674
10008.653
10008.63
10008.608
10008.581
10008.562
10008.543
10008.522
10008.501
10008.4795
10008.453
10008.434
10008.411
10008.391
10008.369
10008.348
10008.326
10008.307
10008.281
10008.261
10008.239
10008.216
10008.194
10008.173
10008.151
10008.132
10008.108
10008.084
10008.064
10008.043
10008.02
10007.998
10007.978
10007.956
10007.934
10007.908
10007.887
10007.863
10007.845
10007.823
10007.803
10007.782
10007.761
10007.739
10007.716
10007.694
10007.673
10007.653
10007.629
10007.608
10007.587
10007.566
10007.542
10007.519
10007.496
10007.476
10007.455
10007.433
10007.413
10007.394
10007.372
10007.347
10007.322
10007.3
10007.279
10007.26
10007.239
10007.216
10007.193
10007.171
10007.15
10007.128
10007.11
10007.087
10007.064
10007.041
10007.018
10007.0
10006.9795
10006.955
10006.935
10006.913
10006.89
10006.869
10006.85
10006.823
10006.8
10006.774
10006.754
10006.735
10006.717
10006.692
10006.671
10006.651
10006.627
10006.6045
10006.584
10006.562
10006.539
10006.519
10006.498
10006.478
10006.457
10006.431
10006.409
10006.387
10006.367
10006.346
10006.324
10006.304
10006.282
10006.261
10006.239
10006.217
10006.195
10006.173
10006.151
10006.13
10006.107
10006.088
10006.066
10006.039
10006.02
10005.997
10005.975
10005.952
10005.931
10005.909
10005.886
10005.864
10005.843
10005.82
10005.798
10005.777
10005.757
10005.733
10005.715
10005.692
10005.67
10005.6455
10005.624
10005.603
10005.582
10005.561
10005.541
10005.518
10005.497
10005.476
10005.455
10005.431
10005.408
10005.389
10005.365
10005.346
10005.322
10005.301
10005.28
10005.259
10005.237
10005.217
10005.196
10005.173
10005.151
10005.128
10005.106
10005.085
10005.0625
10005.043
10005.02
10004.996
10004.975
10004.951
10004.932
10004.915
10004.895
10004.872
10004.848
10004.824
10004.8
10004.78
10004.761
10004.738
10004.718
10004.695
10004.671
10004.649
10004.625
10004.606
10004.585
10004.563
10004.542
10004.519
10004.497
10004.475
10004.454
10004.434
10004.41
10004.39
10004.368
10004.348
10004.325
10004.306
10004.282
10004.261
10004.238
10004.218
10004.196
10004.175
10004.153
10004.132
10004.114
10004.089
10004.067
10004.045
10004.021
10004.001
10003.979
10003.957
10003.936
10003.912
10003.894
10003.872
10003.851
10003.829
10003.81
10003.786
10003.765
10003.743
10003.722
10003.7
10003.678
10003.654
10003.635
10003.613
10003.592
10003.569
10003.548
10003.524
10003.502
10003.481
10003.462
10003.44
10003.417
10003.394
10003.372
10003.353
10003.333
10003.31
10003.287
10003.265
10003.242
10003.225
10003.202
10003.18
10003.158
10003.141
10003.12
10003.098
10003.075
10003.052
10003.034
10003.011
10002.987
10002.963
10002.941
10002.921
10002.896
10002.875
10002.854
10002.836
10002.815
10002.791
10002.771
10002.75
10002.724
10002.703
10002.68
10002.661
10002.642
10002.618
10002.595
10002.573
10002.554
10002.532
10002.511
10002.488
10002.466
10002.445
10002.422
10002.401
10002.381
10002.361
10002.341
10002.318
10002.295
10002.273
10002.253
10002.231
10002.206
10002.183
10002.163
10002.14
10002.12
10002.095
10002.075
10002.055
10002.032
10002.011
10001.988
10001.967
10001.947
10001.925
10001.902
10001.879
10001.858
10001.839
10001.815
10001.795
10001.774
10001.748
10001.727
10001.704
10001.685
10001.663
10001.642
10001.618
10001.597
10001.574
10001.557
10001.533
10001.508
10001.486
10001.468
10001.449
10001.425
10001.403
10001.38
10001.3545
10001.333
10001.314
10001.293
10001.269
10001.245
10001.222
10001.203
10001.182
10001.16
10001.139
10001.119
10001.095
10001.076
10001.057
10001.031
10001.009
10000.983
10000.962
10000.941
10000.919
10000.897
10000.876
10000.855
10000.833
10000.81
10000.79
10000.766
10000.742
10000.72
10000.697
10000.674
10000.652
10000.633
10000.611
10000.586
10000.567
10000.546
10000.523
10000.503
10000.481
10000.456
10000.435
10000.409
10000.388
10000.368
10000.347
10000.326
10000.303
10000.28
10000.259
10000.235
10000.213
10000.188
10000.166
10000.143
10000.123
10000.102
10000.079
10000.054
10000.032
10000.005
9999.985
9999.961
9999.94
9999.915
9999.89
9999.869
9999.844
9999.824
9999.8
9999.779
9999.755
9999.732
9999.713
9999.689
9999.668
9999.645
9999.624
9999.603
9999.577
9999.555
9999.529
9999.505
9999.483
9999.46
9999.435
9999.413
9999.391
9999.369
9999.347
9999.324
9999.302
9999.279
9999.26
9999.238
9999.215
9999.195
9999.171
9999.147
9999.124
9999.101
9999.079
9999.056
9999.036
9999.013
9998.991
9998.969
9998.945
9998.922
9998.896
9998.875
9998.855
9998.834
9998.8125
9998.789
9998.766
9998.743
9998.723
9998.701
9998.679
9998.655
9998.632
9998.609
9998.59
9998.567
9998.543
9998.523
9998.499
9998.474
9998.45
9998.432
9998.406
9998.385
9998.362
9998.34
9998.316
9998.297
9998.272
9998.252
9998.228
9998.207
9998.185
9998.161
9998.136
9998.11
9998.093
9998.071
9998.05
9998.029
9998.005
9997.981
9997.959
9997.939
9997.915
9997.894
9997.867
9997.844
9997.822
9997.798
9997.775
9997.753
9997.73
9997.708
9997.6875
9997.667
9997.6455
9997.622
9997.599
9997.578
9997.554
9997.532
9997.51
9997.484
9997.463
9997.442
9997.422
9997.398
9997.377
9997.354
9997.332
9997.311
9997.291
9997.264
9997.243
9997.221
9997.196
9997.173
9997.151
9997.131
9997.108
9997.085
9997.06
9997.038
9997.016
9996.994
9996.971
9996.949
9996.93
9996.906
9996.883
9996.858
9996.838
9996.814
9996.79
9996.767
9996.744
9996.722
9996.697
9996.678
9996.655
9996.631
9996.608
9996.587
9996.563
9996.537
9996.518
9996.492
9996.471
9996.445
9996.422
9996.4
9996.378
9996.3545
9996.332
9996.3125
9996.286
9996.261
9996.239
9996.216
9996.191
9996.17
9996.147
9996.124
9996.099
9996.077
9996.057
9996.03
9996.01
9995.985
9995.965
9995.941
9995.918
9995.894
9995.872
9995.848
9995.828
9995.807
9995.782
9995.756
9995.736
9995.713
9995.691
9995.67
9995.6455
9995.623
9995.6045
9995.583
9995.56
9995.534
9995.51
9995.488
9995.464
9995.447
9995.422
9995.398
9995.375
9995.352
9995.332
9995.307
9995.287
9995.266
9995.241
9995.219
9995.198
9995.175
9995.151
9995.129
9995.105
9995.085
9995.063
9995.042
9995.0205
9994.996
9994.972
9994.949
9994.928
9994.904
9994.881
9994.858
9994.84
9994.817
9994.793
9994.7705
9994.747
9994.726
9994.702
9994.679
9994.656
9994.634
9994.61
9994.589
9994.567
9994.544
9994.5205
9994.497
9994.477
9994.454
9994.432
9994.41
9994.388
9994.363
9994.34
9994.32
9994.297
9994.274
9994.252
9994.23
9994.208
9994.183
9994.16
9994.138
9994.115
9994.093
9994.069
9994.048
9994.026
9994.003
9993.98
9993.956
9993.933
9993.91
9993.891
9993.864
9993.844
9993.822
9993.799
9993.777
9993.755
9993.731
9993.708
9993.686
9993.664
9993.644
9993.618
9993.595
9993.574
9993.55
9993.53
9993.505
9993.482
9993.459
9993.4375
9993.413
9993.391
9993.367
9993.347
9993.328
9993.303
9993.281
9993.259
9993.234
9993.212
9993.189
9993.167
9993.142
9993.118
9993.098
9993.075
9993.051
9993.03
9993.007
9992.988
9992.963
9992.94
9992.919
9992.8955
9992.875
9992.852
9992.829
9992.808
9992.783
9992.764
9992.741
9992.718
9992.699
9992.674
9992.651
9992.632
9992.607
9992.583
9992.56
9992.54
9992.519
9992.494
9992.473
9992.452
9992.431
9992.406
9992.384
9992.361
9992.337
9992.315
9992.296
9992.271
9992.251
9992.23
9992.209
9992.1875
9992.166
9992.141
9992.116
9992.096
9992.073
9992.054
9992.029
9992.003
9991.981
9991.958
9991.937
9991.913
9991.89
9991.865
9991.844
9991.824
9991.798
9991.777
9991.754
9991.73
9991.713
9991.6875
9991.665
9991.642
9991.62
9991.598
9991.572
9991.55
9991.526
9991.502
9991.479
9991.457
9991.434
9991.408
9991.387
9991.365
9991.344
9991.318
9991.296
9991.272
9991.251
9991.228
9991.206
9991.183
9991.157
9991.135
9991.112
9991.088
9991.064
9991.037
9991.013
9990.99
9990.969
9990.947
9990.922
9990.9
9990.875
9990.852
9990.828
9990.804
9990.781
9990.757
9990.733
9990.707
9990.683
9990.663
9990.642
9990.614
9990.593
9990.568
9990.546
9990.5205
9990.498
9990.476
9990.453
9990.428
9990.404
9990.378
9990.354
9990.332
9990.311
9990.286
9990.262
9990.238
9990.217
9990.194
9990.171
9990.148
9990.124
9990.099
9990.073
9990.05
9990.029
9990.006
9989.983
9989.958
9989.935
9989.911
9989.887
9989.864
9989.84
9989.814
9989.793
9989.7705
9989.745
9989.721
9989.695
9989.674
9989.649
9989.626
9989.603
9989.578
9989.557
9989.528
9989.506
9989.485
9989.458
9989.4375
9989.415
9989.39
9989.364
9989.344
9989.319
9989.295
9989.271
9989.248
9989.224
9989.201
9989.176
9989.154
9989.135
9989.108
9989.081
9989.057
9989.036
9989.01
9988.989
9988.966
9988.94
9988.915
9988.892
9988.869
9988.847
9988.821
9988.798
9988.772
9988.751
9988.7295
9988.707
9988.682
9988.656
9988.635
9988.609
9988.59
9988.564
9988.542
9988.518
9988.492
9988.469
9988.443
9988.42
9988.3955
9988.368
9988.345
9988.323
9988.299
9988.278
9988.255
9988.2295
9988.204
9988.182
9988.157
9988.136
9988.109
9988.086
9988.063
9988.035
9988.012
9987.988
9987.965
9987.939
9987.914
9987.891
9987.866
9987.845
9987.82
9987.795
9987.769
9987.745
9987.725
9987.7
9987.675
9987.653
9987.628
9987.606
9987.581
9987.557
9987.534
9987.509
9987.466
9987.409
9987.363
9987.32
9987.291
9987.266
9987.235
9987.209
9987.184
9987.16
9987.135
9987.11
9987.085
9987.057
9987.031
9987.006
9986.9795
9986.956
9986.929
9986.903
9986.878
9986.853
9986.827
9986.804
9986.778
9986.753
9986.729
9986.703
9986.678
9986.652
9986.629
9986.604
9986.579
9986.557
9986.531
9986.509
9986.484
9986.462
9986.436
9986.414
9986.389
9986.361
9986.339
9986.313
9986.288
9986.265
9986.239
9986.215
9986.188
9986.165
9986.14
9986.117
9986.092
9986.067
9986.04
9986.016
9985.99
9985.967
9985.943
9985.918
9985.895
9985.87
9985.848
9985.82
9985.797
9985.771
9985.75
9985.727
9985.702
9985.68
9985.651
9985.629
9985.6045
9985.578
9985.552
9985.528
9985.503
9985.478
9985.454
9985.431
9985.407
9985.381
9985.356
9985.331
9985.305
9985.281
9985.258
9985.235
9985.213
9985.189
9985.162
9985.139
9985.116
9985.091
9985.067
9985.042
9985.013
9984.989
9984.966
9984.942
9984.915
9984.894
9984.865
9984.843
9984.815
9984.79
9984.765
9984.743
9984.715
9984.688
9984.666
9984.64
9984.613
9984.588
9984.565
9984.542
9984.515
9984.49
9984.463
9984.4375
9984.412
9984.39
9984.359
9984.335
9984.308
9984.281
9984.257
9984.233
9984.206
9984.179
9984.153
9984.128
9984.101
9984.075
9984.055
9984.024
9983.998
9983.972
9983.946
9983.921
9983.896
9983.87
9983.842
9983.817
9983.793
9983.768
9983.739
9983.711
9983.684
9983.657
9983.632
9983.608
9983.583
9983.555
9983.529
9983.504
9983.479
9983.452
9983.425
9983.399
9983.372
9983.347
9983.321
9983.293
9983.266
9983.24
9983.214
9983.189
9983.162
9983.135
9983.111
9983.086
9983.061
9983.035
9983.01
9982.984
9982.957
9982.933
9982.904
9982.879
9982.853
9982.826
9982.799
9982.773
9982.744
9982.718
9982.693
9982.667
9982.639
9982.613
9982.587
9982.559
9982.531
9982.507
9982.4795
9982.454
9982.426
9982.399
9982.373
9982.35
9982.322
9982.296
9982.269
9982.242
9982.217
9982.188
9982.161
9982.134
9982.106
9982.078
9982.053
9982.023
9981.995
9981.968
9981.938
9981.91
9981.881
9981.853
9981.823
9981.791
9981.76
9981.732
9981.701
9981.674
9981.645
9981.616
9981.586
9981.56
9981.529
9981.504
9981.475
9981.447
9981.418
9981.389
9981.359
9981.333
9981.308
9981.278
9981.251
9981.222
9981.195
9981.168
9981.138
9981.11
9981.082
9981.056
9981.028
9981.003
9980.973
9980.947
9980.92
9980.89
9980.861
9980.835
9980.807
9980.781
9980.752
9980.724
9980.696
9980.667
9980.638
9980.611
9980.583
9980.557
9980.528
9980.502
9980.468
9980.442
9980.415
9980.388
9980.358
9980.327
9980.299
9980.2705
9980.243
9980.216
9980.183
9980.151
9980.123
9980.09
9980.0625
9980.029
9980.0
9979.971
9979.944
9979.914
9979.887
9979.8545
9979.824
9979.792
9979.764
9979.737
9979.71
9979.681
9979.653
9979.625
9979.596
9979.567
9979.541
9979.513
9979.482
9979.454
9979.426
9979.396
9979.368
9979.341
9979.311
9979.285
9979.258
9979.2295
9979.197
9979.168
9979.141
9979.111
9979.086
9979.057
9979.029
9979.002
9978.977
9978.947
9978.918
9978.887
9978.857
9978.828
9978.798
9978.7705
9978.743
9978.717
9978.686
9978.658
9978.63
9978.602
9978.576
9978.545
9978.518
9978.49
9978.461
9978.436
9978.405
9978.376
9978.346
9978.316
9978.288
9978.259
9978.233
9978.206
9978.171
9978.142
9978.112
9978.081
9978.058
9978.029
9978.0
9977.968
9977.939
9977.906
9977.877
9977.85
9977.82
9977.795
9977.766
9977.736
9977.703
9977.674
9977.6455
9977.617
9977.587
9977.558
9977.531
9977.502
9977.472
9977.44
9977.413
9977.382
9977.351
9977.322
9977.294
9977.262
9977.233
9977.204
9977.176
9977.145
9977.113
9977.088
9977.055
9977.025
9976.996
9976.966
9976.936
9976.9
9976.871
9976.845
9976.814
9976.781
9976.75
9976.722
9976.689
9976.659
9976.628
9976.597
9976.565
9976.534
9976.505
9976.471
9976.4375
9976.407
9976.374
9976.343
9976.312
9976.278
9976.244
9976.211
9976.182
9976.148
9976.118
9976.085
9976.055
9976.021
9975.987
9975.954
9975.925
9975.896
9975.864
9975.83
9975.801
9975.771
9975.738
9975.704
9975.673
9975.638
9975.605
9975.573
9975.544
9975.507
9975.476
9975.442
9975.406
9975.372
9975.334
9975.299
9975.264
9975.229
9975.192
9975.161
9975.125
9975.095
9975.059
9975.028
9974.995
9974.964
9974.935
9974.901
9974.867
9974.839
9974.807
9974.778
9974.749
9974.717
9974.6875
9974.658
9974.629
9974.596
9974.565
9974.537
9974.505
9974.476
9974.447
9974.417
9974.387
9974.358
9974.328
9974.301
9974.269
9974.236
9974.209
9974.182
9974.149
9974.118
9974.09
9974.058
9974.028
9973.999
9973.966
9973.937
9973.909
9973.879
9973.849
9973.819
9973.792
9973.758
9973.727
9973.7
9973.67
9973.639
9973.61
9973.58
9973.551
9973.52
9973.488
9973.461
9973.432
9973.399
9973.368
9973.338
9973.31
9973.278
9973.248
9973.216
9973.183
9973.147
9973.114
9973.087
9973.051
9973.02
9972.985
9972.95
9972.915
9972.882
9972.851
9972.815
9972.781
9972.746
9972.711
9972.675
9972.637
9972.605
9972.569
9972.537
9972.498
9972.463
9972.425
9972.389
9972.354
9972.318
9972.279
9972.246
9972.21
9972.173
9972.136
9972.099
9972.062
9972.026
9971.993
9971.954
9971.917
9971.887
9971.851
9971.817
9971.782
9971.747
9971.717
9971.683
9971.647
9971.615
9971.585
9971.552
9971.518
9971.482
9971.449
9971.416
9971.385
9971.352
9971.322
9971.292
9971.263
9971.2295
9971.198
9971.164
9971.133
9971.099
9971.067
9971.035
9971.003
9970.97
9970.939
9970.908
9970.878
9970.847
9970.815
9970.782
9970.751
9970.722
9970.689
9970.659
9970.622
9970.591
9970.56
9970.528
9970.494
9970.463
9970.431
9970.398
9970.365
9970.33
9970.298
9970.266
9970.232
9970.203
9970.171
9970.136
9970.105
9970.074
9970.043
9970.013
9969.981
9969.948
9969.921
9969.891
9969.858
9969.824
9969.793
9969.762
9969.73
9969.697
9969.666
9969.635
9969.607
9969.576
9969.544
9969.514
9969.4795
9969.452
9969.423
9969.391
9969.356
9969.328
9969.298
9969.265
9969.236
9969.203
9969.174
9969.142
9969.114
9969.081
9969.053
9969.022
9968.993
9968.96
9968.928
9968.898
9968.869
9968.84
9968.807
9968.775
9968.744
9968.715
9968.687
9968.654
9968.627
9968.596
9968.564
9968.532
9968.504
9968.473
9968.444
9968.411
9968.378
9968.348
9968.317
9968.288
9968.259
9968.23
9968.201
9968.167
9968.136
9968.105
9968.077
9968.048
9968.017
9967.986
9967.953
9967.918
9967.891
9967.86
9967.829
9967.795
9967.764
9967.731
9967.705
9967.675
9967.643
9967.61
9967.58
9967.549
9967.519
9967.486
9967.455
9967.42
9967.39
9967.356
9967.328
9967.302
9967.268
9967.237
9967.206
9967.177
9967.145
9967.114
9967.085
9967.056
9967.022
9966.993
9966.959
9966.93
9966.904
9966.871
9966.844
9966.812
9966.781
9966.751
9966.723
9966.691
9966.663
9966.631
9966.598
9966.57
9966.54
9966.508
9966.479
9966.449
9966.42
9966.391
9966.358
9966.329
9966.3
9966.269
9966.24
9966.208
9966.178
9966.149
9966.12
9966.09
9966.061
9966.03
9966.001
9965.97
9965.94
9965.907
9965.88
9965.851
9965.818
9965.791
9965.762
9965.731
9965.702
9965.671
9965.639
9965.613
9965.582
9965.551
9965.523
9965.493
9965.461
9965.432
9965.402
9965.373
9965.344
9965.3125
9965.282
9965.249
9965.222
9965.188
9965.161
9965.132
9965.103
9965.067
9965.04
9965.009
9964.98
9964.951
9964.922
9964.892
9964.864
9964.833
9964.802
9964.771
9964.744
9964.711
9964.682
9964.649
9964.618
9964.59
9964.561
9964.531
9964.5
9964.471
9964.438
9964.409
9964.379
9964.35
9964.323
9964.289
9964.255
9964.227
9964.196
9964.164
9964.134
9964.101
9964.073
9964.043
9964.011
9963.9795
9963.949
9963.92
9963.89
9963.86
9963.829
9963.798
9963.768
9963.737
9963.707
9963.676
9963.648
9963.617
9963.586
9963.557
9963.527
9963.496
9963.467
9963.436
9963.402
9963.374
9963.348
9963.316
9963.283
9963.254
9963.224
9963.195
9963.166
9963.136
9963.105
9963.074
9963.044
9963.015
9962.981
9962.95
9962.922
9962.892
9962.86
9962.832
9962.805
9962.7705
9962.742
9962.712
9962.678
9962.648
9962.619
9962.589
9962.56
9962.528
9962.499
9962.468
9962.435
9962.407
9962.378
9962.347
9962.315
9962.284
9962.255
9962.224
9962.194
9962.163
9962.132
9962.103
9962.071
9962.041
9962.012
9961.981
9961.951
9961.92
9961.891
9961.858
9961.828
9961.797
9961.769
9961.736
9961.705
9961.674
9961.644
9961.615
9961.584
9961.555
9961.523
9961.489
9961.459
9961.429
9961.4
9961.37
9961.34
9961.31
9961.278
9961.247
9961.214
9961.184
9961.151
9961.121
9961.091
9961.062
9961.032
9960.997
9960.968
9960.9375
9960.905
9960.878
9960.848
9960.816
9960.785
9960.752
9960.723
9960.69
9960.659
9960.627
9960.597
9960.568
9960.535
9960.502
9960.473
9960.443
9960.412
9960.384
9960.351
9960.321
9960.29
9960.259
9960.228
9960.198
9960.171
9960.136
9960.1045
9960.07
9960.04
9960.011
9959.978
9959.946
9959.916
9959.886
9959.856
9959.824
9959.794
9959.763
9959.731
9959.699
9959.67
9959.638
9959.607
9959.575
9959.541
9959.512
9959.4795
9959.449
9959.42
9959.39
9959.355
9959.32
9959.291
9959.261
9959.228
9959.197
9959.167
9959.136
9959.105
9959.073
9959.042
9959.012
9958.982
9958.948
9958.917
9958.887
9958.854
9958.822
9958.79
9958.758
9958.729
9958.697
9958.668
9958.636
9958.603
9958.57
9958.537
9958.504
9958.476
9958.441
9958.412
9958.382
9958.348
9958.316
9958.285
9958.256
9958.225
9958.193
9958.161
9958.133
9958.099
9958.069
9958.038
9958.004
9957.972
9957.938
9957.91
9957.879
9957.846
9957.813
9957.784
9957.753
9957.72
9957.69
9957.658
9957.628
9957.596
9957.565
9957.536
9957.501
9957.472
9957.439
9957.409
9957.377
9957.343
9957.3125
9957.28
9957.248
9957.217
9957.187
9957.156
9957.124
9957.094
9957.063
9957.028
9956.994
9956.964
9956.934
9956.902
9956.87
9956.841
9956.807
9956.774
9956.743
9956.71
9956.681
9956.646
9956.615
9956.585
9956.552
9956.52
9956.488
9956.456
9956.423
9956.393
9956.36
9956.327
9956.297
9956.265
9956.234
9956.201
9956.172
9956.138
9956.107
9956.076
9956.042
9956.008
9955.975
9955.945
9955.916
9955.882
9955.85
9955.817
9955.783
9955.752
9955.718
9955.689
9955.658
9955.628
9955.596
9955.5625
9955.527
9955.495
9955.465
9955.434
9955.401
9955.37
9955.339
9955.303
9955.272
9955.24
9955.21
9955.175
9955.142
9955.11
9955.077
9955.046
9955.016
9954.983
9954.95
9954.919
9954.886
9954.8545
9954.823
9954.787
9954.756
9954.723
9954.693
9954.659
9954.627
9954.596
9954.564
9954.532
9954.499
9954.464
9954.429
9954.397
9954.37
9954.334
9954.305
9954.271
9954.237
9954.201
9954.169
9954.139
9954.106
9954.073
9954.037
9954.003
9953.973
9953.939
9953.905
9953.872
9953.841
9953.807
9953.776
9953.74
9953.707
9953.675
9953.642
9953.611
9953.574
9953.539
9953.508
9953.476
9953.443
9953.41
9953.379
9953.344
9953.31
9953.276
9953.242
9953.209
9953.174
9953.14
9953.109
9953.076
9953.041
9953.005
9952.975
9952.947
9952.909
9952.877
9952.842
9952.811
9952.777
9952.743
9952.709
9952.673
9952.64
9952.605
9952.571
9952.538
9952.505
9952.471
9952.437
9952.406
9952.372
9952.339
9952.306
9952.27
9952.237
9952.203
9952.166
9952.133
9952.1
9952.064
9952.031
9951.998
9951.959
9951.929
9951.893
9951.859
9951.826
9951.79
9951.758
9951.725
9951.689
9951.653
9951.62
9951.586
9951.553
9951.513
9951.478
9951.445
9951.413
9951.379
9951.347
9951.312
9951.278
9951.245
9951.208
9951.176
9951.139
9951.106
9951.072
9951.039
9951.004
9950.97
9950.934
9950.899
9950.867
9950.831
9950.797
9950.762
9950.727
9950.691
9950.659
9950.626
9950.592
9950.555
9950.519
9950.484
9950.451
9950.418
9950.381
9950.348
9950.314
9950.278
9950.242
9950.205
9950.172
9950.137
9950.103
9950.065
9950.03
9949.995
9949.962
9949.931
9949.894
9949.858
9949.823
9949.789
9949.753
9949.718
9949.683
9949.647
9949.612
9949.577
9949.544
9949.509
9949.475
9949.44
9949.401
9949.369
9949.33
9949.295
9949.262
9949.227
9949.19
9949.154
9949.117
9949.083
9949.049
9949.013
9948.977
9948.942
9948.908
9948.873
9948.838
9948.804
9948.77
9948.732
9948.697
9948.658
9948.624
9948.589
9948.554
9948.519
9948.483
9948.444
9948.411
9948.376
9948.339
9948.305
9948.267
9948.231
9948.196
9948.161
9948.123
9948.09
9948.052
9948.019
9947.983
9947.945
9947.907
9947.87
9947.836
9947.797
9947.762
9947.724
9947.691
9947.65
9947.613
9947.578
9947.543
9947.504
9947.471
9947.435
9947.398
9947.357
9947.325
9947.291
9947.252
9947.215
9947.177
9947.136
9947.098
9947.055
9947.0205
9946.983
9946.946
9946.906
9946.869
9946.83
9946.793
9946.757
9946.72
9946.683
9946.6455
9946.607
9946.571
9946.534
9946.498
9946.464
9946.428
9946.388
9946.352
9946.317
9946.28
9946.243
9946.209
9946.17
9946.133
9946.094
9946.055
9946.0205
9945.983
9945.943
9945.902
9945.867
9945.827
9945.789
9945.748
9945.707
9945.672
9945.635
9945.596
9945.557
9945.516
9945.477
9945.4375
9945.397
9945.361
9945.321
9945.282
9945.244
9945.21
9945.167
9945.132
9945.094
9945.055
9945.02
9944.9795
9944.942
9944.904
9944.864
9944.825
9944.787
9944.748
9944.712
9944.675
9944.636
9944.595
9944.557
9944.518
9944.48
9944.441
9944.404
9944.364
9944.325
9944.283
9944.246
9944.205
9944.164
9944.127
9944.088
9944.047
9944.011
9943.973
9943.934
9943.894
9943.856
9943.814
9943.772
9943.733
9943.694
9943.653
9943.614
9943.575
9943.538
9943.495
9943.459
9943.419
9943.382
9943.342
9943.305
9943.265
9943.223
9943.185
9943.147
9943.11
9943.071
9943.031
9942.997
9942.958
9942.92
9942.882
9942.84
9942.803
9942.764
9942.729
9942.69
9942.65
9942.61
9942.574
9942.534
9942.497
9942.456
9942.417
9942.378
9942.34
9942.303
9942.263
9942.223
9942.182
9942.144
9942.104
9942.065
9942.024
9941.983
9941.942
9941.902
9941.859
9941.817
9941.779
9941.734
9941.699
9941.658
9941.618
9941.576
9941.535
9941.494
9941.453
9941.41
9941.371
9941.332
9941.29
9941.251
9941.207
9941.167
9941.128
9941.086
9941.042
9941.003
9940.962
9940.922
9940.881
9940.839
9940.799
9940.755
9940.714
9940.676
9940.634
9940.59
9940.55
9940.509
9940.471
9940.43
9940.39
9940.351
9940.308
9940.27
9940.228
9940.188
9940.146
9940.105
9940.0625
9940.021
9939.979
9939.939
9939.896
9939.859
9939.814
9939.773
9939.73
9939.6875
9939.652
9939.607
9939.568
9939.526
9939.488
9939.446
9939.406
9939.367
9939.326
9939.285
9939.245
9939.205
9939.165
9939.124
9939.081
9939.044
9939.004
9938.965
9938.925
9938.886
9938.849
9938.806
9938.769
9938.7295
9938.69
9938.649
9938.609
9938.57
9938.533
9938.491
9938.452
9938.413
9938.374
9938.332
9938.29
9938.251
9938.21
9938.172
9938.134
9938.094
9938.052
9938.009
9937.973
9937.928
9937.889
9937.852
9937.811
9937.771
9937.732
9937.688
9937.647
9937.6045
9937.564
9937.523
9937.482
9937.436
9937.3955
9937.3545
9937.3125
9937.265
9937.226
9937.185
9937.144
9937.103
9937.058
9937.014
9936.969
9936.93
9936.885
9936.843
9936.8
9936.757
9936.716
9936.673
9936.631
9936.59
9936.55
9936.503
9936.462
9936.42
9936.378
9936.339
9936.295
9936.251
9936.21
9936.166
9936.121
9936.079
9936.034
9935.991
9935.949
9935.905
9935.86
9935.815
9935.7705
9935.729
9935.684
9935.642
9935.597
9935.549
9935.507
9935.461
9935.415
9935.369
9935.323
9935.278
9935.232
9935.188
9935.145
9935.098
9935.055
9935.008
9934.965
9934.918
9934.871
9934.828
9934.783
9934.735
9934.69
9934.6455
9934.603
9934.556
9934.512
9934.468
9934.421
9934.377
9934.335
9934.29
9934.245
9934.2
9934.156
9934.113
9934.068
9934.025
9933.981
9933.942
9933.896
9933.85
9933.806
9933.762
9933.718
9933.674
9933.629
9933.584
9933.542
9933.497
9933.453
9933.408
9933.364
9933.322
9933.279
9933.233
9933.188
9933.144
9933.101
9933.056
9933.011
9932.966
9932.923
9932.879
9932.835
9932.789
9932.749
9932.706
9932.661
9932.617
9932.573
9932.528
9932.487
9932.443
9932.399
9932.358
9932.3125
9932.265
9932.223
9932.182
9932.137
9932.094
9932.05
9932.009
9931.962
9931.921
9931.877
9931.835
9931.79
9931.743
9931.701
9931.655
9931.613
9931.571
9931.529
9931.485
9931.438
9931.397
9931.354
9931.311
9931.267
9931.222
9931.178
9931.134
9931.093
9931.048
9931.003
9930.959
9930.916
9930.872
9930.828
9930.785
9930.741
9930.699
9930.657
9930.609
9930.563
9930.523
9930.481
9930.439
9930.393
9930.349
9930.306
9930.264
9930.223
9930.18
9930.135
9930.09
9930.047
9930.004
9929.962
9929.915
9929.872
9929.83
9929.788
9929.743
9929.7
9929.657
9929.616
9929.572
9929.529
9929.485
9929.442
9929.398
9929.354
9929.311
9929.268
9929.225
9929.182
9929.138
9929.096
9929.051
9929.011
9928.966
9928.922
9928.879
9928.832
9928.792
9928.749
9928.704
9928.66
9928.62
9928.579
9928.532
9928.488
9928.445
9928.402
9928.356
9928.315
9928.273
9928.2295
9928.187
9928.144
9928.099
9928.054
9928.013
9927.968
9927.925
9927.884
9927.837
9927.795
9927.751
9927.709
9927.664
9927.621
9927.576
9927.531
9927.485
9927.443
9927.4
9927.3545
9927.312
9927.27
9927.225
9927.18
9927.137
9927.094
9927.047
9927.004
9926.961
9926.917
9926.872
9926.828
9926.783
9926.739
9926.693
9926.649
9926.605
9926.564
9926.522
9926.477
9926.432
9926.388
9926.342
9926.302
9926.258
9926.213
9926.17
9926.125
9926.08
9926.036
9925.994
9925.948
9925.902
9925.857
9925.815
9925.771
9925.729
9925.686
9925.643
9925.598
9925.55
9925.507
9925.464
9925.42
9925.378
9925.329
9925.286
9925.241
9925.2
9925.155
9925.112
9925.067
9925.0205
9924.978
9924.935
9924.892
9924.847
9924.804
9924.76
9924.713
9924.671
9924.63
9924.585
9924.542
9924.499
9924.452
9924.406
9924.365
9924.322
9924.277
9924.232
9924.1875
9924.142
9924.102
9924.059
9924.015
9923.974
9923.927
9923.885
9923.842
9923.797
9923.754
9923.711
9923.668
9923.621
9923.576
9923.534
9923.488
9923.445
9923.402
9923.357
9923.316
9923.271
9923.231
9923.187
9923.138
9923.095
9923.052
9923.009
9922.963
9922.92
9922.872
9922.829
9922.786
9922.742
9922.694
9922.651
9922.607
9922.562
9922.5205
9922.478
9922.434
9922.388
9922.343
9922.298
9922.253
9922.213
9922.17
9922.126
9922.078
9922.033
9921.987
9921.945
9921.904
9921.857
9921.811
9921.768
9921.725
9921.682
9921.637
9921.59
9921.543
9921.504
9921.459
9921.414
9921.371
9921.323
9921.279
9921.234
9921.191
9921.148
9921.105
9921.0625
9921.014
9920.97
9920.923
9920.882
9920.836
9920.795
9920.749
9920.702
9920.662
9920.611
9920.568
9920.524
9920.479
9920.433
9920.393
9920.344
9920.299
9920.256
9920.213
9920.168
9920.121
9920.072
9920.031
9919.986
9919.941
9919.896
9919.851
9919.805
9919.762
9919.714
9919.667
9919.623
9919.578
9919.536
9919.49
9919.444
9919.399
9919.351
9919.305
9919.262
9919.218
9919.172
9919.124
9919.079
9919.036
9918.991
9918.944
9918.899
9918.856
9918.808
9918.764
9918.721
9918.671
9918.624
9918.58
9918.535
9918.487
9918.445
9918.398
9918.352
9918.305
9918.262
9918.217
9918.171
9918.123
9918.078
9918.029
9917.982
9917.939
9917.894
9917.844
9917.799
9917.754
9917.707
9917.659
9917.613
9917.565
9917.518
9917.471
9917.426
9917.379
9917.331
9917.282
9917.236
9917.188
9917.142
9917.095
9917.048
9917.0
9916.95
9916.91
9916.864
9916.8125
9916.767
9916.718
9916.675
9916.625
9916.576
9916.528
9916.483
9916.432
9916.384
9916.339
9916.292
9916.243
9916.189
9916.146
9916.101
9916.048
9915.997
9915.946
9915.9
9915.848
