9985.813
9716.131
9212.435
8746.936
8677.758
8031.495
7672.8223
7404.116
7216.7383
7012.736
6994.559
6831.0713
6785.7563
6727.64
6679.134
6672.2954
6602.0854
6796.8345
6645.7354
6943.413
6556.2876
6872.478
6839.1895
6583.1475
7028.1035
6595.5615
6476.473
8409.602
6833.7876
8992.093
6506.4224
6513.9873
6545.6064
6474.4277
6460.6763
6489.871
6477.1094
7852.2637
6509.7207
6473.714
6485.741
6842.814
6524.921
6492.944
6484.2266
6869.706
6501.7847
6494.114
6453.241
6442.7773
6553.888
6435.027
6495.5137
6447.364
6567.2905
6473.9404
6456.256
6460.3
6891.9355
6522.068
6399.8784
6535.222
6479.388
6428.217
6404.892
6426.4297
6382.827
6644.0903
6644.0146
6469.5728
6419.7666
6432.7905
6439.9463
6414.966
6447.295
6599.027
6527.6367
6554.9463
14997.7705
