10090.054
10084.024
10081.472
10077.804
10075.451
10074.417
10072.66
10071.101
10069.914
10069.567
10068.737
10068.187
10067.5625
10067.279
10067.539
10067.471
10067.073
10067.076
10066.821
10066.455
10066.382
10066.4
10066.182
10065.889
10065.788
10065.609
10065.434
10065.292
10065.276
10065.147
10065.152
10065.007
10065.076
10065.117
10065.098
10065.007
10064.939
10064.852
10064.884
10064.863
10064.81
10064.672
10064.633
10064.567
10064.56
10064.552
10064.533
10064.533
10064.574
10064.548
10064.462
10064.41
10064.346
10064.31
10064.34
10064.363
10064.262
10064.237
10064.189
10064.158
10064.152
10064.116
10064.139
10064.129
10064.097
10064.088
10064.06
10064.061
10064.04
10064.059
10064.057
10064.071
10064.073
10063.978
10064.008
10064.025
10063.952
10064.026
10064.003
10064.024
10063.949
10063.965
10063.944
10064.006
10063.976
10063.972
10063.963
10063.973
10064.007
10063.979
10063.955
10063.95
10063.918
10063.936
10063.946
10063.927
10063.942
10063.932
10063.933
10063.936
10063.897
10063.904
10063.93
10063.852
10063.971
10063.89
10063.948
10063.923
10063.915
10063.926
10063.881
10063.899
10063.952
10063.899
10063.912
10063.925
10063.912
10063.922
10063.904
10063.912
10063.912
10063.939
10063.958
10063.926
10063.933
10063.837
10063.931
10063.89
10063.8955
10063.953
10063.964
10063.854
10063.901
10063.856
10063.873
