10068.565
10066.634
10067.873
10067.072
10066.262
10065.517
10065.533
10065.529
10064.993
10065.268
10065.126
10064.779
10065.21
10064.549
10064.708
10064.576
10064.824
10064.553
10064.487
10064.382
10064.278
10064.254
10064.056
10063.966
10063.839
10064.223
10064.17
10064.163
10064.198
10064.446
10064.117
10064.11
10064.206
10064.178
10064.168
10064.088
10064.141
10064.08
10064.225
10064.148
10064.192
10064.16
10064.114
10064.106
10064.129
10064.158
10064.098
10064.095
10064.06
10064.037
10064.03
10064.327
10064.291
10063.971
10064.0205
10064.039
10064.029
10064.016
10063.974
10064.089
10063.933
10063.927
10064.077
10063.914
10063.938
10063.982
10064.105
10064.042
10064.088
10064.056
10064.079
10064.062
10064.01
10064.002
10063.973
10063.9795
10063.975
10063.961
10064.061
10063.947
10063.959
10063.92
10063.8955
10063.901
10063.889
10063.896
10063.898
10063.921
10063.93
10063.891
10063.889
10063.902
10063.874
10063.9
10063.908
10063.832
10063.859
10063.952
10063.91
10063.91
10063.877
10063.895
10063.89
10063.909
10063.898
10063.9
10063.895
10063.894
10063.916
10063.895
10063.88
10063.909
10063.898
10063.905
10063.882
10063.9
10063.903
10063.902
