10018.723
9693.31
8713.949
7592.1816
6614.765
5638.826
8435.807
5129.6504
8781.058
3579.8474
3222.385
3028.4236
2586.358
2185.1074
1890.8314
1761.3304
2116.548
1262.5088
1035.2778
914.0223
1075.3549
814.02423
795.38086
701.1032
597.86804
560.6761
554.36145
471.9142
438.82367
416.4786
385.29645
359.5394
339.52023
321.64526
304.16888
289.6413
281.76794
270.23785
255.31508
261.98276
235.7174
230.56007
218.7458
211.2632
205.09398
197.12947
193.58832
185.47316
183.64247
197.41531
171.60533
167.20201
162.46387
157.86436
153.71591
150.0928
146.36063
142.57939
141.02281
136.46762
133.17177
130.64369
129.38574
141.20514
128.07199
123.34059
120.22056
117.57284
116.0023
112.987404
110.63119
108.721985
107.27335
104.829155
102.983055
101.24244
99.47503
97.960396
96.485634
94.77277
93.45056
91.86768
90.54308
89.22326
87.654724
86.58376
85.60462
83.8993
82.77674
81.59309
80.45138
79.41654
78.28641
77.17791
76.33936
75.406715
74.1955
74.26834
72.430824
71.573975
70.60793
69.66804
68.88918
68.06154
67.25053
66.598854
65.91797
65.09973
64.27824
63.489796
62.947678
62.079098
61.552555
60.71139
60.190613
59.428757
58.82605
58.126644
57.54356
57.055088
56.437252
55.88564
55.481056
54.938602
54.18864
53.671986
53.100803
52.643734
52.160404
51.64556
51.151268
50.87103
50.139553
49.72337
49.229786
48.822384
48.37676
47.965755
47.551563
47.156544
46.692005
46.29478
46.040424
45.52175
45.13969
44.78447
44.439137
44.070736
43.663204
43.32166
42.959423
42.659847
42.254448
41.929226
41.626156
41.373898
40.949665
40.63412
40.48595
40.085087
39.666775
39.429897
39.195297
38.833035
38.552814
38.290638
37.928635
37.65025
37.423584
37.139874
36.86526
36.62183
36.328323
36.12788
35.894497
35.621143
35.360065
35.173267
34.87665
34.656807
34.407074
34.17766
33.941467
33.710693
33.523758
33.30016
33.116932
32.949444
32.665257
32.463585
32.274494
32.033
31.841139
31.623465
31.455238
31.302147
31.132713
30.861658
30.709024
30.484146
30.307795
30.122124
29.94135
29.780378
29.578917
29.396505
29.246912
29.067352
28.898516
28.717842
28.569925
28.3957
28.315104
28.114729
27.947433
27.801771
27.634567
27.551073
27.317308
27.160015
27.010696
26.86352
26.765411
26.587904
26.484816
26.273998
26.146694
26.011648
25.85428
25.711697
25.596737
25.54563
25.32717
25.19776
25.080503
24.950632
24.810785
24.705578
24.560387
24.455034
24.32009
24.182455
24.070623
23.942966
23.84119
23.738651
23.595495
23.511316
23.386374
23.25437
23.14371
23.083323
22.92992
22.799524
22.719893
22.606535
22.494045
22.38785
22.291395
22.174341
22.06815
21.971165
21.867825
21.81591
21.670273
21.575396
21.48036
21.389738
21.281725
21.226751
21.090092
20.995024
20.917698
20.815712
20.724794
20.639105
20.589102
20.471476
20.376734
20.300508
20.197052
20.128473
20.031347
19.962807
19.875782
19.78685
19.696377
19.611403
19.676664
19.452085
19.3739
19.307262
19.222652
19.139015
19.0558
19.00609
18.916737
18.848183
18.759592
18.69198
18.625448
18.531956
18.46647
18.38022
19.06714
18.236736
18.163172
18.090847
18.08093
17.957874
17.881765
17.814985
17.750717
17.682703
17.614017
17.589888
17.499865
17.408342
17.345675
17.288116
17.217787
17.155958
17.10893
17.052023
16.966574
16.911402
16.8463
16.775234
16.721273
16.657791
16.601164
16.530539
16.469402
16.41944
16.352468
16.299261
16.233997
16.203695
16.124617
16.074532
16.021984
15.957573
15.912415
15.873972
15.815923
15.743959
15.69749
15.63606
15.57882
15.523326
15.508464
15.426246
15.380378
15.323834
15.265113
15.22381
15.169299
15.114751
15.064321
15.01952
14.974355
14.910253
14.86357
14.812919
14.765422
14.795367
14.675643
14.623654
14.625417
14.612855
14.487153
14.438058
14.394034
14.346589
14.304261
14.258456
14.223069
14.17359
14.125566
14.089384
14.048064
13.996287
13.953134
13.909917
13.87231
13.820673
13.782037
13.748025
13.698777
13.657865
13.615651
13.5736475
13.542357
13.492927
13.455857
13.417094
13.3697405
13.337548
13.308499
13.249564
13.2169285
13.220742
13.136509
13.092917
13.058839
13.014537
12.996381
12.940134
12.902673
12.863181
12.842077
12.794894
12.753719
12.715655
12.685151
12.644108
12.612032
12.57476
12.540197
12.514956
12.473212
12.450631
12.429579
12.366899
12.341267
12.2976055
12.270213
12.237296
12.199865
12.167199
12.140611
12.100192
12.066073
12.032691
12.006018
11.965673
11.930432
11.896875
11.872088
11.833332
11.799956
11.770486
11.738547
11.712484
11.681934
11.645833
11.628295
11.60435
11.55603
11.52918
11.499264
11.464553
11.442973
11.406457
11.375028
11.349099
11.32828
11.292064
11.262012
11.230737
11.20206
11.178114
11.1451845
11.116775
11.094495
11.062616
11.034457
11.00767
10.979039
10.959727
10.924914
10.90533
10.8708105
10.844666
10.826275
10.791557
10.765414
10.739254
10.709804
10.682761
10.657833
10.630499
10.606154
10.593592
10.554215
10.5257225
10.502973
10.481591
10.460524
10.426469
10.400502
10.378133
10.350444
10.328307
10.317182
10.285998
10.254528
10.233294
10.2039795
10.185008
10.155349
10.132495
10.11307
10.086796
10.062549
10.0395975
10.021824
10.003316
9.978739
9.965264
9.927381
9.916786
9.886218
9.860963
9.837292
9.814196
9.796445
9.781182
9.748837
9.724425
9.703523
9.681561
9.660373
9.637828
9.626249
9.602707
9.575341
9.552907
9.547755
9.527683
9.491816
9.471969
9.449232
9.430808
9.4102335
9.390478
9.368217
9.368118
9.33519
9.309669
9.292829
9.273082
9.250772
9.229009
9.208225
9.196473
9.171657
9.15073
9.133333
9.187251
9.092954
9.071908
9.0629
9.035578
9.017805
8.997376
8.979426
8.962445
8.946588
8.9256315
8.904551
8.896192
8.867586
8.849097
8.837482
8.811526
8.946411
8.775162
8.760359
8.7404585
8.728139
8.7035055
8.687291
8.669964
8.651694
8.632141
8.617145
8.602168
8.580558
8.562676
8.54494
8.54856
8.511365
8.496355
8.488023
8.461907
8.444167
8.428439
8.411606
8.393962
8.381167
8.361744
8.346121
8.342223
8.312781
8.296386
8.284926
8.264393
8.249273
8.2362585
8.221266
8.202707
8.186299
8.169477
8.154662
8.139284
8.124013
8.111967
8.093552
8.076646
8.060669
8.046082
8.030224
8.019912
8.001384
7.9853754
7.974032
7.958563
7.9414544
7.926143
7.911623
7.897983
7.8825717
7.86942
7.8534117
7.8460336
7.824854
7.8102865
7.8116436
7.7822895
7.769321
7.752168
7.73774
7.7295737
7.7134614
7.703587
7.6813107
7.6675544
7.658452
7.638931
7.624881
7.6155233
7.5981364
7.581923
7.569194
7.555188
7.543748
7.5278993
7.5167823
7.507692
7.488352
7.4783077
7.46409
7.454908
7.4356356
7.422934
7.409593
7.3996186
7.383827
7.3765326
7.3609366
7.347455
7.334249
7.323995
7.3077607
7.2953715
7.282407
7.271812
7.256653
7.244272
7.2308965
7.2194257
7.206608
7.195069
7.1934614
7.1773
7.158849
7.145928
7.13532
7.122967
7.110959
7.100476
7.087379
7.0735936
7.061993
7.0513887
7.0380445
7.029573
7.015309
7.003179
6.997963
6.9810743
6.9685593
6.9589915
6.945186
6.9339166
6.9268203
6.91182
6.8991547
6.888443
6.8767047
6.864377
6.853499
6.8429165
6.831199
6.823454
6.8093495
6.7990346
6.7874947
6.776607
6.763704
6.7526207
6.7452354
6.731067
6.722382
6.7085023
6.701245
6.6885977
6.6770577
6.667093
6.654712
6.6440015
6.635594
6.6290097
6.613935
6.601995
6.592704
6.5823836
6.572938
6.5615797
6.554961
6.539269
6.529993
6.519886
6.509399
6.4987006
6.488278
6.4926925
6.467119
6.45865
6.4475446
6.4393764
6.427658
6.4188223
6.4073563
6.3966403
6.386591
6.380567
6.3663216
6.35755
6.3478765
6.3376203
6.32753
6.3190227
6.3090615
6.2982364
6.2905927
6.2796817
6.271159
6.260819
6.251743
6.243856
6.2325425
6.225594
6.2145324
6.2039437
6.19542
6.185472
6.176725
6.167116
6.161178
6.14759
6.1390505
6.1290126
6.120562
6.1173205
6.1023946
6.0942354
6.0847487
6.0776815
6.078508
6.0587773
6.051253
6.0403075
6.031159
6.0230184
6.026356
6.004701
5.9960613
5.9890714
5.979607
5.9694505
5.960995
5.9521365
5.9449697
5.934988
5.9260716
5.9176583
5.909015
5.9014907
5.8927445
5.883618
5.874979
5.867602
5.860886
5.850102
5.8415346
5.8334327
5.825028
5.8174167
5.8096356
5.800851
5.792453
5.785977
5.7772007
5.768971
5.7614284
5.751967
5.7442594
5.7353926
5.7347865
5.721083
5.7105503
5.7038627
5.695028
5.687044
5.678255
5.6705523
5.662278
5.65496
5.646628
5.6387734
5.6310315
5.62586
5.615708
5.6072283
5.600167
5.5931807
5.584201
5.591348
5.570993
5.5619307
5.5532794
5.546984
5.538715
5.532065
5.5228014
5.515821
5.509052
5.5006285
5.493706
5.4848495
5.4776735
5.469877
5.463043
5.4564147
5.449723
5.443725
5.4326224
5.4320607
5.4194875
5.410854
5.405865
5.39518
5.3880816
5.3838325
5.374166
5.3667064
5.359555
5.353889
5.3460555
5.343636
5.33141
5.324167
5.317118
5.311636
5.3034105
5.2961183
5.28943
5.282533
5.2774334
5.2683177
5.2622952
5.2540746
5.249679
5.239857
5.233007
5.226043
5.22135
5.2128444
5.207214
5.1993513
5.1926546
5.208507
5.182041
5.1713147
5.1645427
5.160326
5.152184
5.144586
5.138361
5.1311636
5.123675
5.1170287
5.111262
5.103966
5.0978937
5.091335
5.0877023
5.0790086
5.072346
5.065885
5.058109
5.0526624
5.045798
5.038861
5.0325685
5.029041
5.0204015
5.014972
5.0073504
5.00138
4.994266
4.988239
4.981939
4.9759727
4.969331
4.9630275
4.956789
4.949857
4.9447913
4.9376707
4.931105
4.9246964
4.9184384
4.9121675
4.906932
4.8994927
4.893063
4.8943563
4.8816504
4.87646
4.8689637
4.863007
4.856513
4.851004
4.844866
4.8379054
4.8323812
4.8263173
4.8215322
4.8144145
4.808699
4.803373
4.79728
4.7916093
4.784924
4.7790685
4.774865
4.7683787
4.7615933
4.7544227
4.748761
4.7439184
4.7423415
4.733668
4.725517
4.719737
4.7144303
4.709501
4.702637
4.698505
4.690724
4.68771
4.680166
4.673747
4.667558
4.662625
4.656571
4.652252
4.645251
4.6403785
4.635224
4.6295743
4.6244564
4.6191025
4.611675
4.6064186
4.6001897
4.5946636
4.5892673
4.5834517
4.5790486
4.572973
4.567116
4.5618677
4.555347
4.549524
4.5447726
4.538865
4.534093
4.5280566
4.5236335
4.5185556
4.511416
4.5067916
4.501121
4.4952617
4.49046
4.485105
4.479271
4.4757733
4.468304
4.463944
4.4592876
4.4528666
4.4468203
4.4416504
4.4369297
4.4313307
4.42585
4.4210052
4.417946
4.4099493
4.4049964
4.399032
4.39477
4.3887167
4.384016
4.380476
4.373417
4.368401
4.363027
4.358125
4.352159
4.3486943
4.3421535
4.33761
4.332075
4.326686
4.323305
4.3158216
4.3114905
4.3056707
4.3018837
4.296318
4.2909374
4.2852983
4.279784
4.2749577
4.269263
4.265121
4.2605033
4.254262
4.2489643
4.244663
4.240961
4.2337327
4.228713
4.224331
4.2193823
4.2141886
4.208734
4.204154
4.199395
4.2002945
4.189454
4.1842084
4.179433
4.175974
4.168813
4.164937
4.158595
4.154339
4.149125
4.144288
4.1388426
4.1349163
4.1290574
4.1246214
4.119281
4.114545
4.1109705
4.104404
4.099613
4.0948615
4.089852
4.085054
4.0825496
4.075392
4.0703106
4.0655994
4.0606823
4.0559206
4.0509696
4.0459695
4.0412292
4.0368423
4.031204
4.0267377
4.021677
4.0175457
4.0121408
4.007798
4.0022717
4.002661
3.993711
3.98821
3.9830396
3.977193
3.973008
3.9684017
3.9731505
3.9581754
3.9528174
3.9477296
3.942954
3.9382558
3.9329875
3.9280376
3.9241266
3.9183486
3.9140325
3.908795
3.9036715
3.8985336
3.8946493
3.8893838
3.883877
3.8801982
3.8746605
3.8700473
3.865546
3.8601334
3.855725
3.8498864
3.8450093
3.8404326
3.8354423
3.832053
3.825663
3.8207848
3.8187652
3.8110974
3.8064053
3.801087
3.796466
3.7917547
3.7862747
3.7817183
3.7767797
3.771828
3.7667449
3.7615569
3.7566867
3.7520547
3.7470157
3.7423651
3.7386067
3.7328773
3.7277935
3.7232509
3.7179368
3.7136276
3.7087817
3.7031045
3.7045012
3.69373
3.6880677
3.6832767
3.6791885
3.6733212
3.6692188
3.663382
3.6583014
3.6546404
3.6476274
3.6431324
3.638036
3.632855
3.6281679
3.6241705
3.617254
3.612044
3.60725
3.6034648
3.5973058
3.591407
3.5863822
3.5814636
3.576637
3.5707552
3.5660398
3.5607927
3.5559995
3.5502462
3.5448947
3.5417478
3.5358207
3.5292327
3.5237257
3.5185318
3.5130794
3.5091887
3.5031302
3.497804
3.4926155
3.4875596
3.4819074
3.4760852
3.470752
3.465813
3.4599392
3.4542418
3.450158
3.4671228
3.4386144
3.4323099
3.4261816
3.4205759
3.4152439
3.4092178
3.4032736
3.397876
3.393296
3.3886006
3.3804295
3.3756726
3.3693392
3.3630974
3.3583639
3.352327
3.3463423
3.339691
3.3339975
3.3275464
3.321163
3.3154485
3.3101332
3.3035457
3.298311
3.291437
3.2856116
3.2792785
3.2747922
3.2672255
3.260484
3.2548654
3.2478435
3.2425954
3.2366235
3.229731
3.2237723
3.2184427
3.2106593
3.2042682
3.202024
3.1913178
3.184323
3.1785033
3.1717594
3.1666117
3.161094
3.1526475
3.1460326
3.139309
3.1326041
3.1260016
3.1197696
3.1128542
3.1063297
3.0997708
3.0928018
3.0858266
3.078647
3.0722942
3.0689518
3.0596168
3.0514781
3.0445445
3.0392492
3.0306122
3.0232575
3.0162954
3.0087514
3.0012581
2.9945686
2.9903004
2.979445
2.972103
2.9640706
2.9574115
2.9496849
2.941993
2.9349034
2.927952
2.9206574
2.9139788
2.9049838
2.8984618
2.8896616
2.8825026
2.8739996
2.8662477
2.8587239
2.850448
2.8428233
2.8347661
2.827449
2.8193886
2.8123252
2.8041818
2.7957323
2.7872918
2.7794638
2.7710207
2.7635517
2.7560961
2.748101
2.7406628
2.7322862
2.7247138
2.7162654
2.7090857
2.7008255
2.6934912
2.685096
2.6767142
2.6691844
2.6608536
2.6587045
2.6462698
2.6382194
2.629834
2.622451
2.6243954
2.6066813
2.5994022
2.590473
2.5825193
2.5752082
2.5658822
2.5582001
2.5510514
2.5431418
2.5347483
2.5267718
2.5194914
2.5112517
2.504145
2.499632
2.4888191
2.4811447
2.473869
2.467056
2.4594085
2.4514022
2.4447505
2.4413521
2.4296155
2.422098
2.4151192
2.4082286
2.400709
2.392522
2.3861246
2.378093
2.3707473
2.364475
2.3561735
2.3495767
2.3425338
2.335636
2.3280027
2.3229647
2.3146467
2.3076046
2.300009
2.293363
2.2867155
2.2815728
2.2732925
2.2664053
2.2602217
2.2547479
2.2468617
2.2404053
2.2334828
2.2263482
2.219942
2.2140982
2.2073674
2.2003634
2.1940258
2.1877158
2.18093
2.1762125
2.1681027
2.1623192
2.1565905
2.1504881
2.1441572
2.1380231
2.13223
2.1263678
2.1202023
2.114122
2.1077878
2.1016188
2.0963318
2.0904782
2.0839608
2.0786352
2.0726242
2.0670993
2.0612266
2.056467
2.0502267
2.0457723
2.039583
2.035751
2.0290196
2.0240521
2.0185912
2.0129561
2.007671
2.0033708
1.9975629
1.9933523
1.987165
1.9844385
1.9773148
1.9722077
1.9671198
1.9630893
1.9572952
1.9523747
1.9478841
1.9427282
1.9379245
1.9327296
1.9277569
1.9236139
1.918466
1.9142444
1.9096602
1.9046582
1.8999826
1.8955649
1.8907819
1.886782
1.8822047
1.8776976
1.8740549
1.8696307
1.8663008
1.861326
1.8566986
1.853069
1.8490527
1.8440114
1.8394455
1.8353685
1.831199
1.8276677
1.8229334
1.819311
1.8149458
1.8110543
1.8070258
1.8031136
1.798755
1.7945474
1.7909197
1.7869395
1.7828885
1.7793155
1.7748404
1.7710174
1.7675072
1.764681
1.7628883
1.7560701
1.7523092
1.7486064
1.7449957
1.7413104
1.7377936
1.7343798
1.7309575
1.7272352
1.7237109
1.7207533
1.7174851
1.7137913
1.710058
1.7074211
1.703607
1.7000254
1.6967856
1.6937778
1.6902148
1.6875432
1.6839961
1.6804723
1.6772083
1.6739182
1.6707232
1.6676738
1.6644101
1.6613083
1.6582652
1.6555411
1.6519371
1.6508371
1.6459948
1.6426297
1.6396068
1.6366049
1.6340562
1.6304566
1.6275753
1.6248724
1.6216125
1.6223855
1.616084
1.6128951
1.610321
1.6071641
1.6044225
1.6015877
1.5991532
1.5955182
1.5928112
1.5901024
1.5872998
1.5846652
1.5824989
1.5791608
1.5763556
1.5736712
1.5709213
1.5684484
1.5656382
1.5627073
1.5602399
1.5574645
1.5550389
1.5527792
1.5497977
1.5471455
1.544545
1.5421333
1.5393482
1.5369649
1.535076
1.5326947
1.5292825
1.5269884
1.5244124
1.5217443
1.5190898
1.5166721
1.5142306
1.5148134
1.5092773
1.5069046
1.5045885
1.5027195
1.5000385
1.4977058
1.4950875
1.492814
1.4906224
1.4879305
1.4854705
1.4837693
1.4812258
1.4799787
1.476429
1.4754008
1.4719924
1.4694968
1.4670621
1.4658991
1.4627243
1.460625
1.4583184
1.4559878
1.4540418
1.4518036
1.4499072
1.4475428
1.4455383
1.4429923
1.4412091
1.4386126
1.4373542
1.4344205
1.4323028
1.430076
1.4280037
1.4260243
1.423784
1.4217658
1.4195265
1.4175131
1.4158432
1.4133923
1.4112597
1.4093262
1.4071302
1.4052435
1.4033954
1.4017237
1.3996835
1.3975804
1.3960824
1.3940245
1.3914607
1.3895906
1.3875948
1.3855253
1.384162
1.3816578
1.3821636
1.3777329
1.3760757
1.3749532
1.3722103
1.3705753
1.3683112
1.3663089
1.3648144
1.3629057
1.3669896
1.3593502
1.3574452
1.3554204
1.3536278
1.3516514
1.349793
1.3480208
1.3466592
1.3444502
1.342562
1.3408948
1.3392775
1.3375334
1.3369932
1.3346822
1.332639
1.3303514
1.3283153
1.3266559
1.3249583
1.3236319
1.3215218
1.3197911
1.3185947
1.3165381
1.3145152
1.3142859
1.3110802
1.3095741
1.3084763
1.3062625
1.3044943
1.3027858
1.3010308
1.2993717
1.297844
1.2961156
1.2944312
1.2927921
1.2912232
1.289974
1.2878668
1.2862132
1.2851971
1.2832265
1.2815154
1.2800599
1.2787619
1.2770615
1.2751918
1.2737389
1.2719679
1.2708325
1.2688277
1.2674558
1.267144
1.264283
1.2627497
1.2611533
1.2595515
1.2581645
1.2565427
1.2549975
1.2535357
1.252106
1.2504467
1.2489874
1.2479341
1.2467791
1.244952
1.2429895
1.2416713
1.2399408
1.238647
1.2374375
1.2355884
1.2342086
1.2327533
1.2312365
1.230382
1.2282332
1.2271366
1.2252913
1.2238805
1.2225593
1.2210805
1.2196796
1.2184877
1.2168472
1.215389
1.214295
1.212829
1.2112162
1.2097797
1.2086242
1.2079067
1.2059304
1.2050573
1.203389
1.2017994
1.2002252
1.1988299
1.1976008
1.1961565
1.1949537
1.1935474
1.1921747
1.1908083
1.1894984
1.1885135
1.1868515
1.1854546
1.1843517
1.1831403
1.1815251
1.1800855
1.1787944
1.1776569
1.1770062
1.1751218
1.1739752
1.1741488
1.1710272
1.169981
1.175106
1.1675706
1.1659889
1.164704
1.1633525
1.1623094
1.1607502
1.1594884
1.1592155
1.1570443
1.1562984
1.1546652
1.1534107
1.1518716
1.1513629
1.1510204
1.148247
1.1469833
1.145905
1.1445594
1.1431952
1.1420617
1.1408367
1.139724
1.1382918
1.1371424
1.1371996
1.1346661
1.1337743
1.1329608
1.1311373
1.130773
1.1289041
1.1279769
1.1273825
1.1255912
1.1240917
1.1228852
1.1217003
1.1208904
1.1205323
1.1182075
1.1173973
1.1162121
1.1147689
1.1136434
1.112462
1.111301
1.1102422
1.1089922
1.1081493
1.1068088
1.1055596
1.1047636
1.1036316
1.1024325
1.1012903
1.1003762
1.0991123
1.0977436
1.0967629
1.095684
1.0951526
1.0935026
1.0932679
1.0911429
1.0900202
1.0889416
1.0881448
1.0870693
1.0857254
1.0849888
1.0835514
1.082773
1.0813711
1.0802622
1.0792131
1.0785604
1.0770533
1.0759962
1.0749506
1.0740666
1.0729792
1.0724233
1.0707805
1.0697483
1.068789
1.0679221
1.0665181
1.0657146
1.0645577
1.0634537
1.0625856
1.0626426
1.0603428
1.0593051
1.0584642
