10052.638
10044.3955
10042.417
10040.593
10057.531
10086.881
10043.685
10044.206
10041.9
10033.63
10010.827
10047.086
10052.801
10041.613
10116.194
9964.523
10016.299
10023.637
9970.545
10095.759
10018.147
9948.567
10209.774
10062.238
10025.208
10058.243
10036.133
10031.803
10022.04
9981.379
10041.592
10030.704
10060.058
10078.522
10059.119
10054.26
10046.476
10039.995
10051.095
10057.793
10061.062
10047.698
10051.206
10046.3125
10061.974
10070.4795
10027.831
9982.405
10042.66
10029.017
10050.261
10026.6455
10051.765
10016.4
10030.272
10016.452
10054.049
10034.912
10533.979
10067.179
10063.811
10064.834
10064.4375
10062.879
10044.228
10037.683
10029.799
10020.106
10024.713
10020.804
10184.862
10049.97
10019.355
9996.352
10018.698
10000.718
10164.541
9965.753
10015.539
10119.8955
10026.604
10032.14
10059.336
10075.358
10068.211
10086.723
10063.755
10083.209
10065.844
10055.445
10066.571
10056.602
10055.483
10071.683
10071.851
10064.536
10069.824
10043.048
10060.092
10037.467
10074.401
10061.642
10066.536
10059.5625
10052.443
10061.239
10073.366
10178.944
10030.201
10062.03
10065.399
10048.3955
10051.332
10053.026
10065.351
10080.001
10106.644
10065.443
10068.281
10064.789
10090.56
10080.665
10075.913
10071.548
10066.741
10073.625
10066.484
10075.227
10077.041
10064.562
10077.952
10066.307
10067.924
10064.36
10080.9375
10066.904
10070.602
10107.212
10062.072
10063.283
10079.538
10060.727
10058.781
10165.059
10035.574
10057.614
10032.326
10069.974
10088.974
10057.237
10052.564
10187.107
10063.35
10064.847
10074.848
10067.889
10066.382
10123.147
10072.068
10065.698
10070.913
10106.665
10065.832
10066.982
10065.017
10039.517
10068.445
10030.839
10081.656
10091.999
10065.901
10069.09
10064.769
10065.106
10066.118
10064.641
10099.213
10065.404
10064.296
10066.263
10067.31
10065.913
10066.308
10065.893
10073.388
10068.967
10071.172
10072.653
10075.769
10066.712
10064.449
10081.913
10073.15
10086.119
10066.935
10065.322
10073.566
10068.391
10065.454
10064.921
10066.983
10069.307
10069.662
10056.282
10055.149
10051.901
10054.622
10048.498
10066.948
10064.678
10084.386
10066.853
10064.793
10080.868
10065.108
10076.712
10068.464
10066.013
10069.214
10074.755
10068.085
10072.958
10063.953
10063.412
10037.281
10065.85
10050.978
10005.676
10003.551
10116.42
10097.453
10064.699
10094.763
10023.73
10049.492
10101.689
10068.524
10060.621
10047.895
10058.225
10066.338
10081.441
10080.557
10066.903
10051.089
10094.658
10066.07
10063.566
10046.442
10018.608
10045.128
10135.306
10066.351
10063.825
10070.735
10076.341
10065.179
10065.621
10065.71
10067.148
10102.141
10066.953
10035.858
10069.143
10067.762
10071.73
10066.958
10068.827
10142.268
10067.143
10070.343
10085.613
10064.279
10064.68
10077.165
10064.492
10069.943
10065.248
10064.683
10065.451
10210.462
10127.968
10079.291
10059.925
10069.57
10050.888
10048.451
10127.226
10044.79
10061.263
10084.555
10078.469
10073.043
10065.132
10067.408
10064.788
10065.6045
10122.269
10088.222
10064.768
10066.013
10076.02
10064.025
10066.681
10068.723
10061.58
10072.69
10058.677
10062.583
10066.274
10064.028
10064.422
10572.85
10063.898
10065.461
10067.611
10089.682
10063.714
10079.126
10057.955
10149.541
10054.192
10064.905
10066.871
10056.714
10112.066
10059.183
10042.335
10091.023
10069.723
10076.138
10065.503
10075.987
10064.841
10081.85
10137.258
10076.536
10065.836
10073.09
10081.341
10222.909
10074.308
10492.118
10070.583
10077.056
10074.093
10066.768
10068.295
10074.214
10068.956
10070.281
10067.285
10065.73
10064.715
10072.941
10064.229
10079.759
10067.768
10068.7705
10069.635
10089.481
10066.608
10106.856
10069.153
10078.798
10069.422
10023.261
10012.864
10265.198
10066.422
10109.185
10169.312
10231.724
10118.866
10065.482
10083.075
10072.721
10063.391
10036.602
10060.289
10064.775
10098.835
10073.0625
10054.828
10072.698
10058.013
10146.319
10037.874
10067.301
10063.798
10106.791
10038.473
10015.71
10037.251
10030.994
10000.54
10036.169
10072.088
10077.91
10064.29
10066.994
10065.038
10064.179
10113.513
10066.031
10064.248
10065.672
10068.186
10075.658
10075.548
10067.829
10068.551
10064.742
10067.931
10079.648
10067.281
10085.642
10067.107
10066.132
10079.54
10068.005
10068.27
10080.351
10081.288
10081.745
10064.547
10064.79
10074.461
10064.764
10067.823
10089.867
10065.781
10067.665
10066.229
10082.682
10065.886
10071.209
10066.269
10065.989
10096.332
10119.523
10069.374
10068.086
10065.49
10151.345
10068.297
10086.277
10065.798
10064.72
10065.347
10080.426
10072.153
10071.087
10009.869
10008.118
10065.164
10061.909
10003.851
10185.0
10067.4375
10070.052
10064.625
10064.711
10079.609
10064.945
10131.959
10083.326
10064.688
10073.129
10075.554
10067.235
10072.374
10245.937
10067.257
10066.513
10067.466
10065.162
10033.91
10013.485
10063.75
10065.348
10084.151
10025.629
10066.35
10065.623
10067.055
10064.808
10070.087
10066.6
10064.644
10086.112
10065.234
10078.86
10065.651
10069.467
10067.915
10064.739
10067.632
10072.943
10072.717
10066.67
10073.139
10071.032
10072.925
10066.182
10071.623
10069.531
10080.139
10065.709
10152.835
10113.045
10074.2295
10071.487
10491.438
10064.517
10084.94
10066.842
10068.098
10071.965
10064.241
10065.44
10064.443
10074.937
10066.35
10064.112
10065.344
10066.077
10065.038
10069.491
10082.743
10067.578
10069.349
10070.174
10070.491
10119.626
10066.691
10072.257
10067.38
10063.981
10064.523
10067.641
10071.653
10067.635
10065.177
10064.594
10091.858
10120.425
10068.622
10069.668
10069.296
10041.567
10104.244
10065.373
10074.085
10064.16
10065.715
10063.863
10063.919
10083.377
10064.168
10076.163
10101.017
10066.72
10049.292
10052.241
10170.0625
10066.312
10096.527
10065.324
10049.179
10038.612
10075.85
10069.967
10053.916
10126.21
10066.558
10070.902
10068.506
10065.342
10064.49
10068.52
10081.621
10068.63
10065.288
10075.431
10142.085
10030.532
10072.01
10037.714
10054.963
10065.941
10106.6875
10068.313
10071.351
10071.442
10073.276
10073.056
10067.89
10064.224
10065.461
10065.368
10068.205
10070.046
10070.318
10084.53
10129.171
10067.452
10104.117
10074.526
10068.863
10071.396
10066.013
10067.3955
10077.306
10168.675
10070.854
10078.0625
10235.042
10067.932
10082.705
10054.575
10066.184
10070.164
10070.724
10064.474
10065.916
10054.664
10072.357
10073.206
10119.199
10064.471
10066.17
10066.365
10076.538
10064.732
10075.108
10069.157
10064.107
10070.806
10064.21
10067.164
10071.88
10069.781
10065.869
10067.628
10064.785
10078.33
10078.202
10082.883
10065.161
10142.447
10085.983
10071.674
10093.786
10369.191
10065.127
10058.819
10066.412
10070.976
10070.456
10064.838
10096.222
10199.547
10071.382
10070.563
10071.187
10074.715
10093.117
10069.445
10064.891
10092.519
10064.211
10090.505
10065.94
10067.652
10064.058
10064.993
10064.67
10065.387
10079.534
10066.292
10075.092
10099.931
10114.276
10072.652
10064.608
10066.956
10066.158
10066.769
10064.808
10063.977
10101.29
10065.179
10064.379
10065.914
10073.196
10093.316
10068.974
10082.794
10060.693
10061.426
10063.914
10056.857
10056.494
10051.501
10063.8
10089.342
10054.063
10047.5
10071.972
10067.221
10067.145
10152.666
10049.875
10049.801
10049.434
10045.023
10063.256
10105.507
10072.472
10068.836
10065.543
10071.756
10078.003
10064.558
10071.217
10159.017
10061.8
10061.904
10065.533
10100.795
10067.84
10065.895
10062.146
10069.637
10086.343
10070.289
10066.635
10071.363
10065.175
10066.906
10110.806
10065.58
10066.053
10072.475
10165.758
10057.224
10056.238
10057.754
10064.332
10084.899
10073.128
10065.223
10055.574
10061.173
10082.462
10072.317
10064.65
10139.576
10075.392
10075.29
10070.696
10064.747
10068.019
10065.112
10067.544
10068.732
10071.227
10076.634
10072.923
10067.457
10152.966
10085.2295
10070.965
10086.901
10065.056
10066.053
10064.734
10074.2295
10072.931
10064.0205
10064.197
10064.509
10075.788
10064.556
10074.371
10063.9375
10094.05
10064.479
10066.273
10069.486
10064.711
10096.987
10070.065
10122.311
10071.194
10147.909
10031.089
10048.984
10059.559
10068.64
10226.473
10072.628
10177.531
10080.495
10065.08
10068.088
10068.515
10127.392
10045.156
10017.608
10074.939
10069.969
10065.987
10065.152
10067.1875
10051.155
10157.278
10067.192
10064.309
10074.078
10065.078
10110.134
10524.02
10067.223
10067.248
10146.993
10064.26
10323.284
10066.796
10066.988
10062.995
10070.639
10078.061
10068.347
10068.72
10067.062
10065.539
10067.5205
10064.601
10064.01
10093.612
10064.381
10071.461
9977.679
10067.78
10056.643
10050.959
10048.2705
10065.583
10069.202
10070.345
10037.689
10097.623
10067.394
9975.687
10080.624
9936.019
10068.587
10228.689
10064.33
10066.2295
10065.591
10069.99
10065.219
10064.212
10064.536
10071.853
10065.373
10075.9795
10065.754
10081.75
10069.176
10073.076
10070.478
10200.026
10064.232
10079.428
10077.759
10067.306
10111.125
10065.881
10066.175
10073.451
10079.67
10066.041
10068.701
10099.758
10078.133
10064.863
10070.269
10064.454
10071.81
10064.798
10130.865
10067.429
10066.389
10602.838
9934.853
10131.452
10076.026
10063.544
10065.852
10182.187
10046.394
10064.128
10065.306
9980.167
9989.419
10166.161
10064.552
10066.757
10083.003
10074.686
10071.247
9980.689
9978.25
10069.031
10067.571
10277.814
10068.393
10411.698
10064.237
10067.406
10065.818
10100.81
10058.639
10139.503
10032.435
10065.478
10066.018
10044.722
10011.929
10008.224
10015.201
10061.639
10004.185
10065.437
10078.564
10066.282
10091.391
10065.539
10067.575
10073.06
10069.668
10066.458
10065.427
10065.485
10065.429
10077.986
10065.845
10065.547
10066.812
10067.479
10071.935
10074.837
10064.594
10082.492
10065.148
10119.894
10065.277
10065.365
10064.151
10066.42
10066.841
10071.729
9909.336
9917.856
10065.777
10065.617
10148.683
10082.156
10071.167
10064.663
10067.192
10079.103
10265.931
10226.8545
10065.299
10069.64
10065.401
10360.954
10074.941
10065.541
10069.901
10068.987
10067.731
10067.905
10068.076
10081.69
10065.812
10067.214
10064.846
10072.897
10065.751
10075.04
10075.338
10073.483
10068.508
10198.38
10191.546
10066.772
10069.143
10091.362
10082.143
10079.5625
10070.224
10067.14
10075.541
10065.604
10064.809
10088.808
10072.973
10064.824
10067.04
10070.209
10064.361
10070.8955
10065.388
10087.533
10065.39
10068.414
10069.8
10071.993
10063.949
10068.544
10133.631
10068.383
10074.505
10071.404
10066.798
10064.825
10064.87
10065.746
10038.4
10097.815
10073.086
10064.474
10064.257
10099.8545
10066.192
10081.979
10065.736
10067.898
10065.173
10064.116
10066.377
10064.907
10059.927
10055.038
10035.086
10109.335
10058.304
10067.264
10067.784
10065.216
10065.357
10074.278
10443.444
10075.806
10080.214
10065.786
10067.218
10079.755
10066.491
10087.936
10068.736
10068.246
10079.226
10066.055
10065.017
10065.335
10069.217
10067.7705
10066.031
10066.15
10125.177
10064.863
10064.392
10065.045
10084.306
10061.681
10060.607
10066.995
10068.942
10075.991
10072.102
10076.221
10071.252
10065.05
10066.244
10067.508
10073.612
10074.16
10064.124
10168.278
10084.277
10066.307
10187.779
10067.796
10066.04
10065.394
10078.797
10065.674
10077.137
10661.249
10074.195
10089.008
10071.657
10068.284
10072.104
10099.875
10065.708
10069.739
10075.683
10114.934
10066.073
10072.427
10063.649
10057.111
10056.317
10081.8545
10063.987
10106.8545
10052.735
10063.3
10047.907
10076.151
10048.497
10067.128
10277.5
10064.788
10070.9795
10054.279
10046.525
10073.537
10076.599
10094.675
10065.245
10040.928
10036.603
10068.176
10085.101
10081.384
10065.012
10096.443
10064.246
10074.388
10066.913
10070.379
10390.829
10083.037
10083.982
10063.921
10078.056
10066.275
10079.015
10065.515
10067.983
10064.482
10095.09
10065.008
10068.987
10065.458
10071.215
10068.95
10065.595
10064.557
10067.225
10114.208
10071.805
10048.476
10063.815
10066.015
10073.704
10003.337
10064.882
10034.029
10045.971
10036.465
10065.003
10068.818
10065.172
10110.028
10083.024
10086.348
10064.283
10066.289
10707.839
10387.923
10066.854
10066.1455
10072.443
10073.027
10064.171
10080.945
10122.601
10071.548
10066.366
10016.512
10064.747
10292.338
10014.228
10111.076
10109.814
10050.582
10069.762
10067.314
10084.5625
10065.753
10096.093
10094.058
10067.346
10065.0625
10076.852
10081.387
10065.266
10079.78
10067.535
10084.457
10065.983
10064.721
10065.102
10065.047
10067.063
10102.648
10086.097
10067.137
10014.879
10046.649
10070.103
10060.656
10072.067
10066.473
10092.344
10003.714
10258.819
10086.569
10068.786
10065.298
10066.508
10068.701
10072.641
10067.311
10076.407
10074.465
10064.717
10068.05
10158.228
10066.787
10082.511
10067.1455
10141.897
10066.032
10138.464
10064.18
10070.163
10076.549
10073.977
10172.621
10065.02
10076.054
10066.602
10120.693
10079.451
10064.354
10083.944
10232.792
10068.542
10064.471
10092.947
10070.363
10066.877
10081.072
10063.976
10064.336
10068.543
10065.249
10063.095
10064.382
10064.92
10062.333
10067.298
10065.354
10068.49
10077.218
10092.642
10059.415
10066.677
10099.889
10066.1455
10065.375
10075.6045
10067.502
10064.028
10067.278
10065.978
10065.523
10066.644
10066.365
10072.3545
10066.952
10067.855
10075.675
10085.694
10066.993
10063.939
10065.391
10066.695
10086.97
10066.975
10175.655
10067.089
10075.265
10067.658
10088.714
10123.345
10075.229
10105.665
10074.911
10064.264
10075.827
10079.806
10065.132
10073.394
10074.179
10073.003
10065.851
10071.519
10131.869
10074.286
10084.167
10069.16
10067.833
10098.181
10065.001
10066.62
10115.051
10096.209
10065.367
10084.099
10071.465
10067.615
10064.249
10058.204
10137.727
10094.335
10081.837
10066.514
10066.025
10063.8545
10072.616
10066.945
10050.072
10056.249
10065.459
10065.435
10083.224
10118.754
10072.474
10064.567
10087.194
10088.522
10058.1
10075.966
10053.881
10053.028
10049.113
10046.595
10069.942
10073.113
10077.338
10065.2295
10084.032
10119.89
10037.367
10036.438
10044.739
10120.667
10072.767
10065.444
10074.229
10065.866
10080.062
10065.942
10070.053
10088.408
10066.965
10064.364
10067.939
10065.149
10066.383
10064.335
10067.891
10065.247
10064.337
10099.544
10065.568
10077.69
10007.6045
10065.069
10078.484
10065.393
10069.546
10067.11
10085.225
10086.753
10070.519
10107.075
10074.021
10214.254
10050.385
10074.614
10083.396
10075.078
10136.212
10041.175
10083.093
10064.108
10204.123
10039.884
10083.074
10051.385
10055.845
10068.208
10074.947
10094.714
10064.583
10067.6
10072.273
10068.21
10079.325
10065.178
10064.422
10073.104
10073.6
10068.953
10077.353
10069.013
10072.108
10090.301
10064.468
10065.672
10132.777
10064.537
10159.053
10123.089
10065.258
10064.539
10075.388
10065.177
10072.229
10064.844
10071.391
10063.9375
10067.55
10065.757
10068.348
10069.67
10065.195
10065.082
10068.316
10065.404
10123.1045
10065.626
10068.67
10064.456
10073.702
10064.193
10071.294
10087.269
10066.141
10095.084
10102.707
10065.304
10064.819
10067.619
10069.122
10067.266
10064.474
10065.539
10140.234
10068.436
10114.799
10065.326
10110.7
10063.86
10068.618
10047.274
10068.847
10065.975
10072.896
10088.139
10065.673
10071.861
10110.727
10038.695
10029.531
10039.709
10066.869
10074.488
10077.025
10093.928
10070.954
10072.704
10063.9795
10064.484
10578.849
10073.028
10064.206
10006.058
10118.044
10072.35
10067.173
10071.865
10065.986
10090.278
10067.2295
10066.283
10072.866
10067.531
10066.44
10066.051
10067.004
10066.283
10078.598
10065.077
10074.056
10072.717
10068.852
10098.395
10065.87
10064.324
10067.661
10070.906
10065.866
10065.236
10064.469
10076.39
10068.293
10095.1
10067.793
10072.319
10064.243
10070.07
10064.881
10066.089
10070.471
10069.981
10068.028
10071.194
10065.912
10069.07
10064.915
10064.299
10067.155
10088.47
10064.223
10064.339
10075.512
10069.486
10064.537
10073.241
10067.253
10067.681
10069.886
10064.231
10065.714
10066.937
10067.376
10065.639
10073.143
10067.828
10066.814
10096.163
10072.079
10067.242
10064.182
10105.27
10065.186
10074.722
10066.469
10013.435
10069.968
10138.327
10095.488
10064.447
10073.506
10245.092
10087.288
10073.248
10064.046
10098.158
10066.319
10064.602
10067.004
10242.585
10087.687
10069.85
10064.245
10067.781
10064.597
10071.035
10065.939
10063.817
10007.143
10117.496
10064.126
10083.1045
10213.109
9992.255
10065.96
10067.777
10064.704
10077.465
10077.228
10088.073
10080.904
10085.481
10075.084
10112.639
10083.219
10098.926
10065.367
10089.583
10066.241
10087.521
10069.607
10065.235
10075.781
10068.681
10068.207
10069.564
10065.022
10064.861
10067.494
10077.204
10076.756
10064.837
10065.048
10069.663
10065.471
10064.858
10095.764
10072.58
10072.946
10068.051
10110.41
10069.94
10064.347
10072.004
10075.753
10066.652
10066.192
10072.824
10072.343
10067.343
10141.06
10110.342
10146.117
10067.576
10066.7
10064.193
10066.154
10064.932
10075.23
10064.304
10082.931
10064.807
10091.79
10063.058
10043.189
10048.106
10043.234
10123.401
10072.329
10069.189
10102.744
10071.72
10065.1045
10089.877
10064.205
10066.339
10066.309
10065.535
10065.831
10065.1
10068.637
10066.957
10063.981
10065.5625
10066.651
10118.415
10143.641
10066.786
10068.647
10039.536
10003.98
10191.306
10070.383
10064.2295
10076.366
10421.862
10069.767
10069.476
10065.756
10072.2705
10064.131
10067.425
10073.487
10066.16
10066.671
10104.116
10064.314
10071.037
10067.741
10073.136
10066.519
10068.368
10066.666
10076.277
10071.192
10067.418
10073.534
10063.974
10065.649
10086.53
10064.904
10064.774
10080.849
10066.541
10065.581
10180.583
10086.993
10071.702
10093.624
10064.15
10075.461
10075.255
10115.251
10066.964
10068.643
10077.029
10064.862
10079.614
10064.778
10078.312
10065.027
10064.471
10095.977
10071.124
10066.034
10071.024
10064.404
10128.169
10065.51
10072.526
10065.664
10065.235
10080.864
10242.5
10065.27
10070.985
10086.196
10064.069
10064.01
10066.696
10065.988
10074.674
10098.822
10066.414
10067.778
10074.232
10084.063
10073.098
10133.532
10076.694
10082.678
10065.889
10071.214
10065.9795
10068.795
10064.085
10064.952
10066.24
10154.486
10084.669
10066.376
10064.371
10064.875
10071.833
10065.619
10131.053
10064.106
10071.503
10088.797
10071.818
10065.271
10068.703
10064.5625
10064.0625
10065.676
10064.503
10065.356
10070.126
10067.946
10068.847
10142.536
10067.371
10064.784
10072.65
10065.42
10064.696
10072.042
10069.874
10114.344
10075.695
10112.819
10064.025
10100.022
10064.532
10121.127
10119.886
10068.141
10167.137
10064.235
10083.089
10065.6045
10083.653
10065.546
10092.264
10065.283
10070.852
10064.994
10070.961
10065.493
10066.1
10068.999
10065.123
10138.9795
10077.01
10071.084
10077.586
10067.626
10081.935
10068.195
10066.418
10072.007
10067.438
10096.863
10066.42
10069.827
10079.776
10065.173
10068.234
10064.273
10064.011
10066.394
10065.259
10068.613
10064.531
10066.307
10061.261
10064.447
10070.381
10268.174
10049.675
10045.402
10046.582
9975.687
10066.335
10068.686
10067.103
10064.852
10073.906
10065.264
10064.257
10073.702
10070.367
10092.107
10088.226
10064.801
10072.776
10099.234
10073.025
10065.121
10081.594
10064.711
10106.646
10174.58
10066.945
10068.032
10066.499
10064.467
10093.427
10069.041
10064.807
10065.61
10067.544
10066.885
10068.802
10065.394
10073.195
10066.194
10549.739
10064.694
10082.905
10065.728
10092.516
10066.427
10065.095
10064.043
10066.669
10069.143
10065.873
10067.872
10086.402
10066.822
10073.338
10064.503
10085.343
10065.346
10065.068
10071.435
10072.02
10067.044
10064.188
10072.82
10068.743
10065.415
10664.172
10064.455
10067.596
10066.678
10066.96
10065.765
10087.44
10159.875
10067.462
10066.079
10065.319
10064.23
10075.955
10074.931
10077.724
10088.658
10071.069
10067.365
10121.35
10068.378
10073.947
10066.349
10065.695
10079.58
10129.317
10073.768
10068.907
10066.712
10070.098
10066.881
10066.926
10078.236
10070.108
10065.399
10066.761
10067.808
10065.184
10068.29
10065.189
10065.207
10065.626
10066.659
10115.333
10145.104
10065.256
10068.214
10064.872
10066.911
10071.068
10069.522
10071.083
10066.203
10042.257
10170.079
10066.092
10088.687
10222.07
10066.385
10081.093
10115.747
10065.864
10066.111
10089.091
10064.997
10071.79
10068.677
10071.49
10064.23
10085.343
10065.042
10071.905
10069.159
10065.776
10085.682
10069.393
10124.598
10072.028
10067.756
10067.268
10067.042
10072.774
10104.899
10606.547
10087.554
10067.824
10055.592
10153.33
10097.207
10069.151
10065.0205
10070.562
10065.429
10118.613
10072.167
10068.346
10065.3955
10073.969
10063.917
10096.992
10113.8125
10068.426
10071.151
10069.208
10066.137
10067.537
10087.749
10064.69
10065.338
10594.935
10065.393
10065.601
10066.44
10073.915
10063.893
10064.423
10068.088
10040.646
10086.084
10067.123
10064.34
10069.034
10098.561
10066.471
10073.873
10064.864
10141.552
10074.746
10066.055
10071.804
10110.4375
10072.803
10066.786
10123.506
10116.501
10070.89
10064.48
10072.74
10067.094
10066.981
10068.786
10067.763
10076.941
10130.739
10064.477
10095.492
10068.934
10111.851
10070.233
10103.562
10039.065
10068.3545
10064.544
10092.19
10064.656
10070.33
10066.523
10198.385
10065.433
10068.04
10064.24
10068.259
10065.371
10066.762
10074.049
10064.062
10078.476
10067.579
10065.3545
10068.056
10073.441
10064.605
10070.1045
10076.884
10092.245
10065.776
10065.883
10066.716
10027.593
10033.192
10098.144
10069.055
10064.509
10064.952
10070.96
10079.617
10068.154
10068.74
10067.118
10120.339
10069.889
10065.807
10083.784
10096.277
10066.228
10064.879
10068.761
10065.963
10077.276
10064.04
10213.36
10064.723
10065.067
10068.306
10085.739
10067.024
10086.618
10142.549
10076.387
10067.293
10067.667
10072.554
10064.275
10070.894
10064.686
10065.081
10068.443
10068.144
10065.931
10066.296
10172.893
10083.857
10083.44
10064.298
10066.146
10086.182
10070.044
10069.918
10071.652
10064.996
10068.19
10075.198
10085.268
10066.254
10066.665
10071.779
10081.813
10130.665
10165.93
10066.93
10069.399
10065.932
10064.254
10066.6455
10072.392
10066.2705
10065.812
10143.834
10064.649
10065.877
10065.689
10079.086
10065.607
10070.503
10072.829
10265.092
10065.701
10066.862
10066.316
10099.442
10070.505
10064.745
10082.248
10073.554
10063.968
10067.829
10065.603
10096.894
10080.416
10072.827
10129.455
10073.026
10065.445
10085.414
10069.937
10066.72
10076.914
10067.404
10084.939
10074.024
10066.081
10073.364
10073.755
10080.976
10066.418
10069.07
10632.1
10099.629
10098.088
10065.786
10066.919
10118.884
10071.38
10065.629
10134.965
10067.219
10081.688
10065.261
10068.553
10069.102
10072.955
10090.322
10065.645
10065.062
10098.341
10064.299
10067.006
10065.874
10070.589
10067.484
10072.215
10082.099
10064.798
10085.314
10069.745
10067.987
10064.396
10068.259
10067.728
10075.473
10076.993
10067.088
10208.939
10064.867
10066.608
10189.148
10065.023
10075.569
10075.798
10071.682
10191.607
10069.261
10066.571
10065.023
10066.824
10066.359
10076.706
10067.991
10063.933
10065.487
10190.738
10067.557
10064.008
10175.464
10068.578
10073.966
10066.848
10070.871
10064.429
10121.467
10074.994
10064.161
10086.801
10064.859
10069.448
10069.173
10115.107
10065.026
10066.181
10071.484
10082.556
10067.892
10065.66
10269.321
10066.814
10065.805
10065.416
10085.276
10085.807
10068.526
10074.1045
10064.911
10069.499
10068.03
10065.419
10067.508
10113.009
10075.854
10066.72
10069.299
10081.437
10070.628
10068.92
10064.121
10064.365
10064.998
10065.259
10095.34
10071.609
10064.683
10070.837
10075.568
10064.751
10073.216
10071.36
10073.231
10064.847
10070.305
10067.141
10065.794
10065.15
10071.456
10066.23
10067.983
10064.657
10093.554
10065.595
10065.733
10070.798
10066.571
10072.437
10065.155
10065.029
10068.153
10066.257
10064.133
10064.347
10069.082
10144.3125
10066.152
10067.71
10095.156
10070.001
10066.747
10077.466
10066.133
10256.7
10074.417
10067.715
10064.245
10065.651
10064.554
10079.987
10064.647
10066.639
10064.101
10065.065
10067.384
10064.659
10071.573
10064.2705
10065.849
10073.334
10072.736
10076.277
10065.066
10067.594
10072.006
10073.885
10081.8
10064.112
10147.336
10070.673
10066.553
10067.8125
10068.623
10065.756
10373.847
10084.306
10085.432
10070.06
10064.725
10067.438
10069.626
10140.847
10069.287
10065.09
10085.261
10067.003
10071.31
10069.165
10074.045
10087.27
10077.288
10065.134
10078.202
10065.799
10069.983
10067.611
10067.295
10072.4
10073.537
10070.718
10164.753
10074.125
10110.161
10068.145
10077.874
10069.474
10064.205
10070.009
10073.609
10077.146
10066.066
10065.574
10066.377
10065.593
10066.333
10110.085
10064.113
10083.496
10071.026
10065.937
10075.325
10074.137
10072.974
10075.405
10071.423
10075.173
10072.717
10069.621
10067.158
10082.085
10068.856
10069.508
10069.813
10064.7295
10074.751
10068.896
10065.382
10067.528
10067.758
10078.004
10076.771
10066.119
10064.321
10066.532
10065.029
10067.43
10065.609
10081.3125
10066.524
10079.944
10094.214
10078.092
10066.183
10063.923
10072.8125
10069.125
10091.021
10069.247
10066.18
10065.716
10069.622
10068.405
10088.277
10311.385
10064.601
10520.564
10082.192
10064.789
10065.551
10067.018
10099.318
10073.143
10064.672
10070.471
10064.933
10065.439
10069.962
10075.664
10066.891
10064.492
10065.813
10065.794
10067.21
10065.565
10068.703
10108.792
10070.299
10064.454
10065.297
10068.732
10064.786
10075.654
10075.563
10036.689
10085.02
10064.333
10064.527
10082.377
10064.807
10083.69
10103.497
10079.882
10067.356
10082.572
10064.061
10074.44
10067.291
10066.576
10070.251
10068.57
10110.849
10064.674
10094.754
10067.452
10067.063
10066.233
10064.763
10065.01
10064.928
10083.934
10072.858
10070.649
10154.773
10077.112
10067.434
10064.946
10067.324
10064.321
10064.426
10065.164
10083.234
10085.496
10065.01
10065.404
10067.613
10065.788
10077.479
10109.907
10064.3545
10073.035
10079.674
10087.208
10072.975
10064.638
10086.539
10064.435
10066.74
10066.403
10067.37
10064.613
10065.669
10077.261
10070.28
10065.929
10069.561
10065.02
10077.34
10066.43
10064.267
10065.228
10069.269
10072.31
10075.998
10065.871
10072.457
10080.626
10066.464
10064.916
10064.54
10090.877
10084.76
10087.827
10067.388
10067.095
10074.867
10078.08
10065.821
10068.512
10072.022
10065.13
10065.127
10071.075
10064.954
10069.078
10070.675
10072.04
10067.331
10066.957
10077.3
10086.504
10082.856
10085.086
10081.685
10080.368
10069.941
10065.85
10067.38
10063.979
10064.4
10069.561
10093.298
10067.611
10072.44
10069.078
10065.763
10072.222
10064.402
10064.398
10070.909
10086.326
10064.66
10076.489
10064.118
10066.138
10145.81
10181.515
10065.011
10188.112
10162.424
10064.221
10066.153
10080.523
10065.866
10094.702
10067.757
10121.08
10066.545
10065.419
10072.271
10067.388
10063.973
10078.016
10079.916
10077.2
10073.451
10068.575
10069.259
10074.287
10068.266
10067.871
10064.223
10077.153
10066.029
10071.266
10066.887
10066.321
10065.668
10070.461
10067.434
10065.983
10065.924
10064.951
10065.573
10064.288
10064.084
10104.835
10075.808
10069.837
10066.193
10069.562
10072.476
10078.561
10064.858
10066.549
10071.127
10065.203
10085.578
10080.361
10070.992
10070.193
10063.938
10064.185
10084.212
10067.781
10080.046
10079.449
10069.967
10066.575
10071.431
10076.698
10079.874
10085.135
10078.6875
