10089.818
10079.542
10078.1045
10075.494
10073.874
10072.352
10070.879
10070.359
10069.808
10068.55
10067.948
10067.742
10067.818
10067.855
10067.794
10067.982
10067.914
10067.049
10066.863
10066.633
10066.119
10065.963
10065.999
10065.715
10065.544
10065.734
10065.588
10065.483
10065.583
10065.391
10065.242
10065.257
10065.243
10065.111
10064.983
10064.862
10064.805
10064.776
10064.773
10064.728
10064.701
10064.614
10064.603
10064.617
10064.598
10064.544
10064.4795
10064.449
10064.42
10064.457
10064.399
10064.392
10064.392
10064.357
10064.351
10064.357
10064.329
10064.281
10064.323
10064.28
10064.264
10064.273
10064.225
10064.287
10064.297
10064.284
10064.294
10064.2705
10064.24
10064.263
10064.228
