10053.609
10051.527
10048.187
10046.104
10045.54
10040.401
10038.499
10036.04
10034.055
10031.391
10028.635
10025.841
10023.702
10021.397
10020.52
10017.379
10017.112
10013.505
10010.762
10007.597
10003.155
9999.85
9996.706
10000.296
9989.712
9986.73
9987.248
9983.491
9979.88
9977.436
9975.194
9971.615
9970.279
9970.016
9964.04
9960.69
9959.484
9966.104
9955.697
9949.375
9945.981
9946.052
9940.287
9939.036
9934.363
9935.081
9930.498
9925.429
9921.777
9920.363
9920.888
9914.327
9908.383
9905.26
9900.075
9896.754
9892.736
9893.395
9889.0205
9888.326
9879.407
9872.768
9868.593
9867.674
9860.9795
9863.451
9852.177
9847.855
9847.076
9841.362
9843.087
9829.955
9825.736
9824.347
9816.859
9813.573
9806.276
9800.898
9797.141
9794.025
9792.628
9780.879
9775.537
9773.002
9770.259
9763.496
9753.289
9748.503
9751.634
9738.416
9736.518
9723.997
9721.136
9736.925
9704.948
9713.993
9692.444
9686.63
9688.858
9672.797
9669.031
9660.45
9669.3125
9645.388
9646.854
9634.191
9623.858
9615.291
9611.792
9607.468
9591.207
9584.109
9591.307
9628.126
9558.895
9556.31
9555.134
9540.334
9531.915
9516.563
9513.616
9499.638
9491.797
9483.08
9471.471
9461.898
9451.619
9441.717
9458.339
9427.882
9411.911
9401.185
9397.253
9380.67
9370.153
9361.136
9349.261
9337.433
9327.478
9316.92
9305.197
9297.431
9282.042
9274.867
9265.076
9247.129
9236.741
9226.234
9221.496
9202.795
9213.565
9179.127
9165.615
9150.714
9140.843
9124.576
9113.171
9100.448
9090.426
9081.387
9061.162
9061.565
9038.692
9023.908
9015.446
9002.766
8980.192
8969.922
9008.451
8940.052
8975.654
8910.924
8926.384
8892.878
8912.604
8854.424
8840.939
8826.342
8848.034
8799.301
8787.388
8777.501
8755.727
8739.44
8725.436
8711.845
8695.028
8693.457
8670.36
8663.185
8635.743
8622.841
8669.006
8592.566
8579.431
8571.041
8546.944
8550.412
8521.033
8514.364
8490.414
8480.06
8459.458
8440.962
8432.793
8411.629
8400.155
8444.686
8369.071
8350.2
8332.712
8330.82
8303.137
8290.569
8274.647
8257.485
8246.251
8349.801
8341.404
8210.964
8181.9775
8176.7144
8148.128
8154.278
8127.5083
8115.201
8092.093
8071.546
8059.394
8043.2295
8048.288
8234.752
8030.352
8037.9165
7968.5654
7952.7446
7929.7065
7915.5347
7907.637
7893.461
7872.1143
7860.5425
7837.7124
7823.263
7811.4307
7792.4814
7795.8647
7772.072
7751.696
7733.289
7714.7104
7724.6694
7681.5283
7758.9
7651.429
7649.2856
7624.5894
7610.401
7596.187
7661.5127
7559.2524
7555.3784
8314.903
7530.0854
7511.077
7512.6846
7483.8926
7519.1724
7459.7524
7428.298
7406.5435
7397.7515
7378.746
7382.7183
7352.8433
7361.5303
7327.554
7303.736
7290.5757
7333.5103
7258.7866
7243.7607
7224.684
7219.159
7199.124
7181.8228
7547.875
7150.8877
9717.1045
7133.6553
7128.459
7091.526
7085.2773
7060.6235
7116.77
7051.2393
7051.59
7027.8403
7024.001
6986.201
6956.35
6942.794
6931.3457
6919.459
6901.0073
6883.2783
6870.05
6880.579
6854.6743
6843.011
6805.0605
6791.392
6778.4834
6767.5684
6795.949
6762.8047
6747.305
6706.5737
6701.8633
6673.65
6670.7773
6665.746
6632.589
6621.5405
6615.163
6588.598
6572.081
6567.1616
8807.917
6531.1973
6545.412
6619.81
6601.6367
6479.588
6467.223
6443.281
6444.292
6467.596
6418.2607
6423.164
6453.763
6389.504
6356.144
6355.948
6324.346
6305.66
6342.8604
6296.7056
6258.0776
6267.5234
6251.898
6230.771
6215.12
6212.7285
6178.7437
6217.3047
6159.883
6136.716
6124.5522
6140.1606
6104.802
6132.9775
6141.669
6079.4
6059.282
6029.203
6020.07
6010.0366
5996.2314
5978.168
5969.807
5945.4756
5969.7417
5959.4707
5917.1777
5929.043
5900.5093
5947.806
5898.362
5841.497
6131.474
5864.834
5812.136
5848.3037
5777.7607
5760.904
5766.9116
5888.21
5722.626
5714.8716
5714.818
5689.8506
5800.4497
10365.707
5663.751
5657.806
5650.1797
5610.6646
6061.416
5631.5317
5595.788
5592.2993
5554.075
5554.7964
5582.061
5507.8726
5511.255
5498.524
5469.976
5469.0103
5453.6577
5489.1978
5426.8613
5425.9478
5403.1553
5430.8306
5391.474
5376.1094
5371.462
5397.852
5337.2183
5352.517
5316.2314
5329.817
5356.5835
5306.428
5272.5264
5336.8584
5672.4536
5239.476
5313.4478
5262.0596
6982.421
5214.275
