10061.976
10058.18
10054.228
10048.293
10041.988
10029.731
10013.936
9986.928
9941.265
9880.373
9805.254
9712.193
9622.271
9530.154
9441.569
9359.509
9277.892
9203.316
9132.847
9066.71
8999.202
8937.637
8878.657
8823.987
8772.618
8723.859
8676.751
8631.913
8603.583
8548.903
8513.932
8475.308
8440.869
8404.69
8383.955
8342.115
8314.515
8283.216
8253.606
8227.558
8200.44
8175.5054
8149.9614
8126.2183
8102.9507
8082.756
8059.6777
8038.8057
8017.301
7997.273
7978.237
7958.2407
7947.904
7924.1
7906.219
7886.248
7870.491
7853.177
7838.241
7823.6304
7812.4624
7794.94
7776.405
7765.6416
7747.479
7736.0376
7720.1914
7707.137
7693.871
7682.766
7674.531
7655.966
7643.587
7630.9863
7621.237
7607.8286
7596.4727
7587.9683
7576.5117
7564.0986
7553.8003
7542.7905
7533.456
7522.3184
7512.918
7501.7544
7492.782
7483.9053
7487.5205
7466.182
7454.14
7445.2075
7438.939
7427.399
7423.107
7414.1445
7401.667
7393.2754
7384.949
7379.2583
7372.913
7360.796
7353.803
7344.956
7342.938
7332.587
7323.506
7317.9272
7309.1777
7302.336
7297.661
7286.261
7279.7456
7275.2666
7267.1367
7265.457
7251.769
7244.886
7241.4077
7234.6157
7227.511
7218.9487
7212.6484
7206.776
7201.1533
7194.345
7189.2065
7182.1694
7176.14
7170.3784
7172.3257
7158.805
7154.3003
7148.728
7142.5356
7136.482
7132.7007
7127.2134
7120.429
7114.4497
7112.2466
7104.754
7099.7017
7093.504
7090.9463
7083.4404
7077.9404
7072.8955
7068.118
7063.144
7058.167
7053.8296
7052.973
7044.544
7040.6064
7040.701
7030.081
7027.75
7021.3735
7021.524
7012.414
7008.274
7007.924
7000.9746
6996.5054
6991.5713
6986.7515
6986.2275
6984.6025
6974.1084
6974.548
6975.1396
6967.067
6959.7544
6955.474
6949.706
6945.6597
6941.6865
6939.6875
6936.543
6931.415
6926.3003
6922.8735
6920.6274
6915.763
6911.539
6908.0757
6904.833
6904.0767
6897.306
6893.4404
6889.5117
6886.405
6882.8447
6880.57
6875.36
6871.6196
6868.101
6864.744
6861.5967
6857.951
6859.068
6851.3125
6849.161
6844.9844
6841.2324
6837.8774
6837.337
6831.47
6829.4526
6831.1323
6821.7544
6819.3657
6816.765
6812.4204
6810.1523
6806.5654
6803.741
6800.659
6796.831
6794.613
6795.452
6789.783
6784.8765
6784.0483
6779.3447
6779.9272
6773.147
6770.596
6767.7896
6764.8896
6761.825
6761.311
6756.0356
6753.774
6751.9155
6747.6865
6745.4126
6742.3633
6742.8525
6736.387
6735.1973
6732.933
6728.316
6726.2603
6723.1743
6720.5527
6718.6743
6718.1494
6712.7207
6709.9355
6709.2393
6705.421
6702.1885
6700.0225
6702.6113
6695.7983
6692.125
6690.2993
6687.1235
6684.6606
6682.0645
6679.553
6680.4814
6675.653
6672.279
6669.607
6667.7466
6668.1016
6667.4897
6664.688
6662.2637
6658.5254
6653.586
6655.262
6648.7266
6647.6743
6644.594
6643.0396
6641.7896
6638.361
6635.06
6635.2393
6631.5703
6628.4194
6626.593
6623.863
6621.891
6619.761
6618.1626
6615.4326
6613.871
6611.2046
6609.793
6607.3003
6604.7036
6602.6553
6605.0166
6598.3867
6596.805
6594.408
6595.4644
6591.373
6589.059
6586.4756
6585.0156
6583.99
6579.86
6578.621
6575.9507
6577.5273
6575.874
6570.8667
6568.0415
6566.029
6564.795
6563.589
6560.932
6558.7197
6557.7207
6554.5215
6559.848
6550.6655
6549.1104
6546.9775
6545.121
6548.1367
6541.6177
6540.357
6538.239
6536.0166
6534.8765
6532.717
6530.607
6530.38
6528.7188
6525.3257
6523.0728
6521.2363
6521.76
6517.9536
6516.0566
6514.139
6514.3003
6512.0645
6512.6816
6513.38
6505.6035
6503.987
6502.431
6503.663
6498.8745
6497.051
6495.9043
6494.241
6492.0806
6490.4517
6489.0713
6487.371
6485.553
6485.31
6482.32
6480.5503
6479.1597
6477.7783
6475.627
6474.0693
6472.7173
6471.784
6469.86
6468.0913
6468.4917
6464.9004
6463.0
6461.2764
6459.679
6458.0854
6460.692
6454.99
6453.6504
6452.665
6450.116
6449.818
6448.282
6447.477
6446.306
6444.05
6449.993
6439.5435
6438.263
6436.829
6434.808
6433.5435
6431.9185
6431.658
6429.005
6427.825
6426.2095
6425.7256
6423.3257
6422.3604
6420.022
6418.8276
6419.938
6419.0513
6415.3936
6412.973
6412.7783
6411.373
6410.799
6408.109
6411.343
6404.5605
6403.086
6402.0903
6400.432
6399.047
6397.9727
6399.1675
6395.889
6394.15
6393.112
6394.9976
6389.7095
6392.6045
6389.1987
6386.2705
6384.1167
6384.1187
6381.6133
6381.1357
6382.5938
6378.0864
6376.2075
6377.9546
6374.393
6372.1836
6370.766
6369.4526
6371.699
6366.886
6365.745
6364.7803
6362.991
6363.1855
6360.766
6359.7837
6361.8184
6358.189
6355.238
6358.468
6353.556
6351.702
6351.1357
6349.1567
6348.5645
6346.781
6349.0703
6344.22
6342.691
6341.3213
6340.6055
6340.646
6337.5845
6336.474
6337.059
6334.8325
6335.5737
6331.89
6331.228
6329.1167
6331.2285
6326.66
6325.2354
6324.1865
6325.4937
6322.029
6322.774
6326.304
6319.6675
6317.347
6315.967
6315.8037
6313.694
6312.534
6311.808
6312.709
6309.543
6308.482
6308.8716
6305.459
6304.1753
6304.406
6302.6255
6301.574
6300.028
6301.9854
6297.4775
6296.4355
6296.246
6296.0166
6293.299
6291.8916
6290.6455
6290.281
6288.874
6290.1387
6286.8506
6286.972
6284.3247
6283.2583
6284.4595
6283.204
6279.5063
6279.3687
6277.2524
6276.4375
6275.666
6274.0
6273.7163
6271.915
6274.345
6269.8394
6268.568
6267.5356
6267.432
6267.004
6264.3496
6263.1943
6262.865
6261.1826
6260.5454
6259.3916
6258.2163
6257.012
6256.3184
6256.0786
6254.074
6253.251
6251.992
6251.0503
6249.7637
6248.774
6247.8013
6246.7524
6245.653
6247.3945
6244.306
6242.7183
6243.169
6242.8594
6239.881
6239.9976
6238.777
6237.0703
6236.854
6234.812
6233.95
6233.0596
6231.994
6230.9023
6230.5693
6229.763
6227.9478
6226.979
6226.1523
6225.468
6228.654
6224.279
6221.8936
6220.864
6221.3423
6219.059
6221.7085
6217.1094
6216.786
6215.552
6214.2827
6213.611
6212.265
6211.9336
6210.4614
6209.585
6209.349
6207.8516
6206.847
6206.079
6206.506
6205.677
6207.507
6202.854
6201.921
6200.26
6199.605
6198.8135
6200.8223
6197.44
6196.2056
6196.0493
6193.869
6193.138
6192.216
6191.422
6190.4326
6189.3965
6188.5596
6187.4707
6187.0435
6186.268
6186.076
6183.955
6184.1685
6186.574
6181.4004
6180.5063
6179.8774
6179.779
6178.539
6177.888
6176.088
6175.1343
6174.2256
6175.7236
6174.244
6171.562
6170.899
6169.8374
6168.9316
6170.531
6167.484
6166.3906
6165.6484
6164.939
6165.344
6167.0654
6163.606
6163.527
6160.549
6160.002
6158.5425
6157.7383
6156.831
6156.1167
6155.1367
6155.5566
6154.4214
6152.7397
6151.904
6151.1846
6150.32
6149.3203
6148.73
6147.8916
6146.739
6146.207
6145.3257
6144.509
6143.7715
6142.8315
6142.4033
6143.72
6140.6997
6139.688
6138.9688
6138.338
6137.3926
6136.7
6135.586
6136.099
6133.9077
6133.4507
6133.654
6131.6763
6131.7656
6130.2944
6129.7407
6130.957
6127.831
6127.087
6127.193
6126.287
6125.089
6123.802
6123.0547
6122.2515
6122.545
6121.06
6120.0874
6119.8975
6118.4497
6117.852
6116.989
6120.552
6115.7246
6114.9233
6113.919
6113.292
6112.8022
6113.013
6111.119
6112.833
6110.088
6108.6826
6109.889
6107.574
6106.325
6106.418
6109.4243
6104.081
6103.5645
6103.853
6104.8438
6101.671
6100.344
6099.9697
6099.0156
6098.0854
6100.223
6099.876
6095.9473
6095.2114
6094.305
6095.042
6094.0376
6092.55
6091.6035
6090.792
6090.349
6089.604
6089.722
6087.748
6087.31
6087.3926
6086.2314
6085.116
6085.642
6084.871
6083.238
6082.3447
6083.816
6082.7534
6080.385
6082.6045
6078.877
6077.9297
6077.4106
6076.745
6075.964
6075.59
6075.8794
6074.142
6073.8394
6072.734
6074.739
6070.996
6072.762
6070.7207
6069.678
6068.4116
6067.588
6066.9517
6066.4307
6065.424
6064.6133
6065.3955
6063.3413
6064.0312
6062.02
6063.895
6062.9814
6061.1045
6059.67
6061.165
6058.327
6057.2188
6058.2
6056.3447
6055.153
6054.822
6059.1514
6054.217
6053.7
6053.1055
6051.578
6050.993
6049.7227
6049.5996
6051.4287
6048.331
6047.2817
6046.5425
6047.8047
6045.6284
6046.764
6045.74
6049.0933
6044.9697
6043.6455
6043.8145
6041.074
6043.669
6039.6987
6038.912
6040.57
6037.7236
6037.132
6036.5024
6035.821
6037.1567
6034.775
6033.858
6033.3706
6032.618
6032.155
6032.146
6031.233
6030.2104
6029.3228
6029.4146
6028.8096
6027.8013
6027.289
6026.276
6025.6807
6025.0156
6024.495
6024.0474
6024.3237
6025.5913
6023.3633
6022.9883
6022.72
6021.8086
6019.4854
6020.4565
6018.582
6018.097
6017.0195
6017.244
6019.2246
6015.134
6014.7095
6014.4214
6015.0938
6014.279
6012.287
6012.265
6011.189
6010.71
6011.4014
6009.878
6008.757
6008.9683
6007.654
6009.564
6006.4
6008.2793
6006.014
6004.5933
6005.838
6003.5137
6005.205
6003.0737
6001.726
6003.99
6000.767
5999.8726
5999.481
5998.9336
5998.0664
5998.6045
6001.773
5999.89
5995.781
5998.4414
5994.731
5994.3433
5993.628
5994.255
5992.2505
5993.269
5992.0537
5990.827
5991.534
5989.9536
5992.232
5988.508
5987.927
5990.1284
5987.1494
5990.775
5985.743
5985.4526
5984.6494
5984.839
5983.9043
5986.11
5982.348
5982.856
5981.2534
5981.2476
5980.892
5980.631
5978.9263
5979.7183
5978.2314
5977.2983
5978.5024
5976.077
5975.7
5974.897
5975.4355
5973.8296
5974.186
5972.759
5972.779
5974.116
5971.3984
5970.9487
5972.2515
5970.1455
5969.5776
5969.044
5968.4385
5967.707
5968.704
5967.6167
5968.837
5965.4673
5965.81
5964.5527
5966.4624
5963.336
5962.7803
5964.0156
5962.1665
5961.641
5960.67
5960.135
5961.0396
5959.168
5958.425
5957.9194
5958.2676
5956.8735
5957.3135
5956.4526
5955.383
5956.489
5954.4097
5954.2407
5953.5005
5952.765
5952.18
5951.7344
5951.3027
5951.024
5951.365
5954.3213
5949.4365
5948.74
5948.4683
5947.652
5947.5957
5947.377
5947.1133
5946.552
5946.6675
5944.651
5944.3535
5943.6157
5944.4116
5942.516
5942.147
5941.7715
5941.233
5941.869
5941.9204
5939.571
5939.6543
5938.579
5938.966
5937.4946
5936.993
5936.4897
5936.043
5935.6147
5934.9634
5936.15
5934.809
5934.3643
5933.281
5933.2993
5935.3066
5932.5117
5931.2085
5932.0835
5930.4116
5931.8223
5929.7993
5931.174
5928.5073
5927.757
5927.2886
5926.8345
5927.2173
5925.772
5925.517
5925.709
5925.087
5925.866
5923.44
5923.356
5923.705
5922.4355
5921.8433
5921.0
5920.559
5920.7275
5919.7964
5919.4775
5918.6074
5919.138
5917.6772
5917.1475
5917.205
5917.315
5915.8345
5915.456
5917.2925
5915.7563
5914.3457
5915.6333
5915.043
5912.6685
5912.002
5913.2173
5912.302
5912.0684
5910.447
5911.0044
5909.951
5908.769
5908.4863
5907.9443
5907.4854
5907.5034
5906.692
5906.085
5906.2764
5907.2974
5905.729
5904.2163
5904.1646
5903.679
5902.9165
5902.632
5902.737
5901.4844
5901.14
5900.7314
5903.896
5900.013
5899.4424
5899.154
5898.809
5898.3027
5897.9453
5897.186
5896.6514
5897.2344
5895.754
5895.529
5894.895
5895.103
5893.9443
5893.9
5894.4536
5893.9634
5893.104
5891.839
5892.92
5890.8496
5890.605
5890.849
5889.5454
5889.2847
5889.6
5888.2354
5887.9844
5889.1904
5886.875
5886.7246
5886.0415
5886.397
5885.172
5885.8403
5884.499
5884.702
5886.09
5882.947
5883.9053
5882.279
5882.1104
5883.459
5881.895
5881.32
5880.7183
5879.823
5879.3213
5879.139
5878.3696
5877.791
5877.8257
5877.055
5876.468
5876.325
5875.562
5875.647
5875.417
5875.246
5874.5005
5873.5713
5873.98
5873.2163
5872.8994
5872.49
5871.445
5871.093
5871.4785
5870.0825
5869.672
5869.2803
5868.993
5869.1465
5869.081
5867.7046
5867.224
5867.461
5866.8257
5868.1177
5865.609
5865.3237
5864.9404
5864.3486
5864.2446
5863.9873
5863.521
5864.348
5862.4717
5862.0557
5861.698
5861.4097
5864.2827
5860.834
5861.2266
5859.4263
5859.0366
5858.664
5862.0103
5857.8374
5858.1655
5857.0864
5857.31
5856.307
5856.102
5856.401
5855.2285
5855.154
5855.008
5854.297
5853.642
5853.251
5852.749
5854.608
5852.3765
5851.574
5852.1367
5851.1104
5850.8374
5850.6255
5849.9023
5849.254
5848.9307
5849.3716
5850.4053
5847.8296
5847.6064
5846.954
5846.8037
5846.7876
5846.607
5845.4795
5844.9795
5844.729
5845.397
5845.4775
5843.671
5843.1143
5843.0024
5843.6333
5842.98
5842.4634
5841.871
5840.831
5840.633
5840.2876
5839.7856
5839.861
5839.2393
5840.155
5838.1235
5839.238
5837.971
5838.0093
5836.811
5836.1616
5835.762
5835.7163
5835.071
5835.5005
5834.583
5834.057
5833.6504
5833.206
5833.648
5832.569
5832.8765
5831.8057
5831.4644
5831.0
5830.8726
5830.3105
5829.855
5829.6704
5829.239
5828.8604
5828.655
5828.6826
5827.8
5827.3516
5827.137
5826.968
5826.6772
5826.12
5825.5986
5825.147
5824.5977
5824.4014
5824.0654
5825.0
5823.1396
5823.619
5824.2236
5822.3286
5822.1016
5821.4077
5821.0464
5820.64
5820.36
5821.515
5819.829
5823.3433
5819.0444
5818.371
5817.9424
5819.184
5818.0645
5816.9897
5816.508
5816.2905
5816.4307
5815.5244
5817.4116
5814.7837
5816.598
5814.138
5814.373
5813.935
5812.9985
5812.618
5813.1616
5812.0586
5811.77
5812.754
5811.225
5811.741
5810.3037
5810.2227
5809.5664
5809.142
5809.0586
5808.769
5808.0933
5807.665
5809.2344
5806.979
5806.7446
5806.4653
5806.1094
5805.683
5805.4917
5804.933
5805.4624
5804.472
5806.3213
5803.995
5803.146
5802.946
5802.4937
5802.1626
5801.91
5801.5215
5801.437
5801.882
5801.434
5800.922
5802.5615
5799.417
5799.5093
5799.293
5799.9585
5803.974
5797.953
5797.7974
5797.1006
5797.147
5796.6826
5796.763
5796.4556
5795.3066
5795.0347
5795.9688
5794.7466
5794.016
5793.593
5793.287
5793.0244
5792.669
5792.3237
5792.186
5792.0522
5791.111
5793.753
5791.3027
5790.432
5790.6465
5790.698
5792.8276
5788.839
5789.5103
5790.6187
5788.024
5788.1396
5787.834
5787.0396
5786.562
5786.2856
5785.9014
5787.1704
5785.174
5785.142
5786.0586
5784.53
5783.943
5785.55
5783.299
5785.3657
5783.826
5782.269
5781.9644
5781.613
5781.52
5781.298
5780.6606
5780.4106
5780.14
5781.3257
5779.4946
5779.1587
5780.388
5778.723
5778.8584
5778.2407
5777.977
5777.21
5777.0205
5776.896
5776.3857
5776.2866
5776.38
5775.388
5776.715
5774.6875
5774.912
5775.0176
5775.2305
5773.812
5774.773
5773.966
5772.614
5772.155
5771.9375
5771.989
5771.2715
5770.742
5770.544
5770.2026
5769.8306
5769.5615
5773.1567
5770.1313
5769.0386
5768.3867
5768.289
5767.6978
5767.924
5768.383
5766.703
5766.4062
5766.107
5766.9375
5766.764
5765.299
5764.9033
5764.5117
5764.3057
5763.904
5763.8286
5764.341
5762.94
5763.1543
5762.3765
5762.404
5761.6675
5763.506
5765.8896
5761.066
5760.92
5762.218
5759.827
5759.5005
5761.2183
5758.8564
5758.56
5758.576
5757.882
5757.9756
5758.288
5757.192
5757.1167
5756.461
5756.459
5755.8774
5756.0664
5755.266
5754.95
5754.647
5755.473
5754.062
5755.517
5757.808
5753.446
5753.8423
5752.6743
5752.442
5751.8784
5752.9746
5751.8223
5751.034
5751.0254
5750.5093
5750.48
5751.242
5749.4414
5749.799
5749.686
5748.7285
5748.926
5748.0522
5747.928
5747.6196
5748.725
5748.094
5746.986
5749.083
5747.134
5745.6436
5745.444
5745.523
5745.1987
5744.5386
5744.1455
5743.9146
5743.5938
5743.411
5744.3525
5742.899
5744.789
5742.0347
5743.902
5742.4595
5741.6973
5740.8564
5740.96
5741.52
5740.743
5739.8984
5741.0723
5739.5938
5739.0054
5738.4365
5739.503
5738.356
5737.853
5738.9277
5737.3433
5738.0684
5736.4883
5736.581
5735.9995
5735.736
5735.801
5735.3223
5734.859
5734.7197
5734.8804
5734.3193
5733.691
5733.3413
5733.0005
5733.4946
5733.3135
5732.2334
5732.222
5731.6787
5731.6084
5732.194
5730.9014
5730.9834
5731.2964
5732.2524
5732.4565
5730.448
5729.367
5728.8145
5728.849
5728.7817
5728.2417
5728.21
5728.189
5727.1636
5729.2734
5728.222
5726.423
5726.1484
5725.9453
5725.9697
5725.441
5725.0474
5724.7686
5724.636
5724.669
5724.023
5724.2983
5724.1924
5724.0884
5722.873
5722.5825
5722.2944
5722.014
5722.0625
5723.82
5722.833
5721.117
5720.8564
5720.339
5721.937
5719.9023
5720.0674
5719.853
5719.261
5718.8584
5721.165
5720.8267
5718.153
5717.7866
5718.076
5717.5063
5716.925
5716.572
5716.311
5716.195
5716.209
5716.131
5715.2354
5715.491
5714.87
5714.7725
5714.637
5714.0923
5713.68
5713.4526
5713.4053
5713.0537
5713.1934
5715.071
5711.9272
5711.955
5711.732
5714.1655
5711.0034
5712.7437
5710.334
5710.2627
5710.8555
5710.401
5709.371
5709.388
5708.8374
5708.847
5708.3745
5707.994
5707.8022
5707.811
5707.198
5708.094
5707.5083
5709.377
5707.3564
5706.014
5705.7827
5706.0356
5706.0405
5704.959
5708.4346
5705.4775
5705.728
5704.5913
5703.67
5704.7075
5703.169
5703.2544
5704.3184
5702.305
5702.1167
5702.295
5702.4346
5703.063
5702.511
5700.7026
5700.7656
5700.915
5700.2925
5701.4814
5699.321
5701.405
5699.4937
5698.7764
5698.2793
5699.328
5700.255
5700.111
5697.3535
5697.4517
5696.9873
5696.815
5697.061
5696.0215
5695.8115
5696.0254
5696.1543
5695.107
5694.778
5694.588
5694.9907
5694.0396
5696.317
5693.5815
5693.621
5693.946
5692.7847
5697.023
5692.455
5692.248
5691.8564
5691.5024
5691.515
5691.249
5690.824
5691.2314
5691.409
5690.068
5690.825
5692.9585
5692.9473
5689.109
5688.882
5689.393
5688.417
5688.16
5688.838
5688.5195
5687.4844
5687.0864
5686.845
5687.3677
5686.315
5686.291
5685.881
5685.6523
5685.327
5686.016
5684.9497
5687.4546
5684.9556
5684.856
5684.2275
5684.5107
5683.6387
5683.662
5684.4067
5682.9536
5682.5967
5682.7886
5681.9478
5682.186
5682.2207
5681.446
5681.3945
5680.679
5680.506
5680.4487
5680.0527
5680.096
5679.431
5679.39
5678.8755
5678.589
5679.4814
5678.1836
5678.1035
5677.957
5677.3384
5678.6504
5676.787
5676.59
5676.9307
5676.1465
5675.873
5675.672
5675.68
5675.1846
5675.177
5675.011
5674.439
5676.5444
5674.46
5674.077
5673.777
5673.485
5673.187
5672.6953
5673.56
5672.6133
5672.4736
5671.8794
5672.4653
5672.209
5671.345
5671.0283
5670.8315
5671.671
5670.401
5670.1294
5669.8423
5670.2993
5669.386
5669.188
5668.873
5669.0044
5669.6772
5668.449
5668.045
5667.8516
5667.68
5668.258
5667.325
5666.8657
5666.969
5666.5776
5667.124
5666.3604
5665.918
5665.917
5665.5625
5665.368
5665.227
5665.486
5664.925
5666.0195
5664.6543
5663.9097
5663.808
5663.5454
5663.787
5663.1655
5663.3457
5664.63
5662.3413
5662.7095
5662.174
5663.254
5661.3325
5661.589
5660.848
5662.088
5660.844
5660.066
5660.1885
5660.5054
5660.9004
5659.5938
5659.4116
5658.973
5659.1187
5658.29
5658.4795
5657.8086
5658.2188
5657.427
5657.1816
5657.4565
5659.4707
5658.835
5656.606
5656.6577
5656.247
5655.7393
5656.492
5657.297
5655.9453
5654.975
5654.67
5654.808
5654.597
5656.2603
5654.6177
5653.538
5655.0317
5654.5986
5655.3906
5652.8896
5654.5894
5652.135
5652.3564
5652.4365
5653.2085
5651.681
5652.0996
5651.1245
5650.7124
5651.522
5651.713
5650.0933
5650.1567
5650.186
5649.9526
5650.8096
5651.671
5649.0806
5648.6475
5648.538
5649.099
5648.253
5648.9214
5647.9355
5647.5054
5647.4805
5648.2183
5648.1787
5647.24
5647.4966
5648.609
5646.4893
5645.8594
5645.3755
5645.1494
5644.905
5644.71
5645.7017
5644.57
5644.4814
5644.263
5643.7104
5643.426
5643.2515
5645.1543
5643.119
5642.5176
5642.3594
5642.557
5642.052
5641.729
5641.4746
5641.4966
5641.2056
5641.872
5641.1543
5640.53
5640.2554
5641.4585
5641.4556
5639.747
5640.5645
5639.3477
5638.959
5639.5063
5638.565
5638.4023
5639.5415
5639.65
5639.0806
5639.021
5637.2725
5638.052
5636.8833
5636.7446
5636.6304
5637.1353
5636.1523
5635.859
5635.651
5635.5566
5635.7515
5635.134
5635.6064
5637.128
5635.6724
5637.0127
5635.5977
5633.9897
5633.5596
5633.3896
5633.9497
5633.3096
5633.754
5632.8647
5632.5137
5632.222
5632.0615
5632.272
5631.763
5631.709
5631.403
5631.014
5631.1816
5632.404
5630.537
5630.791
5630.394
5631.399
5630.3853
5629.4214
5629.409
5629.1978
5628.6797
5629.1846
5628.8223
5628.128
5627.9453
5627.888
5627.6284
5627.5713
5629.611
5627.0845
5626.821
5627.0986
5626.61
5626.2764
5626.4517
5626.4805
5625.683
5625.767
5625.341
5625.1353
5625.2153
5625.867
5624.566
5625.2793
5624.1694
5623.9834
5624.211
5625.36
5623.669
5623.4634
5622.9414
5623.3315
5624.5845
5622.3555
5622.073
5622.3457
5621.882
5621.555
5621.839
5621.306
5621.8613
5620.893
5620.6313
5621.6885
5620.258
5620.5264
5624.5767
5620.036
5620.897
5619.4976
5619.0254
5621.437
5618.6294
5618.502
5619.027
5618.4795
5617.885
5617.7065
5617.5996
5618.504
5619.8643
5617.2935
5616.618
5617.1543
5616.7964
5616.3115
5615.9873
5615.705
5615.499
5615.7627
5615.2314
5615.391
5616.639
5614.5645
5614.616
5614.204
5614.022
5614.2
5613.5605
5615.421
5613.2593
5614.143
5612.7603
5613.913
5612.3345
5612.147
5612.28
5611.783
5611.713
5611.5864
5612.3174
5611.2593
5611.1255
5610.719
5611.2285
5610.349
5610.7896
5610.1714
5611.4307
5609.6953
5609.511
5609.7803
5609.172
5609.928
5608.769
5609.212
5608.323
5608.394
5610.6216
5607.951
5607.8237
5608.6685
5607.9277
5607.699
5607.584
5607.0015
5606.534
5606.524
5606.04
5606.209
5606.08
5605.7544
5606.9766
5605.1074
5605.2188
5605.2266
5604.752
5604.4673
5604.9053
5605.2686
5605.767
5603.722
5603.608
5603.235
5603.1655
5603.058
5603.348
5603.6416
5604.638
5602.395
5602.3594
5602.5283
5601.6406
5601.456
5601.3306
5601.1455
5601.718
5601.2285
5601.1216
5600.7397
5601.1074
5600.029
5599.8975
5602.8193
5600.066
5599.9365
5599.12
5600.976
5599.0464
5598.67
5598.558
5598.2715
5598.123
5598.324
5598.4966
5598.1396
5597.4214
5597.385
5597.478
5596.863
5597.248
5596.6924
5596.3345
5596.8013
5596.016
5596.52
5595.7554
5595.466
5595.6445
5595.3086
5595.48
5594.7715
5596.096
5594.371
5594.3584
5594.0767
5594.811
5593.7227
5593.5576
5593.3765
5593.5586
5593.713
5592.896
5594.676
5592.5117
5592.3423
5592.633
5592.069
5592.1353
5591.7974
5591.503
5591.418
5591.116
5591.0156
5590.836
5590.597
5592.9546
5590.5854
5591.4614
5590.5015
5590.021
5589.452
5590.119
5589.3823
5589.122
5588.76
5589.263
5588.5103
5588.242
5589.676
5588.069
5589.385
5589.4097
5588.9375
5587.2515
5587.379
5586.8755
5587.5293
5586.537
5586.3057
5587.215
5586.506
5585.748
5585.6597
5586.1387
5585.367
5586.804
5584.9478
5585.217
5584.5244
5586.035
5584.968
5584.062
5583.9434
5583.6997
5584.1196
5585.3687
5583.7065
5582.9307
5582.7656
5583.106
5582.7397
5584.393
5582.17
5582.1846
5581.8345
5581.7983
5581.6685
5583.76
5581.284
5581.1006
5581.0244
5580.7603
5580.727
5580.426
5580.9478
5580.3403
5581.074
5581.004
5579.6714
5580.268
5579.221
5579.23
5579.0854
5578.9077
5578.674
5578.835
5578.721
5578.0874
5578.787
5577.9385
5579.226
5578.9805
5578.4824
5577.0737
5578.208
5576.955
5577.163
5577.0454
5577.7954
5576.18
5575.8384
5578.5527
5575.451
5575.664
5576.4287
5575.1187
5574.8364
5575.454
5574.6055
5574.478
5574.9727
5574.5034
5573.842
5573.784
5574.0737
5574.002
5573.267
5573.264
5572.8916
5573.425
5572.811
5572.4707
5572.2925
5574.1904
5574.0996
5571.7817
5571.724
5571.824
5571.821
5571.951
5570.985
5570.7856
5570.6895
5570.49
5571.8794
5570.3247
5573.6514
5570.0103
5571.1465
5570.785
5569.316
5569.23
5568.92
5569.072
5568.709
5568.5547
5568.3564
5568.294
5568.287
5568.0146
5567.7534
5567.957
5567.6255
5567.2695
5567.6655
5567.9
5568.1016
5568.478
5566.813
5566.2686
5567.916
5565.9683
5565.857
5565.6606
5565.482
5565.283
5565.3896
5564.9966
5565.983
5565.967
5564.9434
5564.4775
5564.2827
5564.4194
5563.8716
5563.8477
5563.626
5563.4497
5563.285
5563.248
5563.467
5562.795
5563.4067
5562.4956
5562.641
5562.764
5562.101
5561.942
5561.902
5561.574
5563.6543
5561.7744
5561.8154
5561.073
5560.9565
5561.318
5562.9487
5560.3374
5560.252
5559.999
5559.8877
5559.8857
5559.626
5560.089
5559.281
5561.2188
5559.099
5558.801
5558.6064
5560.952
5558.2505
5558.286
5560.578
5557.7866
5557.711
5560.472
5557.4507
5557.3955
5557.612
5557.5815
5557.1353
5556.748
5556.6157
5556.3833
5556.538
5556.1943
5556.0293
5556.529
5556.173
5555.967
5556.13
5555.065
5555.115
5555.1934
5554.6655
5554.423
5554.3154
5554.163
5554.8613
5553.9927
5554.8276
5553.801
5553.7417
5553.6626
5553.0977
5552.9204
5552.8105
5553.566
5552.689
5552.3535
5552.2593
5552.033
5552.775
5551.7495
5552.3286
5551.4043
5551.661
5551.164
5551.099
5551.219
5550.9756
5551.228
5550.413
5550.1953
5550.074
5551.762
5549.9014
5549.772
5550.9043
5549.4526
5549.47
5549.0356
5548.8843
5548.858
5549.1187
5548.5674
5548.2417
5548.262
5547.8677
5547.8057
5548.2397
5547.5054
5547.51
5547.253
5548.685
5546.963
5548.9614
5546.752
5547.6206
5548.867
5548.351
5546.0527
5547.589
5546.3086
5545.7705
5545.5786
5546.145
5545.2153
5545.772
5544.9243
5545.097
5544.6216
5545.819
5544.864
5544.2607
5544.113
5545.121
5543.812
5543.6587
5543.621
5543.53
5543.2144
5544.5483
5543.001
5543.477
5542.9253
5542.5386
5544.1196
5542.3477
5542.2544
5542.121
5542.882
5541.853
5541.6587
5543.4883
5541.5576
5541.1484
5541.1406
5540.9644
5540.7715
5540.933
5540.4624
5541.757
5540.152
5539.9707
5539.9526
5539.7676
5539.669
5539.6416
5539.4546
5539.1797
5539.141
5539.092
5538.73
5539.963
5539.2476
5538.417
5538.4873
5538.0996
5538.6357
5537.959
5537.6523
5537.6636
5537.3564
5538.888
5537.172
5537.3525
5536.9346
5537.4414
5537.559
5536.788
5536.9824
5536.287
5536.77
5536.463
5535.832
5535.516
5535.4736
5535.716
5535.5654
5535.8296
5536.8804
5534.738
5535.1553
5534.5073
5536.3135
5534.1313
5533.9897
5533.874
5533.8857
5533.79
5534.1206
5533.9644
5535.3228
5533.6323
5532.913
5535.6836
5532.686
5533.1426
5532.4097
5532.194
5532.951
5532.048
5535.752
5532.0376
5538.293
5531.603
5531.4224
5531.3945
5531.6562
5532.6997
5530.7036
5530.7866
5531.7573
5530.8975
5530.3667
5530.0923
5529.949
5530.192
5529.679
5529.486
5530.0493
5529.277
5529.243
5529.2773
5528.7637
5528.656
5528.585
5529.0884
5528.3984
5528.098
5527.9067
5527.7427
5527.7124
5527.662
5527.921
5527.4946
5527.1953
5527.0444
5527.385
5526.701
5526.7954
5526.5107
5526.241
5526.2793
5526.1416
5526.3594
5529.0474
5525.576
5525.5474
5525.318
5525.1455
5525.083
5524.987
5525.74
5525.2896
5524.5527
5524.687
5525.072
5525.042
5524.3877
5524.81
5523.6953
5523.575
5523.41
5523.6553
5523.1523
5523.319
5522.8574
5524.92
5523.3394
5522.5186
5522.572
5522.624
5522.06
5523.2114
5521.827
5521.7363
5522.2163
5521.59
5522.1
5521.1924
5521.477
5522.2153
5521.4595
5521.716
5520.6523
5520.43
5520.5146
5520.3228
5520.143
5519.8
5519.6997
5519.5005
5519.7734
5523.5747
5519.1514
5519.13
5518.9736
5518.827
5518.708
5518.606
5518.538
5518.5166
5518.7544
5518.6714
5518.4805
5517.8096
5518.2236
5517.665
5517.697
5519.0356
5517.172
5517.0996
5516.868
5516.7935
5517.964
5516.4766
5516.3467
5516.576
5516.0566
5517.6523
5516.4736
5517.344
5516.723
5515.8496
5515.5884
5515.5566
5515.049
5515.7183
5514.861
5515.841
5514.722
5514.897
5514.484
5515.9116
5514.3945
5514.0
5513.8823
5514.0986
5513.746
5513.4663
5513.9736
5514.1924
5513.0444
5512.911
5512.7935
5512.7256
5513.8174
5512.787
5512.7686
5512.209
5512.2036
5512.728
5512.965
5511.661
5511.6484
5511.524
5511.264
5512.5786
5511.6816
5512.0146
5511.436
5510.748
5511.8154
5510.9795
5511.3223
5510.504
5510.345
5509.901
5511.375
5509.918
5509.6226
5509.6646
5509.782
5509.2764
5510.369
5511.7754
5508.9316
5508.8926
5508.9067
5508.5806
5508.4014
5508.336
5508.242
5508.1387
5508.2017
5508.615
5508.276
5507.6
5507.502
5508.287
5509.756
5508.424
5507.0234
5506.8843
5506.676
5506.9395
5506.5015
5506.918
5507.1123
5506.348
5506.007
5506.427
5506.1055
5505.7153
5505.993
5505.4214
5506.9644
5505.4756
5505.388
5504.997
5508.305
5504.981
5504.6763
5504.9062
5504.7476
5504.232
5504.186
5504.7153
5503.9517
5504.0806
5506.058
5503.6924
5503.56
5503.909
5503.5073
5503.444
5503.1274
5502.7744
5502.679
5503.0933
5502.4966
5502.736
5502.2046
5502.088
5501.9614
5501.9067
5502.5024
5501.5537
5501.7964
5503.7983
5501.8765
5501.1772
5502.6934
5501.3564
5500.761
5503.3135
5501.348
5500.524
5500.5107
5500.33
5502.923
5500.5713
5500.1343
5500.0444
5499.8438
5499.6665
5499.394
5499.7393
5499.2104
5500.201
5500.2227
5499.1147
5498.7476
5498.7314
5498.523
5498.4956
5498.4756
5498.2153
5499.2495
5497.9
5497.8467
5499.475
5497.651
5499.499
5497.5205
5497.822
5497.413
5497.8003
5496.888
5497.1763
5496.976
5496.86
5496.31
5496.996
5496.2183
5496.001
5495.8955
5496.24
5496.1978
5496.1562
5495.582
5495.4106
5495.433
5495.4604
5495.3022
5495.5693
5495.861
5495.202
5494.5464
5495.318
5495.8613
5494.103
5494.5576
5494.3735
5493.683
5493.812
5493.875
5493.4087
5493.33
5494.0215
5493.021
5493.235
5492.895
5492.687
5492.58
5492.4575
5492.384
5492.2734
5492.5283
5492.115
5493.74
5493.0464
5491.7104
5491.997
5491.7026
5492.0044
5491.3604
5491.1357
5491.0195
5491.723
5490.6265
5492.024
5490.4443
5490.525
5490.322
5491.4917
5490.0073
5489.858
5489.8306
5489.8926
5490.1865
5490.64
5489.4917
5489.175
5489.0195
5489.3096
5489.003
5488.722
5488.785
5488.637
5488.412
5488.651
5488.3335
5488.012
5487.8457
5488.109
5488.411
5487.6772
5487.3936
5489.4883
5487.6387
5487.686
5487.061
5486.841
5487.286
5486.8076
5488.1953
5486.556
5486.9653
5486.15
5486.058
5486.524
5486.303
5485.6943
5485.8447
5485.5386
5485.9233
5485.1606
5485.066
5484.9766
5484.8374
5484.7993
5484.696
5484.7603
5484.3525
5486.602
5484.249
5484.383
5483.9556
5484.049
5483.7153
5483.6094
5484.6997
5485.65
5483.2534
5484.27
5483.0947
5483.0767
5482.798
5482.87
5484.434
5483.6133
5482.53
5482.474
5482.1836
5482.0664
5482.1904
5482.3877
5481.886
5481.6367
5481.4766
5481.7246
5481.3467
5481.3457
5481.523
5481.042
5482.1465
5482.017
5480.675
5480.556
5480.3564
5480.6816
5480.637
5480.3086
5480.5376
5482.672
5480.2124
5479.692
5479.6494
5479.566
5479.4834
5480.9253
5479.797
5479.4033
5479.991
5479.0796
5479.313
5478.5923
5478.4194
5478.304
5478.9126
5478.1436
5478.9683
5478.3535
5477.9077
5477.731
5478.4653
5477.8237
5477.4116
5477.317
5477.9185
5477.0938
5476.932
5477.362
5476.725
5476.9927
5476.729
5477.1123
5477.0537
5478.6167
5476.075
5476.5947
5476.4126
5475.7485
5475.7495
5475.8765
5475.6865
5475.4404
5475.189
5475.212
5475.144
5476.0435
5474.8643
5474.9478
5474.6436
5475.0977
5474.4854
5475.6777
5474.2617
5474.2866
5474.443
5475.074
5474.062
5473.7173
5473.6367
5473.7188
5474.006
5473.309
5473.3257
5473.2036
5473.0107
5473.0186
5474.001
5473.2856
5472.6367
5472.687
5473.9814
5473.1924
5472.173
5472.0537
5471.982
5472.3247
5471.761
5472.327
5471.5566
5471.438
5471.397
5471.489
5471.34
5471.0625
5471.0146
5470.901
5470.986
5471.0747
5470.737
5470.51
5471.2583
5470.176
5470.6685
5470.362
5470.7573
5469.8833
5470.988
5469.6504
5473.0615
5469.5205
5469.7754
5469.3975
5469.1055
5469.2656
5469.656
5469.2427
5468.807
5468.6313
5468.904
5468.4424
5468.529
5468.6436
5468.2236
5468.1006
5468.018
5467.773
5467.731
5467.995
5467.6606
5467.474
5467.349
5467.216
5467.2173
5468.266
5467.4043
5467.6387
5466.9116
5466.6313
5468.5576
5466.462
5466.6567
5466.411
5466.9644
5466.0586
5465.9473
5465.986
5465.8877
5465.681
5466.1494
5465.455
5465.7153
5466.0337
5465.391
5465.395
5465.497
5464.808
5464.747
5464.6064
5466.2954
5465.494
5464.398
5464.3257
5464.6636
5465.391
5463.9854
5463.9106
5463.8125
5464.2476
5464.086
5463.698
5463.667
5463.578
5463.3374
5463.226
5463.073
5463.4805
5463.061
5462.76
5463.956
5462.554
5462.4644
5462.5034
5462.449
5462.17
5462.303
5462.827
5461.9487
5461.7676
5461.7256
5462.3955
5462.826
5462.153
5461.288
5461.921
5461.032
5461.678
5461.6436
5460.771
5461.3003
5460.66
5460.7637
5461.1587
5460.28
5460.35
5460.1235
5461.39
5459.946
5459.934
5459.889
5459.586
5460.0986
5459.939
5459.6987
5459.7095
5459.7485
5459.005
5458.9204
5458.7793
5458.842
5459.1343
5458.609
5458.4824
5458.8433
5458.353
5458.144
5458.033
5458.2495
5458.09
5458.49
5457.65
5457.649
5457.598
5457.5215
5457.5806
5457.644
5457.136
5456.9854
5456.882
5456.852
5456.7466
5456.632
5457.518
5456.4175
5456.5923
5456.2373
5456.206
5456.114
5456.4214
5455.8823
5456.3716
5455.8125
5457.9434
5457.511
5455.555
5455.3623
5456.821
5456.7065
5455.09
5455.038
5455.681
5454.784
5454.757
5455.5703
5454.695
5454.474
5454.853
5454.2476
5454.1772
5454.1416
5454.331
5454.0312
5453.861
5453.9375
5454.4595
5453.693
5453.5
5453.5186
5453.8
5453.5977
5453.054
5453.549
5452.969
5452.846
5452.826
5452.576
5452.4443
5452.328
5452.696
5452.296
5452.269
5452.3555
5452.0415
5453.0337
5451.961
5451.7783
5451.756
5451.731
5452.0703
5452.0894
5452.7393
5451.396
5451.689
5451.0327
5450.9272
5450.6826
5450.7007
5450.742
5452.033
5450.305
5450.5854
5450.324
5450.138
5450.127
5450.114
5450.343
5449.7764
5449.918
5450.093
5451.086
5449.8047
5449.4033
5449.1245
5449.046
5449.175
5448.882
5448.7817
5448.6978
5448.669
5448.551
5450.2163
5448.715
5448.2593
5448.291
5448.8657
5447.9673
5447.939
5447.801
5447.909
5448.8345
5448.346
5447.4834
5448.4404
5449.144
5448.2876
5447.081
5446.955
5446.9346
5447.12
5446.9004
5446.5713
5446.5054
5446.68
5446.2607
5446.2964
5446.1147
5446.393
5445.936
5449.8135
5445.7197
5445.7407
5445.9253
5445.7656
5446.373
5445.3516
5445.9795
5445.085
5445.2773
5445.334
5444.8706
5444.7896
5446.4595
5444.523
5444.907
5445.522
5444.494
5444.2217
5444.212
5443.9463
5444.427
5444.0967
5443.7095
5443.8184
5443.6333
5445.1206
5444.212
5444.53
5445.1665
5444.136
5443.081
5443.1772
5443.4126
5443.0825
5442.867
5442.6367
5442.6978
5442.629
5442.41
5442.242
5442.2163
5442.078
5441.979
5442.8965
5443.7837
5441.872
5441.4976
5441.5493
5441.3926
5441.3535
5443.009
5441.1577
5441.059
5441.572
5442.0493
5441.9663
5440.861
5440.643
5440.501
5440.5063
5440.421
5441.0776
5440.4634
5440.1016
5440.32
5439.977
5440.1064
5440.506
5439.8535
5439.737
5439.682
5440.235
5439.586
5439.268
5439.5835
5439.3906
5439.7188
5442.1416
5438.9463
5439.391
5439.806
5438.8003
5440.149
5438.545
5438.3467
5438.2007
5438.1104
5437.995
5438.57
5438.911
5438.167
5438.29
5437.738
5437.618
5437.6294
5437.704
5438.44
5437.195
5437.106
5437.2935
5437.6357
5437.465
5436.762
5436.6235
5437.7373
5436.453
5436.3823
5436.7676
5436.5757
5436.503
5436.0503
5435.995
5435.9497
5436.58
5435.7334
5436.2046
5435.969
5435.5005
5435.4062
5435.354
5435.654
5435.188
5435.7524
5435.0166
5435.124
5435.0063
5435.7197
5434.686
5435.089
5435.2993
5434.736
5434.25
5435.304
5434.1123
5434.048
5433.987
5434.062
5433.818
5433.76
5435.5586
5433.686
5433.4634
5433.637
5433.7476
5433.5127
5433.5684
5433.028
5434.382
5432.827
5434.0327
5432.7334
5432.837
5432.5137
5432.3916
5433.602
5432.2627
5433.764
5432.2695
5432.7754
5431.9683
5432.076
5431.6543
5433.8496
5431.497
5431.489
5432.9565
5431.31
5432.4697
5431.1465
5431.016
5431.019
5431.312
5431.7876
5430.67
5430.8345
5430.5513
5430.384
5430.22
5430.575
5430.0796
5429.9834
5430.7163
5430.035
5429.7964
5429.735
5430.1333
5429.51
5429.9824
5429.364
5431.2866
5429.231
5429.1465
5429.054
5428.985
5429.4507
5430.0225
5429.173
5428.6763
5429.08
5428.673
5428.588
5428.53
5428.4097
5428.26
5428.1333
5428.0415
5427.9277
5427.8726
5428.1055
5427.6934
5427.6074
5427.599
5427.435
5427.4434
5427.229
5427.21
5427.279
5427.9243
5427.177
5426.987
5427.629
5427.0825
5426.6772
5427.0093
5426.3765
5426.6377
5426.247
5426.161
5426.0674
5426.3657
5426.1035
5425.9155
5425.8433
5425.9375
5426.2515
5425.5947
5425.4824
5425.5435
5426.824
5427.444
5425.1895
5425.0737
5425.309
5424.9717
5424.8145
5425.3467
5425.296
5425.023
5424.98
5424.9185
5424.3013
5424.4517
5424.157
5425.0596
5423.9517
5423.844
5423.889
5423.784
5423.9395
5423.6694
5424.421
5423.539
5424.3994
5423.3877
5423.8296
5423.294
5423.124
5424.443
5425.199
5422.8926
5423.446
5422.8853
5422.6973
5422.5815
5423.132
5422.4062
5423.375
5422.337
5422.1357
5422.1367
5422.1436
5424.105
5421.8335
5421.9766
5421.731
5421.7495
5421.68
5422.0425
5423.165
5422.271
5421.5464
5423.3325
5421.1035
5421.6753
5421.3457
5421.144
5420.722
5421.3374
5421.0137
5420.7563
5421.115
5420.5215
5421.476
5420.35
5420.2104
5420.3623
5420.213
5421.6504
5422.202
5421.266
5420.7026
5420.0835
5419.6133
5421.2617
5419.957
5419.402
5419.416
5419.246
5419.7866
5419.8003
5418.9785
5419.0903
5418.859
5419.8467
5419.2793
5418.968
5419.623
5418.5767
5418.542
5419.3325
5418.59
5418.1406
5418.0864
5417.9214
5418.1196
5417.78
5417.8115
5419.029
5417.6353
5417.5767
5417.7925
5417.7007
5419.824
5417.2026
5416.963
5417.382
5417.77
5417.1616
5416.737
5417.1064
5416.762
5416.894
5416.4946
5416.395
5416.2627
5416.1616
5416.106
5416.1455
5415.903
5415.914
5415.715
5415.6934
5416.02
5415.5366
5415.5312
5415.7417
5415.236
5415.218
5415.9185
5415.131
5415.0835
5415.1226
5414.76
5414.7393
5414.6626
5415.0195
5414.78
5414.419
5414.638
5414.5615
5414.804
5414.1113
5415.6914
5414.0024
5413.9126
5413.837
5413.796
5413.725
5414.183
5413.573
5413.5776
5413.361
5414.0923
5413.299
5413.398
5413.4707
5413.0146
5412.97
5412.9443
5412.8906
5413.1865
5413.144
5412.5566
5412.42
5412.3916
5413.5425
5412.292
5412.19
5412.072
5412.006
5412.355
5412.0337
5412.3228
5411.864
5411.6753
5411.699
5414.596
5411.536
5411.6255
5411.9473
5411.727
5411.199
5411.227
5411.5474
5411.087
5411.5513
5411.024
5412.2705
5411.591
5410.512
5410.416
5410.583
5411.483
5410.376
5410.1816
5410.0996
5410.0776
5409.9688
5410.5225
5410.8604
5411.7124
5410.805
5409.768
5410.1123
5411.0156
5413.23
5409.3174
5409.299
5409.4673
5409.3384
5409.3604
5409.092
5409.1465
5409.027
5408.91
5408.704
5408.8774
5408.5737
5408.891
5408.4565
5408.3237
5408.679
5408.3975
5408.137
5408.0444
5408.0386
5408.024
5407.8706
5409.0933
5407.853
5407.6353
5407.6094
5407.4707
5407.5063
5407.424
5407.4136
5409.594
5407.4766
5407.078
5406.9307
5406.849
5408.3843
5407.2656
5407.6885
5406.9424
5406.504
5409.5713
5406.598
5406.2876
5406.269
5406.1733
5406.843
5407.185
5406.073
5405.9556
5406.7866
5406.248
5405.649
5405.83
5406.553
5405.5713
5405.3447
5406.102
5405.374
5405.025
5405.1685
5404.854
5404.826
5404.7837
5406.2227
5405.183
5404.8145
5404.5005
5404.6367
5404.4854
5404.2534
5405.229
5404.839
5404.0195
5403.964
5404.4253
5403.8975
5404.8926
5403.9556
5405.103
5403.869
5404.598
5403.5713
5403.4917
5403.3423
5403.2773
5403.213
5403.71
5403.3267
5403.686
5403.093
5402.8784
5402.8013
5402.7305
5402.9824
5402.5596
5402.863
5402.3594
5402.461
5402.5083
5402.3164
5402.1777
5402.1577
5402.1084
5403.7866
5401.7393
5401.711
5401.627
5401.611
5401.6797
5401.9683
5401.3237
5401.9263
5401.855
5401.162
5402.9507
5400.8833
5400.9487
5400.8286
5401.1255
5400.961
5401.218
5400.571
5400.4585
5400.508
5400.2876
5400.2803
5400.1147
5400.053
5400.068
5400.3345
5400.459
5399.785
5399.7305
5402.3765
5399.6235
5399.422
5399.4565
5399.8687
5399.248
5399.2217
5399.095
5400.5273
5399.604
5399.198
5399.0547
5398.7744
5398.744
5398.598
5398.711
5398.4683
5399.072
5399.273
5398.349
5398.3193
5398.6
5398.2524
5398.131
5398.624
5397.9795
5397.956
5397.849
5397.7344
5397.909
5397.936
5398.967
5397.4517
5397.3276
5398.836
5397.2188
5397.102
5399.122
5397.2583
5396.9873
5397.365
5396.6714
5396.6133
5397.3887
5396.487
5396.6147
5396.4307
5398.378
5396.409
5396.16
5396.055
5396.0127
5395.857
5396.2695
5396.238
5395.7188
5398.3574
5395.5127
5395.435
5395.486
5395.391
5395.247
5396.199
5395.4688
5395.2764
5395.146
5394.9663
5394.914
5394.8174
5395.3384
5395.45
5394.713
5394.873
5394.5386
5395.1543
5394.388
5394.3984
5394.32
5395.3535
5394.3823
5394.005
5393.97
5393.893
5394.0244
5393.8345
5393.7646
5393.6665
5394.5107
5394.03
5397.099
5394.5996
5393.548
5393.4795
5393.793
5393.265
5393.385
5395.269
5393.221
5392.9336
5392.957
5392.834
5392.972
5392.8784
5393.971
5392.5044
5392.405
5394.738
5392.6753
5393.178
5392.099
5392.551
5391.9434
5391.8887
5392.796
5391.915
5392.7373
5391.7246
5392.5254
5393.931
5391.3604
5391.8364
5391.4805
5391.188
5391.655
5391.0586
5391.545
5391.1655
5390.9087
5391.421
5391.224
5390.962
5390.668
5391.348
5390.5117
5390.7197
5390.444
5390.809
5390.767
5390.6987
5390.138
5390.0703
5390.684
5390.03
5390.4556
5390.1187
5389.792
5390.423
5389.911
5389.5522
5389.5547
5389.4595
5389.4897
5389.337
5389.3916
5389.1865
5389.3965
5389.093
5389.673
5389.91
5389.063
5389.24
5389.981
5389.3687
5388.7534
5390.462
5390.678
5389.121
5388.952
5388.545
5388.2017
5388.1816
5388.347
5388.0474
5388.617
5388.018
5387.9478
5387.8203
5387.901
5388.478
5387.6284
5388.924
5387.614
5387.423
5387.5205
5387.5273
5388.2085
5387.888
5387.906
5387.28
5387.6333
5389.138
5387.167
5387.3965
5386.734
5386.7046
5386.642
5386.619
5386.6074
5386.502
5387.185
5386.3735
5386.721
5386.233
5386.3105
5386.1367
5386.072
5386.335
5385.917
5385.8945
5386.0356
5385.8345
5385.85
5385.701
5385.555
5385.8843
5385.9575
5385.3853
5385.3594
5385.41
5385.1904
5385.6343
5385.005
5385.0317
5385.1074
5385.028
5386.168
5385.0303
5384.857
5385.882
5384.622
5384.7725
5384.719
5384.6553
5384.27
5384.9067
5384.145
5384.307
5384.2495
5384.0176
5384.3667
5384.6665
5383.7324
5383.7124
5384.3916
5383.615
5383.4727
5383.594
5384.065
5383.5522
5383.306
5383.991
5383.1377
5383.056
5383.0127
5383.1216
5383.104
5383.5625
5382.681
5382.6655
5382.5493
5382.81
5382.567
5382.8174
5382.398
5382.6426
5382.282
5382.2754
5382.1313
5383.112
5382.0674
5382.051
5381.9375
5382.177
5382.3516
5382.395
5384.266
5381.775
5382.6216
5381.512
5382.0693
5381.5874
5381.479
5381.2686
5382.2134
5381.106
5381.3745
5381.9097
5382.321
5380.787
5380.96
5381.0415
5380.872
5380.588
5380.6704
5380.7993
5380.3677
5380.3105
5380.334
5380.1606
5381.838
5380.6064
5379.952
5380.0874
5380.13
5379.7944
5380.8086
5379.848
5379.63
5379.56
5379.766
5379.493
5380.632
5379.761
5379.236
5379.232
5379.1904
5379.076
5379.045
5379.804
5379.1963
5379.844
5379.116
5378.7197
5378.569
5380.486
5378.538
5378.965
5378.494
5378.4062
5378.392
5378.699
5378.249
5378.0864
5378.055
5377.98
5378.213
5377.827
5377.9365
5377.9473
5377.6865
5377.587
5378.0156
5377.5576
5377.438
5377.634
5377.2725
5377.2295
5377.2583
5377.4365
5377.7754
5377.0215
5376.978
5376.915
5377.0317
5377.4653
5376.742
5376.9585
5377.6265
5376.584
5376.4556
5376.515
5376.346
5376.5215
5376.29
5376.156
5377.069
5376.4473
5376.0957
5375.8853
5377.308
5376.5635
5375.726
5376.0806
5375.825
5375.665
5375.698
5375.547
5376.194
5376.845
5375.3516
5375.329
5375.8115
5375.2676
5375.9536
5375.0786
5375.3076
5375.016
5375.0903
5375.269
5374.812
5375.3564
5374.6973
5374.619
5374.6045
5374.5703
5375.604
5374.495
5374.6294
5374.2734
5374.187
5374.1343
5374.147
5374.0664
5374.157
5373.967
5373.8047
5374.194
5374.35
5373.727
5373.681
5373.829
5373.6997
5373.5347
5373.4575
5373.4253
5373.1694
5373.7773
5373.995
5373.308
5373.3984
5372.867
5373.4736
5372.7627
5372.892
5372.802
5373.107
5372.6885
5372.5186
5372.5215
5372.3735
5372.839
5372.4424
5372.2725
5372.1904
5372.2383
5372.5903
5372.0625
5373.699
5372.009
5371.9434
5372.1675
5372.092
5371.5776
5372.2676
5371.572
5371.601
5371.3755
5371.736
5372.544
5371.2954
5371.426
5371.064
5371.501
5371.9116
5371.3364
5370.8535
5370.8022
5370.86
5370.7944
5371.432
5372.0063
5370.512
5370.531
5370.3594
5370.323
5370.846
5370.1943
5370.4614
5370.075
5370.3457
5369.924
5369.8745
5369.9434
5369.7607
5369.6396
5370.0933
5369.667
5369.5483
5369.481
5369.625
5371.218
5369.3354
5369.6465
5369.393
5369.159
5369.108
5372.3994
5369.0835
5368.9014
5369.406
5368.8667
5368.909
5368.8853
5368.741
5368.6987
5368.537
5368.927
5369.342
5368.354
5368.7188
5368.6255
5368.6387
5368.3076
5368.1445
5368.063
5367.9873
5368.074
5367.8687
5367.83
5367.775
5367.728
5367.6387
5367.646
5367.709
5367.5693
5367.451
5367.4194
5367.7163
5367.3486
5367.3613
5367.514
5367.0767
5367.2603
5366.9473
5367.4067
5366.9907
5367.145
5368.283
5366.6494
5367.6304
5366.925
5366.472
5366.6265
5366.3696
5367.036
5366.488
5366.6206
5366.5586
5367.481
5365.98
5365.9375
5366.206
5366.088
5365.7876
5365.801
5365.674
5365.8906
5365.632
5365.7134
5368.0244
5365.4155
5365.8496
5365.878
5365.2314
5365.456
5365.622
5365.145
5365.395
5365.818
5364.9434
5364.8574
5365.342
5364.9067
5364.699
5364.965
5364.768
5364.552
5364.5293
5365.695
5364.3223
5364.275
5364.9
5365.137
5364.162
5364.025
5364.4688
5364.5586
5363.941
5364.011
5364.038
5363.747
5363.5815
5363.516
5363.4805
5363.4146
5363.3394
5364.618
5363.325
5363.376
5364.3506
5363.4985
5363.4966
5363.351
5364.217
5363.229
5364.3545
5362.7773
5362.717
5365.338
5362.6255
5362.606
5362.737
5362.451
5363.209
5362.2734
5362.2754
5362.1714
5362.998
5362.1646
5362.163
5362.072
5361.966
5361.9365
5362.0967
5362.21
5362.075
5362.578
5362.288
5361.6665
5361.5605
5361.9385
5361.4697
5361.4263
5361.7207
5361.307
5361.307
5361.214
5361.165
5361.132
5361.1533
5362.875
5360.901
5361.0996
5360.8486
5360.722
5360.6343
5361.754
5360.529
5360.5737
5360.468
5361.297
5360.412
5360.411
5360.9785
5360.275
5360.1895
5360.185
5360.6265
5360.437
5361.315
5360.307
5359.9106
5359.9956
5360.6064
5360.3687
5359.6753
5359.6523
5359.576
5359.7036
5362.1646
5359.423
5359.555
5359.436
5359.4033
5359.6206
5359.113
5359.0557
5359.3965
5360.3613
5358.8516
5359.151
5358.8643
5359.3613
5359.6416
5358.583
5358.8354
5358.7866
5358.66
5359.194
5358.4087
5358.6987
5358.53
5358.5605
5358.4287
5359.5103
5358.062
5358.301
5357.9395
5358.14
5357.8735
5359.184
5357.7544
5357.6494
5357.793
5357.6377
5358.2266
5357.402
5357.373
5357.3086
5357.192
5357.147
5357.3926
5357.3857
5357.129
5357.039
5356.856
5356.9927
5356.8296
5356.906
5356.7617
5357.269
5356.6533
5356.5444
5356.5215
5356.4536
5356.8555
5356.433
5356.824
5356.885
5358.4155
5356.3896
5356.1567
5356.463
5356.091
5356.0566
5356.367
5356.331
5355.9043
5355.8423
5355.9536
5355.6978
5355.857
5355.801
5356.424
5355.52
5357.6587
5355.61
5355.912
5356.6187
5355.284
5355.226
5357.3154
5355.2954
5355.7773
5355.209
5356.149
5356.2183
5355.071
5355.4346
5354.7847
5355.2295
5354.6284
5354.7485
5354.566
5354.6123
5354.3706
5354.291
5354.419
5354.4565
5354.317
5355.49
5354.214
5354.147
5354.0435
5353.897
5354.5405
5354.467
5353.806
5353.933
5353.923
5353.8496
5354.455
5354.5303
5353.8755
5353.4043
5353.52
5353.6772
5353.57
5353.5547
5354.693
5354.415
5353.3022
5353.26
5353.219
5353.835
5353.2285
5352.935
5352.982
5353.2075
5352.7446
5352.7046
5352.762
5352.6836
5352.8813
5353.266
5352.531
5352.5337
5353.1597
5353.314
5352.251
5352.3994
5352.096
5352.104
5352.0615
5352.193
5351.972
5351.947
5351.916
5352.433
5351.9937
5354.45
5352.277
5351.706
5351.7056
5351.558
5351.449
5351.733
5351.438
5351.2886
5351.4243
5351.2734
5351.6035
5351.1387
5351.037
5351.649
5351.356
5350.9443
5351.495
5350.8477
5351.778
5351.586
5350.666
5352.775
5350.5283
5350.457
5350.383
5350.4795
5350.4507
5350.29
5350.4814
5350.5024
5350.5063
5350.138
5350.507
5349.9385
5350.3037
5349.995
5349.8594
5349.8384
5349.7275
5349.7407
5349.8164
5350.233
5349.667
5349.8843
5351.87
5349.4653
5349.5166
5349.7046
5349.4146
5350.454
5349.1196
5349.103
5349.1274
5349.0654
5349.542
5349.0054
5349.1577
5349.921
5348.757
5348.977
5349.646
5349.1885
5348.552
5348.476
5349.546
5348.4053
5348.4375
5348.9136
5348.258
5348.6523
5348.8647
5348.1353
5348.168
5348.8647
5347.929
5347.9287
5347.978
5348.773
5347.9907
5347.7036
5347.779
5347.65
5349.3154
5347.5117
5347.4937
5347.5405
5347.5815
5348.2637
5347.7373
5348.0747
5347.555
5347.064
5347.1025
5346.981
5346.9805
5347.3384
5347.044
5346.814
5346.7783
5346.7036
5346.8936
5347.087
5346.661
5346.8013
5346.7217
5347.1953
5346.877
5348.6763
5346.369
5346.357
5346.3237
5346.351
5346.483
5346.642
5347.0
5346.563
5346.822
5346.1045
5346.531
5346.65
5345.781
5345.9683
5345.877
5346.146
5346.8057
5345.6763
5345.599
5345.707
5345.3955
5345.926
5345.3467
5345.3774
5345.712
5345.1636
5345.1562
5345.085
5345.472
5345.7065
5345.358
5345.089
5344.9136
5345.1343
5344.8276
5345.176
5344.6353
5344.5913
5345.4243
5344.5825
5344.4126
5344.539
5345.4824
5344.4697
5344.299
5344.76
5344.1963
5344.455
5344.248
5344.2847
5344.4526
5343.953
5343.856
5344.3447
5343.946
5344.0566
5343.722
5343.8535
5343.622
5343.592
5343.6704
5343.5493
5343.7515
5343.3516
5343.281
5343.221
5343.1953
5343.1016
5343.32
5343.0415
5343.127
5342.9507
5343.0303
5343.0034
5343.398
5343.0884
5342.7446
5342.7275
5342.994
5342.56
5342.509
5343.245
5342.4346
5342.4873
5342.387
5342.343
5343.671
5342.2515
5343.02
5344.8047
5342.562
5342.477
5342.2563
5342.108
5341.89
5341.949
5342.0386
5341.7417
5341.98
5342.296
5342.1475
5342.112
5341.699
5342.205
5341.45
5341.409
5341.836
5342.1772
5341.168
5341.1675
5342.4043
5341.011
5342.189
5341.735
5342.055
5341.22
5340.8613
5340.9214
5341.322
5340.8716
5340.932
5342.1475
5340.6113
5340.9116
5340.5317
5340.7583
5340.5786
5341.14
5340.317
5340.2466
5340.6245
5342.882
5340.983
5340.0303
5341.1665
5341.3022
5340.113
5341.2554
5339.7817
5339.771
5339.9272
5339.7803
5339.638
5339.782
5339.888
5339.854
5339.8047
5339.404
5340.7744
5339.8804
5339.235
5339.431
5339.2935
5339.167
5340.471
5339.065
5339.395
5339.4805
5339.114
5339.04
5340.9067
5338.9785
5339.322
5339.9814
5339.227
5338.734
5338.8047
5338.9995
5338.543
5338.938
5340.2886
5338.5786
5338.7188
5338.5415
5338.279
5338.8765
5338.401
5338.885
5338.527
