9724.058
9102.196
8273.832
7442.605
6715.0415
6127.3027
5599.036
5158.677
4827.2017
4527.4077
4268.896
4056.423
3886.482
3722.7046
3596.8164
3466.2358
3372.5537
3306.975
3204.8584
3173.4653
3099.6672
3043.626
3005.4407
2958.1846
2932.4758
2906.1672
2875.9873
2865.9868
2841.9243
2825.0164
2804.053
2787.1252
2831.3823
2772.6658
2784.8164
2746.0286
2759.0298
2755.2896
2735.619
2742.4424
2750.7568
2721.5547
2716.3455
2727.7383
2720.6182
2710.3623
2709.3713
2700.3616
2703.4414
2687.6533
2687.2205
2688.7578
2676.5679
2702.4402
2672.9954
2683.3887
2671.148
2688.5632
2687.947
2688.173
2667.8972
2663.6865
2662.4941
2667.7012
2661.496
2687.739
2656.8777
2665.217
2648.4507
2647.5444
2653.9006
2637.0193
2653.6477
2652.0566
2643.892
2635.746
2654.034
2637.0188
2631.7449
2635.4766
2635.6477
2638.1428
2641.2856
2659.1194
2640.4722
2623.1821
2637.468
2623.5342
2627.1475
2642.2134
2619.694
2622.5774
2630.569
2640.862
2614.1843
2620.5186
2619.8945
2624.8154
2605.9714
2616.0037
2609.8596
2609.2153
2606.5347
2614.758
2627.1106
2617.9905
2599.137
2624.641
2604.299
2598.2332
2600.5369
2621.7349
2614.7039
2594.7666
2592.5364
2599.542
2629.6265
2582.4238
2604.012
2590.1746
2596.0088
2610.3118
2599.521
2592.9773
2593.8955
2584.2546
2581.315
2592.2065
2613.8115
2602.8372
2592.2617
2592.6172
2605.1404
2582.6157
2623.8105
2605.7136
2579.4854
2580.7007
2584.1523
2576.564
2580.1006
2585.428
2578.1992
2593.5195
2589.7625
2582.0588
2576.812
2568.8362
2573.8303
2568.878
2593.9062
2570.5657
2605.9282
2571.3298
2589.4443
2591.4165
2575.6826
2578.2693
2570.6987
2576.7607
2574.567
2589.5989
2574.2456
2569.373
2567.672
2568.0598
2581.3877
2566.795
2587.459
2565.957
2567.7444
2576.26
2565.01
2576.1921
2585.083
2573.145
2577.0146
2570.4822
2585.1042
2578.363
2567.786
2566.295
2574.0923
2583.7725
2576.957
2564.0872
2589.2322
2567.6057
2563.6865
2578.9268
2569.6372
2578.2117
2587.3574
2569.3
2562.6755
2586.4265
2584.743
2600.4243
2566.5232
2574.2268
2567.0913
2560.557
2567.0522
2559.498
2557.4087
2570.7175
2577.1086
2566.9644
2559.6472
2568.2952
2580.8948
2562.1409
2558.9243
2564.543
2628.9338
2560.0088
2562.6797
2571.8794
2558.1829
2562.9387
2557.5305
2567.7678
2566.0447
2563.8684
2557.6147
2599.2612
2562.9985
2552.6663
2561.9587
2567.7107
2565.5706
2571.9417
2567.568
2567.6914
2565.0864
2581.146
2562.6577
2557.3633
2559.8462
2564.643
2563.7253
2564.3032
2572.233
2560.1018
2551.5916
2556.2168
2554.7449
2562.0032
2576.0994
2554.8945
2559.4248
2596.5942
2559.2708
2556.3438
2556.5435
2564.5454
2551.557
2549.9238
2575.737
2555.684
2574.2566
2565.1116
2563.6775
2563.3938
2550.6665
2558.9697
2591.8513
2546.601
2571.4434
2550.429
2553.081
2548.3816
2561.5083
2552.883
2545.8867
2550.4492
2574.8396
2567.6936
2542.036
2547.3523
2545.1602
2562.7566
2549.6458
2582.5452
2552.5823
2559.3438
2543.1685
2579.1057
2547.1833
2549.5022
2552.0107
