10027.525
9989.022
9948.457
9905.883
9858.694
9809.982
9760.726
9711.137
9660.9795
9610.279
9560.8545
9512.409
9463.624
9415.908
9370.032
9326.033
9280.708
9237.407
9196.088
9155.13
9114.38
9075.516
9037.7295
9000.434
8963.954
8928.616
8894.786
8859.526
8826.017
8793.439
8762.508
8730.365
8700.635
8669.653
8640.756
8611.679
8583.907
8555.829
8528.219
8501.774
8475.678
8450.164
8423.396
8399.169
8373.72
8349.515
8325.204
8301.709
8278.068
8254.964
8235.316
8210.213
8187.8706
8166.0835
8145.927
8123.0923
8101.869
