9331.128
7698.4014
6286.8687
5363.8506
4679.1304
4281.006
3895.997
3612.4814
3453.2207
3266.749
3151.8213
3052.9104
2986.831
2977.1194
2987.02
2898.7056
2832.2673
2827.8271
2827.2441
2839.22
2773.4517
2774.5068
2779.1787
2778.2922
2752.4062
2760.5923
2714.8696
2741.8823
2701.8865
2703.3838
2695.4966
2720.999
2688.109
2721.225
2721.4807
2688.5134
2662.16
2684.4429
2690.7146
2720.8345
2713.789
2706.5225
2668.4246
2660.0315
2679.765
2687.0713
2712.5876
2655.4124
2646.4421
2665.437
2723.778
2659.8242
2671.9998
2657.099
2680.1458
2674.4138
2645.2932
2671.4644
2684.9282
2708.476
2639.1135
2696.7153
2668.369
2635.4543
2646.4778
2640.0146
2662.695
2694.9617
2648.4368
2644.1733
2622.0386
2646.457
2627.4287
2631.946
2639.323
2679.5864
2669.075
2650.984
2618.7798
2617.2234
2687.688
2633.5825
2602.2869
2640.0142
2658.3796
2626.1443
2610.5688
2620.2278
2604.6775
2631.3015
2603.086
2606.3743
2628.7908
2590.2896
2603.4924
2605.9827
2602.9697
2608.2747
2593.261
2590.8032
2620.0776
2593.7256
2640.4424
2576.6536
2596.318
2581.3284
2570.6812
2621.2632
2643.0237
2576.232
2608.5457
2557.0603
2595.4019
2647.9565
2596.3877
2626.9277
2598.9734
2560.239
2652.997
2598.0417
2597.9253
2572.0645
2597.407
2578.784
2636.9353
2573.0696
2569.5215
2568.9626
2610.454
2604.4463
2586.9194
2585.454
2596.383
2575.794
2583.9321
2560.1409
2568.251
2593.0828
2558.7395
2595.824
2669.5742
2599.6443
2574.2783
2562.3298
2573.7686
2642.5476
2586.631
2574.9795
2691.974
2768.0374
2564.9827
2567.3362
2571.4727
2598.8792
2615.257
2571.048
2574.139
2568.6782
2615.965
2663.4678
2562.6453
2564.0872
2578.6643
2567.8994
2567.4875
2608.03
2561.6453
2629.9119
2549.7532
2589.5103
2561.1777
2588.5847
2561.611
2561.2354
2571.4453
2567.9143
2567.8489
2555.723
2583.5117
2619.7583
2596.23
2570.6897
2572.4438
2564.9607
2550.7812
2555.6064
2576.7778
2555.7383
2547.3909
2623.9204
2579.3594
2556.7505
2566.8877
2561.1125
2598.0593
2563.058
2581.626
2546.8977
2559.738
2551.4812
2569.334
2552.7073
2544.8147
2598.109
2547.2288
2554.869
2577.078
2570.2751
2586.6128
2566.7449
2571.4426
2557.6226
2556.2854
2571.7979
2578.6282
2559.764
2606.566
2569.0889
2593.4832
2548.42
2553.3538
2623.5347
2592.9758
2553.0537
2540.1233
2589.6577
2578.7483
2624.5388
2573.4724
2587.797
2589.9583
2568.9006
2615.2708
2556.9968
2653.3196
2576.6328
2594.1062
2599.2722
2558.709
2548.739
2587.7532
2556.2332
2565.9453
2547.2083
2547.617
2577.5723
2617.4077
2557.274
2569.6855
2546.9644
2667.3057
2537.4927
2571.5295
2595.0027
2532.9756
2544.092
2565.6477
2567.505
2548.5151
2569.476
2578.7627
2552.6445
2637.5
2570.895
2587.9448
2564.8223
2553.7134
2564.8115
2540.61
2550.605
2571.2834
2549.885
2575.6003
2563.7432
2581.463
2550.525
2588.929
2561.4868
2553.9607
2605.3904
2559.4666
2578.013
2546.3303
2545.9045
2581.016
2544.1604
2583.5908
2549.7112
2541.9282
2551.8313
2605.0542
2565.816
2548.9563
2565.106
2562.5117
2559.812
2541.7375
2577.5115
2534.3
2572.2332
2572.6587
2554.904
2561.392
2579.8494
2545.8174
2546.918
2548.972
2579.4304
2568.7178
2598.9106
2557.476
2580.722
2551.223
2559.9429
2579.6243
2553.7463
2542.9949
