10053.234
10043.988
10036.331
10029.721
10026.301
10019.831
10013.354
10007.911
10002.45
9997.188
9992.51
9987.497
9980.8955
9976.1875
9970.273
9965.284
9960.104
9954.904
9947.979
9941.392
9935.671
9929.723
9923.26
9916.764
9911.689
9905.629
9900.167
9894.108
9888.162
9880.97
9874.954
9867.937
9861.791
9855.254
9848.855
9841.302
9834.646
9828.122
9821.499
9814.005
9806.597
9799.397
9793.269
9785.007
9777.658
9770.006
9763.552
9756.686
9747.595
9739.912
9732.013
9724.507
9715.706
9708.503
9699.362
9691.748
9683.113
9675.088
9666.237
9658.713
9649.919
9641.293
9631.868
9622.949
9614.114
9606.461
9598.145
9589.287
9580.015
9571.499
9562.818
9554.015
9543.621
9533.57
9524.047
9514.115
9504.612
9493.618
9482.916
9472.021
9461.675
9450.008
9442.16
9430.558
9419.403
9408.525
9397.925
9386.513
9375.19
9363.629
9351.614
9339.28
9329.01
9314.635
9304.331
9292.208
9280.325
9266.331
9254.533
9243.672
9230.962
9219.401
9206.607
9192.439
9180.046
9167.906
9157.952
9138.967
9129.252
9117.3125
9102.251
9090.265
9076.709
9062.942
9051.123
9035.792
9022.128
9011.92
8998.643
8988.577
8970.086
8961.815
8946.149
8932.143
8921.275
8911.926
8897.051
8886.164
8868.856
8854.895
8845.98
8830.579
8817.044
8803.743
8789.724
8772.911
8758.827
8748.126
8731.099
8718.971
8708.975
8697.74
8679.198
8663.198
8651.566
8637.479
8624.005
8612.678
8598.512
8581.36
8573.178
8563.07
