10053.977
10037.559
10020.257
9998.935
9973.299
9941.621
9902.867
9854.533
9796.602
9729.085
9646.163
9550.758
9438.141
9309.427
9164.382
9004.966
8835.83
8657.493
8471.206
8283.335
8093.0234
7904.1426
7716.536
7530.1895
7347.4595
7166.926
6991.9175
6818.727
6648.876
6482.5376
6321.958
6167.6914
6013.538
5865.844
5723.4414
5581.9697
5446.849
5316.389
5185.8735
5058.706
4938.557
4818.863
4700.2256
4586.8936
4476.8564
4368.5005
4268.877
4161.1084
4060.6511
3962.384
3866.4104
3773.4236
3679.7197
3591.5112
3503.381
3422.4001
3338.4868
3255.6035
3176.9968
3107.0762
3030.2588
2953.62
2880.9365
2811.1345
2743.1301
2679.3804
2615.1145
2554.3416
2494.8323
2439.7
2376.9077
2325.025
2269.445
