10069.652
10061.493
10054.781
10052.189
10048.144
10044.954
10041.51
10038.457
10036.04
10033.212
10030.333
10027.654
10025.407
10022.853
10020.345
10017.823
10015.119
10012.701
10010.273
10007.693
10004.964
10002.429
9999.723
9997.368
9994.654
9991.48
9988.464
9985.68
9983.279
9980.309
9978.056
9975.3545
9972.311
9969.457
9967.07
9964.009
9960.839
9958.243
9954.905
9951.744
9949.287
9945.992
9942.392
9939.733
9936.555
9933.4795
9930.18
9926.853
9922.536
9918.495
9914.411
9910.311
9905.881
9901.643
9897.851
9893.443
9888.753
9884.544
9879.681
9875.556
9870.596
9865.879
9860.409
9855.439
9851.254
9845.375
9841.029
9835.058
9827.559
9822.358
9816.688
9810.106
9804.932
9798.245
9792.439
9786.565
9781.008
9774.508
9767.715
9761.753
9755.195
9748.832
9741.955
9735.963
9729.157
9722.752
9717.474
9709.858
9702.997
9696.834
9689.462
9683.416
9675.799
9668.042
9661.663
9654.685
9647.986
9639.088
9633.629
9624.218
9617.434
9610.2
9603.557
9595.962
9590.072
9583.007
9575.267
9568.207
9560.41
9553.339
9546.508
9537.712
9529.75
9522.023
9514.378
9506.342
9497.758
9491.4375
9484.243
9474.575
9467.223
9458.953
9451.432
9442.658
9435.125
9427.523
9419.6045
9411.674
9403.961
9395.862
9388.4
9380.541
9372.01
9364.3545
9357.254
9348.707
9340.644
9333.564
9325.339
9317.9
9310.262
9300.702
9292.795
9285.039
9276.957
9268.364
9260.403
9252.881
9244.396
9235.362
9225.612
9218.621
9211.549
9202.504
9195.915
9186.337
9179.052
9171.646
9164.378
9155.805
9147.606
9139.096
9131.146
9123.741
9115.455
9108.52
9100.845
9094.472
9085.569
9076.376
9069.894
