10091.576
10084.0
10077.324
10071.443
10068.132
10064.407
10061.487
10058.994
10058.166
10054.386
10052.405
10049.819
10048.526
10046.954
10044.6045
10042.894
10041.503
10039.991
10038.387
10036.48
10035.044
10033.264
10030.976
10028.961
10027.331
10025.144
10023.465
10021.762
10020.304
10018.882
10016.87
10015.284
10013.326
10011.542
10009.09
10006.733
10004.702
10003.209
10001.335
9999.008
9997.474
9994.416
9992.993
9990.29
9987.858
9985.848
9984.005
9981.377
9979.739
9977.295
9974.934
9972.662
9970.548
9967.984
9964.881
9962.636
9960.41
9957.4
9955.684
9953.36
9951.041
9948.022
9944.687
9942.861
9939.445
9936.979
9933.96
9931.674
9929.5205
9927.112
9923.902
9920.731
9918.825
9915.229
9912.378
9909.734
9907.143
9903.412
9900.702
9897.576
9894.078
9892.128
9889.294
9886.532
9883.705
9879.724
9877.753
9873.941
9870.766
9868.412
9864.703
9862.37
9859.855
9855.822
9852.513
9848.962
9846.913
9843.295
9839.453
9835.974
9832.887
9828.701
9825.009
9823.767
9819.784
9815.264
9813.93
9810.434
9806.696
9801.78
9799.433
9797.852
9792.891
9788.087
9787.062
9781.825
9777.2295
9774.853
9771.117
9767.039
9765.532
9760.735
9757.027
9754.572
9749.226
9746.265
9743.306
9741.61
9735.165
9732.3545
9729.228
9725.884
9720.92
9718.725
9716.428
9711.641
9706.64
9702.872
9700.28
9695.7295
9692.407
9687.341
9684.498
9680.551
9677.524
9674.706
9670.517
9667.663
9665.079
9658.825
9653.559
9650.178
9645.935
9641.248
9636.03
9633.886
9630.519
9624.997
9622.042
9620.159
9616.724
9613.625
9606.508
9605.789
9600.117
9595.629
9589.399
9587.79
9584.586
9576.869
9570.94
9568.35
9563.721
9562.85
9556.382
9554.281
9550.526
9546.288
9540.809
9539.03
9532.685
9528.75
9525.486
9521.502
9517.9795
9511.372
9508.777
9503.3545
9500.291
9494.488
9491.795
9487.321
9482.475
9480.469
9474.039
9468.902
9465.15
9462.882
9456.517
9452.683
9447.784
9443.864
9439.009
9438.754
9432.9795
9427.862
9426.84
9419.33
9415.804
9411.361
9408.679
9403.421
9401.53
9394.641
9390.543
9385.025
9385.216
9377.05
9374.963
9368.491
9365.399
9361.439
9359.424
9352.6045
9350.145
9345.777
9340.829
9335.177
9330.773
9328.476
9322.129
9322.88
9319.317
9317.004
9312.877
9306.919
9302.861
9297.804
9293.061
9291.576
9283.785
9280.254
9277.442
9276.652
9268.523
9267.674
9261.215
9258.674
9253.39
9252.217
9245.097
9243.522
9236.408
9235.425
9233.172
9225.766
9220.576
9219.499
9215.263
9208.588
9205.879
9202.906
9203.423
9199.207
9194.747
9186.34
9185.93
9180.45
9178.919
9173.901
9169.703
9170.34
9159.399
9160.968
9157.18
9153.956
9148.714
9146.937
9143.497
9140.786
9137.407
9134.676
9126.272
9119.725
9118.262
9114.298
9106.527
9104.344
9103.087
9098.18
9097.662
9092.008
9088.194
9088.054
9083.515
9077.923
9077.966
9074.132
9066.807
9063.957
9061.058
9058.355
9054.884
9055.528
9047.688
9045.829
9045.075
9039.425
9036.817
9030.619
9027.202
9023.271
9027.29
9020.262
9018.128
9013.511
9009.13
9007.684
9008.265
9002.183
8998.799
8999.686
8993.016
8988.197
8985.782
8981.13
8976.45
8975.842
8973.138
8971.86
8969.103
8966.423
8963.374
8963.516
8953.068
8950.385
8945.069
8942.753
8941.654
8935.777
8936.338
8930.78
8929.762
8922.954
8925.816
8916.295
8915.362
8913.216
8914.047
8906.123
8904.114
8900.172
8897.484
8891.274
8895.794
8890.849
8890.566
8882.236
8883.85
8882.287
8876.884
8878.721
8875.037
8870.727
8868.542
8862.299
8863.801
8858.542
8859.362
8854.226
8845.751
8848.031
8846.292
8841.654
8841.651
8836.91
8836.518
8833.076
8828.043
8823.755
8823.319
8820.236
8815.514
8812.241
8810.8545
8805.431
8804.735
8802.76
8801.269
8802.182
8797.569
8792.085
8791.409
8790.227
8784.715
8785.247
8782.734
8779.175
8780.734
8771.806
8773.187
8769.142
8768.019
8764.674
8761.604
8760.314
8757.948
8754.422
8752.025
8749.743
8745.669
8744.971
8741.938
8741.906
8736.829
8734.13
8730.794
8728.276
8725.477
8723.089
8726.965
8720.631
8717.6875
8717.633
8712.63
8707.262
8705.721
8706.701
8705.785
8705.5205
8704.855
8699.493
8696.215
8691.225
8691.378
8689.851
8683.087
8684.165
8684.42
8680.16
8680.141
8676.96
8673.896
8670.64
8675.069
8671.816
8664.443
8662.141
8658.267
8654.968
8652.686
8649.916
8648.472
8647.831
8645.192
8648.024
8641.348
8643.513
8637.134
8634.35
8636.853
8633.337
8631.513
8628.023
8626.3125
8621.597
8623.485
8616.485
8614.595
8612.68
8614.316
8616.389
8610.92
8607.729
8606.111
8609.645
8605.045
8600.076
8600.867
8598.473
8597.54
8594.647
8594.294
8590.593
8587.163
8584.1
8581.644
8582.08
8579.505
8577.1455
8576.28
8576.801
8573.372
8574.383
8569.499
8565.49
8563.19
8564.419
8561.46
8560.258
8563.516
8556.374
8552.703
8551.595
8554.885
8549.075
8547.791
8546.142
8546.104
8540.059
8539.681
8537.915
8534.67
8533.984
8530.257
8528.61
8528.446
8524.632
8527.044
8524.28
8523.152
8522.24
8519.034
8517.862
8512.89
8509.215
8509.456
8509.988
8509.852
8508.853
8504.446
8501.293
8497.56
8499.047
8498.166
8494.809
8492.691
8490.422
8488.764
8486.1045
8487.907
8485.021
8486.214
8481.854
8482.945
8478.857
8477.408
8476.688
8473.927
8472.018
8474.409
8467.185
8467.987
8466.697
8464.146
8461.921
8458.558
8457.185
8456.295
8455.397
8454.815
8451.581
8449.585
8448.988
8446.369
8440.616
8442.631
8442.07
8438.505
8436.813
8435.534
8435.069
8434.643
8434.465
8433.726
8435.064
8429.331
8427.021
8427.081
8424.102
8422.456
8419.839
8419.341
8419.566
8416.078
8413.319
8415.89
8411.057
8410.42
8408.485
8408.445
8405.58
8408.66
8401.687
8402.403
8400.622
8397.297
8398.786
8396.667
8391.331
8393.087
8389.539
8388.184
8387.249
8384.891
8383.074
8382.088
8383.102
8381.148
8378.904
8376.415
8377.929
8374.279
8373.9
8373.305
8371.148
8370.581
8368.424
8365.807
8366.199
8364.381
8366.448
8362.476
8361.228
8360.502
8357.522
8357.814
8355.129
8350.927
8349.817
8353.126
8349.52
8347.867
8349.947
8348.197
8347.513
8345.07
8340.318
8341.117
8339.226
8338.17
8333.488
8335.529
8334.978
8333.919
8331.883
8328.795
8330.07
8329.111
8328.912
8324.583
8325.242
8325.9375
8321.751
8319.823
8318.315
8316.399
8315.002
8313.793
8310.834
8311.279
8312.81
8308.484
8308.575
8307.328
8305.988
8306.64
8303.483
8301.161
8299.981
8297.267
8294.728
8295.642
8297.744
8294.7705
8292.391
8291.907
8290.172
8287.292
8287.853
8283.627
8279.905
8280.1455
8280.72
8278.142
8279.094
8275.256
8276.511
8276.188
8274.431
8271.055
8267.455
8265.488
8267.234
8268.458
8267.839
8265.117
8261.85
8261.178
8261.549
8259.487
8258.939
8254.664
8256.798
8254.213
8251.764
8249.63
8251.919
8249.498
8249.322
8249.922
8245.336
8247.496
8242.867
8243.32
8244.037
8239.163
8239.455
8235.005
8237.055
8235.518
8234.885
8232.121
8230.361
8229.334
8231.453
8228.104
8227.907
8227.168
8228.044
8222.8545
8220.627
8219.534
8217.236
8216.669
8215.754
8215.5205
8215.216
8214.514
8213.108
8211.055
8210.175
8209.628
8210.386
8206.883
8205.369
8207.606
8206.203
8203.983
8199.006
8199.355
8197.2705
8199.782
8196.87
8194.476
8192.363
8192.209
8188.39
8190.2744
8187.4976
8185.819
8186.3774
8184.48
8184.8604
8182.3765
8183.3867
8181.7812
8179.9487
8179.023
8178.445
8179.325
8174.091
8174.5967
8176.749
8172.5728
8170.646
8169.433
8169.449
8168.0483
8168.06
8165.1523
8166.4136
8165.0312
8163.3047
8159.2505
8158.064
8157.562
8157.341
8154.3394
8153.4014
8152.575
8151.2026
8151.543
8152.483
8149.1655
8152.053
8150.762
8147.6235
8145.461
8145.048
8143.946
8142.3853
8141.3086
8141.6157
8141.5767
8137.6357
8134.256
8136.462
8136.641
8135.1167
8133.5347
8132.8057
8131.8267
8129.406
8125.684
8125.1313
8126.8696
8126.848
8122.4404
8123.1387
8122.822
8122.3057
8121.911
8118.533
8118.7544
8119.6924
8116.989
8115.408
8111.6895
8111.547
8111.6743
8110.2695
8111.1235
8111.7876
8108.576
8107.7734
8105.0654
8104.565
8104.8774
8102.9663
8101.9673
8100.1475
8098.664
8096.188
8097.7427
8096.277
8096.3374
8093.293
8093.2188
8091.358
8089.858
8092.082
8089.3335
8090.1533
8086.384
8084.7656
8085.7915
8084.8022
8084.2407
8082.2646
8079.552
8078.7437
8076.6616
8078.2554
8076.258
8076.922
8076.074
8074.3457
8071.2104
8071.6274
8071.8257
8072.0923
8071.997
8069.8926
8069.8696
8069.1646
8065.3423
8061.9185
8061.0225
8061.134
8062.803
8060.4355
8061.583
8059.257
8056.1655
8056.405
8053.856
8052.8667
8052.334
8054.276
8051.6196
8048.5527
8046.955
8044.7676
8045.1025
8044.746
8044.3564
8045.082
8041.544
8039.993
8042.1025
8039.856
8038.7886
8036.644
8034.233
8033.344
8032.52
8033.014
8030.7188
8030.5347
8029.9644
8030.181
8028.855
8029.387
8027.108
8024.9565
8024.841
8024.816
8024.8887
8025.4834
8024.491
8020.7373
8019.52
8018.6504
8018.7017
8017.372
8015.3853
8013.7183
8012.034
8009.9897
8009.6973
8008.445
8007.1543
8007.1523
8006.2524
8007.386
8003.818
8003.9883
8003.936
8002.246
8000.2554
8000.7173
7999.0273
7996.666
7995.7544
7995.9873
7995.721
7994.5044
7993.8228
7994.3955
7992.2993
7993.36
7989.876
7989.877
7989.8066
7987.0776
7985.536
7985.497
7986.1504
7982.0986
7981.901
7980.7217
7980.71
7978.386
7976.363
7975.428
7977.877
7975.028
7973.5894
7973.7793
7971.5806
7970.275
7968.8506
7970.934
7969.96
7967.917
7965.1367
7963.585
7964.886
7965.3887
7964.322
7962.454
7961.629
7959.4624
7958.042
7957.7764
7958.8623
7957.03
7957.3223
7958.175
7957.0103
7954.4785
7953.162
7952.8765
7952.386
7952.507
7949.9824
7951.204
7949.737
7947.436
7946.086
7945.6777
7943.023
7942.6426
7942.7554
7940.255
7940.0527
7936.1074
7936.2217
7935.937
7936.175
7935.6436
7934.896
7935.1763
7933.4087
7933.7256
7932.624
7932.2573
7928.7236
7929.1553
7928.8765
7925.6426
7924.9424
7925.6978
7925.1274
7924.6855
7923.5015
7923.856
7923.006
7922.1367
7918.593
7918.534
7917.098
7917.0293
7916.6777
7915.7344
7914.8843
7913.2295
7913.521
7910.372
7912.869
7913.0337
7909.821
7907.3027
7907.8003
7905.494
7905.5977
7903.978
7905.27
7903.7783
7903.768
7901.069
7900.791
7897.3906
7898.5264
7896.426
7898.2793
7897.272
7896.0454
7893.992
7894.7734
7895.034
7894.8667
7890.1367
7891.4214
7889.6445
7891.5713
7891.926
7890.583
7886.584
7885.305
7884.5664
7883.5957
7881.3784
7878.1523
7879.8433
7880.336
7879.995
7879.4634
7877.551
7879.5205
7879.457
7876.147
7876.681
7875.374
7876.2026
7874.638
7872.302
7871.585
7870.771
7872.5835
7869.6597
7867.9375
7866.139
7863.583
7862.785
7861.391
7862.062
7862.3047
7862.894
7859.9556
7859.16
7857.8726
7856.0747
7855.6265
7856.884
7855.3
7853.7246
7855.1807
7854.9253
7855.4404
7854.1494
7853.203
7851.4805
7852.0654
7850.8267
7848.319
