10054.689
9977.226
9902.007
9828.334
9752.302
9672.544
9580.531
9482.675
9370.771
9255.276
9116.719
8972.883
8821.268
8663.095
8503.66
8335.447
8168.658
8001.5586
7834.63
7670.8276
7509.8594
7353.5317
7199.6226
7045.3916
6899.3755
6757.68
6614.4985
6478.3843
6346.8726
6216.8447
6099.384
5972.3076
5856.5635
5741.4023
5628.962
5521.33
5422.9014
5319.165
5218.4243
5131.125
5035.8984
4937.765
4853.7227
4763.2905
4678.904
4598.6577
4519.47
4442.6978
4368.1245
4295.62
4225.4067
4155.82
4093.4978
4023.3452
3963.9185
3897.2437
3840.3367
3779.4675
3720.9512
3666.5056
3616.431
3559.794
3508.4707
3459.9387
3409.8042
3366.9841
3315.0342
3271.0945
3225.5547
3186.1394
3143.8447
3103.391
3065.4097
3021.1277
2983.4216
2947.1218
2913.3079
2878.4463
2844.549
2808.3706
2776.7214
2744.6821
2715.5125
2683.808
2658.5122
2625.5989
2597.843
2570.9758
2545.475
2524.8787
2494.559
2469.2212
2441.9646
2426.7512
2395.8865
2375.386
2352.166
2332.4841
2311.0425
2288.3481
