10071.056
10045.155
10024.377
10001.842
9981.39
9964.328
9941.256
9920.197
9894.788
9871.614
9845.339
9819.122
9790.509
9761.739
9729.993
9695.838
9658.873
9621.869
9582.08
9537.241
9490.705
9440.527
9391.683
9336.213
9282.835
9220.382
9159.009
9095.329
9027.481
8955.944
8883.766
8809.066
8735.383
8658.073
8580.569
8501.278
8423.382
8342.713
8260.533
8183.665
8101.3237
8020.3613
7936.5913
7859.1895
7781.6655
7699.1353
7620.4155
7540.6772
7463.8574
7386.5415
7312.6426
7233.2266
7161.8755
7085.5747
7011.475
6939.9604
6870.377
6799.8374
6727.777
6657.614
6590.161
6526.621
6458.262
6394.4595
6329.968
6269.4194
6204.7715
6143.8364
6083.9126
6020.688
5962.907
5907.2754
5848.727
5793.324
5737.36
5682.3896
5625.672
5574.323
5521.0
5474.3154
5422.835
5373.774
5319.955
5270.4443
5225.2324
5178.4834
5133.2036
5089.052
5038.9917
4998.5044
4952.0195
4908.774
4864.4375
4823.7607
4783.666
4742.5503
4702.3096
4668.1353
4624.143
4584.2944
