10044.319
10018.202
9999.333
9977.246
9955.916
9937.895
9916.69
9895.774
9874.857
9851.576
9827.932
9804.472
9776.346
9749.021
9718.599
9686.812
9653.98
9616.897
9582.167
9538.809
9497.02
9453.743
9406.426
9360.394
9310.555
9258.653
9205.491
9150.955
9099.581
9039.132
8977.34
8918.787
8860.064
8795.863
8737.529
8675.004
8615.043
8555.48
8495.158
8435.177
8377.232
8318.546
8259.403
8203.289
8148.1274
8098.1753
8038.9717
7987.024
7937.277
7889.9805
7835.178
7789.5674
7736.9736
7689.8057
7644.301
7598.691
7554.4004
7510.405
7468.0166
7429.036
7386.86
7350.488
7309.6313
7270.896
7235.4517
7202.51
7163.9805
7128.2354
7091.6226
7058.485
7025.87
6994.092
6961.758
6932.3413
6903.118
6877.3584
6849.6465
6818.244
6795.6416
6761.71
6736.5527
6710.922
6683.711
6661.516
6635.4707
6612.743
6586.183
6563.4263
6543.0903
6518.9326
6497.3374
6477.12
6457.202
6435.5776
6417.666
6397.3315
6382.573
6361.748
6344.8794
6327.0967
6311.513
6292.937
6274.7324
6261.1685
6245.3076
6231.943
6212.5444
6202.4717
6191.978
6173.2686
6162.195
6145.3706
6138.0337
6121.1216
6109.0063
6096.9775
6085.2627
6077.868
6059.9727
6048.145
6035.93
6025.95
6016.607
6010.8115
5995.5356
5986.37
5981.8994
5966.4893
5959.3594
5950.195
5938.3115
5931.9624
5921.8984
5913.4424
5911.186
5898.663
5892.73
5881.3633
5880.4595
5868.9756
5861.844
5856.4478
5851.7593
5845.2837
5835.7554
5830.9473
5822.196
5820.0005
5810.2246
5807.1074
5799.6973
5793.3945
5786.476
5781.4727
5777.271
5769.8413
5766.5605
5761.0664
5755.471
5754.003
5750.0747
5743.4565
5737.2427
5732.8564
5727.4707
5730.161
5723.3813
5716.944
5711.876
5708.798
5705.112
5702.567
5698.29
5694.853
5688.646
5687.4766
5687.1665
5680.1055
5677.975
5675.755
5671.071
5670.7627
5665.321
5662.926
5662.877
5659.3643
5654.0117
5652.947
5648.5674
5646.609
5646.2354
5646.3755
5640.335
5634.911
5635.9053
5629.803
5630.196
5629.983
5625.8276
5622.9546
5620.282
5618.6597
5616.513
5612.1133
5611.6426
5608.2993
5608.832
5606.632
5606.648
5603.749
5599.7583
5598.3145
5595.9854
5593.3354
5592.854
5593.4277
5589.7466
5590.403
5590.721
5585.2534
5585.299
5585.817
5579.8525
5579.3765
5579.006
5579.387
5576.213
5575.204
5575.165
5572.787
5571.56
5567.8945
5569.8086
5570.938
5565.7075
5568.9355
5563.8555
5566.1904
5567.8643
5558.713
5560.76
5559.595
5563.539
5554.5337
5557.09
5555.0635
5553.8843
5550.4307
5552.698
5551.184
5549.8
5548.6694
5546.9766
5546.1797
5547.729
5541.7456
5545.332
5541.583
5540.698
5540.729
5541.399
5542.207
5543.9136
5539.3257
5541.823
5539.6704
5538.4
5542.265
5538.854
5537.4087
5536.7407
5536.549
5535.51
5538.737
5536.832
5533.8296
5535.5547
5533.39
5533.732
5536.087
5531.689
5532.9526
5529.3003
5530.7856
5528.0415
5529.646
5528.0103
5526.132
5525.5376
5528.8022
5524.985
5532.0776
5526.934
5522.042
5524.3823
5524.4644
5521.848
5522.5996
5522.2646
5521.438
5523.193
5520.6377
5521.8145
5531.857
5520.6875
5519.738
5522.4224
5519.522
5518.4346
5519.3467
5520.0513
5521.639
5516.591
5515.9688
5522.8228
5517.138
5517.5483
5516.082
5517.6816
5516.762
5518.449
5516.297
5518.286
5516.152
5511.9004
5516.0117
5514.6807
5512.705
5518.142
5513.389
5512.1816
5514.6724
5510.6787
5509.9624
5513.943
5510.413
5507.8364
5509.4062
5511.1733
5508.5576
5509.162
5511.1646
5509.509
5509.042
5507.701
5508.647
5508.061
5509.1226
5508.043
5507.5713
5510.698
5506.6333
5508.3994
5506.895
5507.8594
5509.514
5506.1606
5512.4253
5508.0806
5505.3916
5505.7764
5506.3047
5511.45
5507.369
5504.7456
5505.7427
5504.6064
5508.505
5511.974
5506.5073
5506.0083
5507.5723
5502.937
5503.6436
5505.654
5506.864
5509.1694
5506.7783
5503.018
5503.7334
5502.4453
5502.5894
5502.915
5501.7163
5501.6025
5505.7827
5502.92
5498.524
5502.443
5501.616
5500.9507
5499.2583
5502.13
5502.449
5502.6187
5499.9155
5499.48
5502.208
5503.3228
5500.739
5498.5215
5498.7334
5507.7124
5499.1973
5499.845
5503.362
5500.6353
5501.5166
5497.7427
5499.6367
5505.538
5503.2476
5497.9673
5498.1943
5501.7993
5501.8257
5496.734
5498.595
5499.8604
5498.887
5503.1396
5498.381
5497.8076
5497.7217
5504.4414
5497.7544
5499.176
5498.075
5499.8306
5499.8584
5497.997
5496.32
5499.1763
5497.762
5500.919
5495.355
5497.407
5502.4556
5497.0234
5497.5815
5494.0156
5494.121
5495.271
5496.2515
5494.1353
5502.3438
5493.3027
5496.186
5495.6934
5494.013
5493.875
5494.1313
5496.0225
5492.808
5497.2446
5495.6885
5494.603
5497.1035
5500.3286
5495.6323
5498.388
5497.8013
5495.4614
5492.607
5496.2173
5498.4736
5491.06
5499.566
5493.279
5492.729
5495.075
5494.275
5495.2627
5494.3413
5492.744
5497.0654
5493.9946
5493.946
5495.731
5493.2627
5496.9756
5492.5947
5493.9897
5493.699
5492.669
5495.3813
5493.0225
5489.6816
5492.6274
5493.928
5491.2793
5492.1523
5491.8833
5493.6226
5490.4043
5491.586
5497.0757
5488.8154
5493.076
5487.936
5489.5996
5490.1177
5493.5044
5490.306
5490.2827
5491.9556
5490.2676
5488.886
5490.8535
5491.0947
5496.768
5489.383
5493.553
5498.3066
5493.3374
5489.555
5490.3003
5488.113
5488.789
5489.8247
5490.03
5490.9976
5488.2725
5491.344
5491.176
5494.1885
5489.0063
5491.605
5489.7734
5491.4854
5490.528
5491.481
5494.2607
5491.7275
5487.866
5488.5674
5486.519
5490.467
5488.9453
5486.915
5486.494
5489.644
5487.324
5487.491
5487.8022
5487.205
5488.29
5488.817
5489.972
5489.753
5487.6685
5489.1914
5488.43
5494.372
5488.2646
5487.7075
5497.527
5490.4956
5490.1416
5490.446
5490.403
5490.3584
5491.0596
5487.463
5489.8174
5489.173
5487.454
5488.056
5486.571
5500.2485
5485.121
5486.8823
5485.164
5485.7046
5486.8965
5488.27
5490.915
5489.376
5492.8516
5488.133
5489.5386
5487.026
5489.834
5484.868
5486.2324
5488.3965
5489.6577
5485.6636
5488.809
5484.894
5492.3066
5485.372
5490.6265
5485.8984
5484.9023
5485.0195
5485.3765
5486.135
5484.4395
5487.225
5487.981
5485.5923
5487.357
5483.367
5483.9546
5484.6016
5484.3027
5483.5723
5483.114
5489.3833
5484.7417
5487.9883
5491.8696
5485.0547
5487.518
5487.219
5483.9595
5488.4053
5487.909
5484.8555
5485.3696
5489.6895
5488.9263
5488.3887
5482.4224
5481.9546
5483.196
5482.422
5482.261
5486.3687
5483.106
5483.688
5489.317
5484.493
5486.0312
5486.593
5483.143
5481.7573
5484.7905
5485.1777
5482.0996
5482.4463
5484.5312
5485.3223
5488.2983
5488.4844
5486.821
5485.941
5482.29
5484.076
5481.9585
5484.9473
5482.9683
5481.707
5480.1406
5485.56
5487.0103
5490.0894
5484.4634
5481.111
5480.8525
5480.3237
5479.7617
5481.359
5483.4556
5483.988
5478.929
5482.3643
5481.4536
5481.424
5479.5957
5480.38
5481.772
5481.623
5486.206
5485.0923
5479.9775
5480.353
5483.3794
5483.8594
5481.069
5480.556
5480.4565
5478.2266
5479.8784
5478.4453
5483.2925
5481.586
5483.501
5481.555
5480.4043
5481.9766
5480.8257
5479.809
5483.063
5480.001
5477.5835
5478.686
5478.7026
5480.56
5478.36
5480.979
5483.3896
5480.6055
5483.6777
5482.458
5480.3022
5480.333
5482.712
5483.142
5482.99
5479.7734
5481.105
5484.7866
5482.521
5482.329
5482.8096
5484.0454
5480.7217
5480.2505
5481.324
5480.15
5479.5776
5479.209
5480.03
5480.301
5479.728
5477.989
5479.6016
5481.847
5482.0776
5480.8794
5479.342
5476.1523
5476.654
5476.981
5477.767
5481.461
5478.891
5478.891
5477.061
5477.8066
5478.05
5478.545
5476.384
5475.753
5476.6406
5476.873
5475.5376
5477.7964
5476.4966
5477.4893
5476.9785
5477.7783
5477.965
5475.7324
5475.8447
5475.9937
5476.8745
5478.521
5476.092
5476.8228
5477.6885
5476.6636
5478.9287
5475.8584
5475.875
5482.791
5476.6396
5478.007
5478.6733
5478.317
5477.125
5488.5825
5477.82
5476.682
5475.854
5481.152
5476.17
5476.723
5476.755
5476.8584
5475.68
5477.363
5473.4595
5478.2603
5475.3223
5476.2554
5476.6924
5473.734
5476.185
5478.076
5474.263
5477.2754
5479.4507
5474.0425
5476.366
5472.811
5472.6997
5475.4507
5476.6953
5473.4155
5471.624
5472.6196
5475.0327
5477.693
5475.02
5472.269
5480.2485
5471.8647
5472.705
5479.3037
5472.854
5475.042
5473.785
5474.0825
5474.6416
5473.256
5474.391
5472.5044
5472.7046
5474.6006
5477.0166
5474.767
5475.032
5474.208
5473.9062
5474.393
5474.5796
5476.44
5476.1616
5475.0654
5480.431
5473.4526
5476.967
5474.7295
5473.0225
5474.533
5476.043
5478.173
5474.6
5472.2314
5473.802
5471.992
5471.39
5482.036
5476.6196
5475.772
5474.055
5475.786
5471.945
5472.6724
5473.8853
5472.3765
5471.945
5473.185
5476.9453
5476.3696
5471.028
5471.9355
5470.8154
5473.368
5472.552
5475.26
5476.176
5472.5127
5473.643
5478.562
5475.341
5472.436
5473.418
5473.7686
5472.7236
5473.3667
5472.308
5471.414
5470.22
5471.2236
5474.633
5480.5117
5473.2046
5472.792
5479.084
5472.7397
5475.744
5479.525
5474.351
5475.3896
5475.019
5474.4404
5474.1177
5474.3975
5479.2197
5475.421
5478.5996
5472.875
5471.446
5477.0054
5473.093
5476.413
5471.576
5473.4634
5472.6997
5472.4146
5473.256
5474.04
5473.32
5470.867
5471.68
5472.4756
5470.8745
5475.436
5473.3257
5471.1543
5470.0215
5472.831
5471.901
5469.326
5471.5015
5474.376
5472.7593
5474.992
5471.899
5471.2744
5470.6475
5471.1675
5471.697
5470.1104
5471.458
5472.873
5471.7036
5471.887
5472.335
5479.4814
5476.1294
5475.549
5476.9
5473.6973
5472.812
5471.743
5472.359
5474.979
5473.561
5473.189
5476.745
5474.392
5475.6733
5474.0674
5471.816
5474.2476
5472.8516
5474.595
5475.8516
5475.9976
5474.174
5473.874
5471.0366
5470.5293
5474.8027
5469.0337
5468.8135
5470.812
5468.497
5469.625
5470.274
5469.8457
5474.006
5469.195
5473.719
5470.4214
5472.5864
5474.5864
5471.085
5473.0596
5479.3613
5473.0566
5476.797
5472.078
5472.0093
5471.0063
5471.296
5472.0415
5469.6045
5471.166
5470.1567
5471.8936
5471.2686
5469.529
5468.794
5470.5107
5471.006
5470.898
5470.598
5470.272
5469.8438
5470.8
5477.031
5470.5654
5470.868
5471.606
5477.744
5473.858
5474.786
5469.5913
5469.8677
5468.364
5471.0693
5469.3843
5468.3213
5471.35
5472.1226
5470.149
5467.6255
5471.7046
5468.8584
5469.292
5466.3853
5472.257
5471.4854
5468.6694
5468.973
5468.9146
5471.7544
5469.1895
5473.4604
5468.3086
5470.0615
5468.433
5469.4043
5470.2534
5470.3037
5467.5293
5470.278
5473.7563
5470.096
5471.229
5469.497
5470.7046
5470.2275
5474.535
5466.9536
5470.181
5470.897
5469.0825
5468.238
5470.257
5471.1226
5470.429
5473.901
5466.9565
5471.326
5468.205
5468.8696
5467.352
5465.2603
5466.878
5466.074
5468.9546
5471.27
5465.3994
5466.9087
5466.8594
5465.174
5464.2637
5468.8574
5465.8394
5465.572
5465.926
5465.2305
5466.304
5465.228
5470.542
5464.678
5469.5684
5466.3774
5467.8916
5467.801
5468.837
5467.4707
5466.195
5467.1016
5465.068
5466.3613
5465.897
5469.98
5467.6094
5468.7383
5465.955
5465.199
5470.148
5466.9756
5468.307
5467.9873
5465.3916
5465.956
5468.7563
5467.149
5470.0938
5468.3037
5469.936
5467.906
5465.359
5468.138
5466.064
5475.7114
5465.855
5464.8774
5464.703
5465.4473
5466.591
5464.767
5466.1904
5465.4033
5469.632
5469.043
5467.4727
5465.259
5465.5635
5463.551
5464.1934
5464.877
5464.5654
5465.232
5468.223
5463.259
5468.16
5464.1313
5468.747
5464.9575
5469.455
5466.7925
5469.1157
5465.158
5467.3003
5465.924
5469.1426
5466.8496
5467.5703
5472.786
5467.3936
5467.609
5465.356
5463.7993
5464.7427
5464.7456
5465.4863
5467.3564
5466.8164
5465.8774
5468.3237
5464.4253
5473.553
5466.423
5465.3433
5464.9775
5474.5684
5466.3306
5467.196
5465.933
5462.716
5466.91
5463.696
5466.9536
5465.6484
5468.3677
5464.1694
5465.3354
5468.656
5465.2886
5464.0254
5465.512
5464.9136
5462.38
5466.6724
5470.6836
5469.2866
5465.102
5465.586
5467.6035
5466.6113
5466.001
5467.966
5464.147
5463.038
5463.2456
5463.1978
5462.3477
5465.1025
5461.789
5462.0835
5463.5103
5464.6006
5462.537
5465.948
5461.8877
5464.089
5462.6973
5461.6235
5461.572
5462.0215
5462.1836
5461.225
5462.2554
5462.3477
5461.034
5461.542
5462.0737
5463.8086
5460.9316
5462.3306
5462.505
5460.8315
5467.3022
5461.531
5465.074
5460.3584
5462.9663
5460.733
5461.878
5460.15
5463.2964
5462.981
5462.884
5468.6196
5461.9663
5462.9116
5463.487
5462.5596
5464.94
5469.2666
5460.9272
5461.1704
5460.856
5462.9707
5463.464
5461.7373
5465.2217
5461.2046
5460.2627
5462.7573
5463.039
5460.4204
5461.3164
5463.901
5463.67
5461.2554
5471.6504
5462.3994
5465.2007
5459.8945
5460.445
5460.955
5470.385
5460.2197
5462.809
5459.772
5459.209
5462.176
5460.6274
5458.7095
5460.4014
5460.3125
5458.914
5460.316
5462.877
5461.7
5461.5327
5461.821
5461.5645
5460.009
5459.894
5460.4707
5462.371
5460.6587
5461.327
5461.968
5463.8667
5462.0527
5462.4624
5465.524
5459.7666
5461.962
5460.119
5460.7305
5462.9404
5462.229
5460.5576
5461.158
5464.764
5464.883
5462.9717
5460.4326
5458.7896
5459.4946
5457.777
5461.9873
5461.3154
5460.8926
5458.5264
5466.4507
5457.9854
5458.7505
5463.07
5461.9316
5460.931
5459.1523
5458.9854
5459.533
5465.3604
5460.8457
5459.645
5459.475
5456.415
5458.1045
5457.239
5459.2827
5462.0107
5467.0615
5458.8604
5457.7964
5461.102
5459.4727
5462.8643
5462.227
5459.652
5467.0903
5468.7153
5462.401
5461.1133
5464.998
5461.4873
5460.5503
5462.841
5461.724
5466.0435
5460.9253
5463.976
5461.134
5464.4507
5461.524
5462.4375
5467.97
5466.282
5461.062
5463.1343
5462.3994
5467.626
5459.9487
5460.3584
5458.3906
5463.9463
5460.7
5458.1997
5460.2163
5462.2725
5460.1436
5459.83
5460.005
5460.437
5458.807
5461.2095
5461.1406
5459.1855
5458.5386
5461.4434
5459.5796
5462.4336
5460.606
5458.377
5461.7637
5462.9517
5459.372
5462.836
5459.236
5461.811
5458.153
5457.8604
5466.3423
5457.8267
5462.9556
5460.9243
5457.1226
5458.9424
5457.9453
5459.838
5460.998
5462.4253
5460.2725
5458.703
5457.7295
5459.399
5459.1934
5458.299
5462.849
5457.4116
5456.6416
5459.9775
5457.05
5462.392
5460.0566
5457.1665
5457.523
5456.848
5456.861
5455.3857
5457.7993
5461.2207
5457.422
5457.3857
5456.6577
5456.8413
5460.3384
5454.349
5456.6455
5459.4604
5457.777
5455.967
5456.2305
5457.778
5458.1235
5455.392
5457.16
5460.546
5455.084
5457.172
5457.189
5454.5566
5454.0312
5456.7563
5455.7627
5453.088
5455.6006
5465.6597
5459.29
5457.322
5457.2793
5453.627
5455.3496
5453.6133
5455.1006
5455.5703
5459.379
5455.659
5455.1694
5454.6216
5455.334
5456.937
5455.0615
5458.1875
5455.1357
5455.645
5454.3496
5455.8604
5461.808
5456.5156
5454.55
5457.9062
5455.5107
5454.6553
5457.5884
5456.756
5455.232
5455.059
5455.382
5455.6343
5458.492
5456.9336
5458.024
5455.294
5456.5854
5455.8745
5455.2705
5455.1836
5454.1143
5467.8916
5456.9214
5455.8584
5455.1494
5458.074
5461.964
5454.9653
5457.212
5462.268
5457.6577
5456.571
5460.5845
5459.385
5459.8394
5456.784
5458.396
5458.919
5456.8345
5458.9624
5458.411
5460.3403
5456.8643
5456.052
5455.418
5457.841
5456.1387
5463.745
5459.9546
5456.0967
5455.5176
5455.8545
5454.234
5457.343
5457.9355
5455.185
5453.913
5456.042
5453.7515
5456.3823
5453.715
5452.4766
5454.6655
5453.712
5453.5747
5455.4507
5457.798
5457.08
5453.8027
5457.048
5454.1304
5454.88
5455.8276
5454.3745
5452.19
5454.5864
5454.2637
5454.537
5454.4644
5453.4937
5455.0776
5454.0596
5454.9106
5455.1973
5454.682
5453.885
5457.2524
5454.5483
5458.6494
5453.9565
5453.6646
5456.274
5455.468
5456.153
5455.202
5454.788
5453.83
5459.6436
5460.478
5458.065
5456.346
5454.995
5453.556
5455.4883
5460.2305
5455.962
5455.2104
5456.625
5454.128
5454.9985
5455.748
5452.715
5458.027
5454.1514
5453.998
5456.332
5453.761
5458.957
5452.717
5454.097
5455.1045
5456.8574
5452.598
5454.861
5454.3677
5456.733
5457.422
5453.9917
5455.974
5459.0493
5453.984
5455.442
5461.6514
5455.5396
5455.472
5456.6504
5454.026
5453.8765
5453.4565
5453.8647
5453.267
5455.916
5453.234
5459.246
5455.0728
5455.7754
5454.6665
5454.37
5457.3203
5456.629
5456.5625
5455.3115
5453.4673
5453.302
5459.645
5455.3716
5455.8345
5454.321
5456.465
5457.528
5458.479
5456.94
5462.497
5456.647
5457.5225
5456.073
5456.058
5455.225
5455.8843
5455.9443
5457.73
5461.702
5454.0913
5458.5967
5457.4336
5454.61
5454.9014
5454.807
5455.6846
5453.6943
5455.103
5455.7324
5455.451
5455.0244
5458.2104
5455.617
5456.9336
5459.036
5455.801
5457.385
5457.2446
5454.812
5455.963
5454.402
5454.737
5455.729
5453.878
5455.6445
5456.6304
5457.09
5455.351
5456.506
5454.373
5454.5254
5454.464
5455.7705
5454.515
5454.565
5455.889
5454.5996
5454.3657
5454.2485
5453.202
5457.7144
5456.416
5454.927
5455.6787
5453.5986
5454.6226
5452.253
5451.709
5459.3726
5455.237
5453.417
5455.233
5454.95
5458.0264
5456.4116
5454.337
5455.954
5455.2544
5454.1924
5453.2476
5456.432
5454.6113
5454.9707
5456.928
5452.485
5452.987
5454.411
5452.715
5456.0215
5454.091
5453.922
5454.057
5453.981
5454.982
5452.9443
5452.591
5452.461
5453.2607
5452.175
5451.913
5451.7627
5455.553
5458.4824
5450.1924
5451.46
5452.0195
5451.9814
5453.4404
5454.1807
5451.878
5452.2905
5449.716
5454.895
5453.2666
5450.312
5451.417
5451.294
5449.6157
5450.8506
5453.3853
5452.6016
5450.317
5451.907
5449.149
5448.8115
5450.1274
5451.922
5450.181
5451.7896
5452.329
5449.7896
5457.1724
5449.4585
5451.1855
5449.723
5449.3833
5452.0366
5448.3037
5449.6284
5449.577
5449.2104
5448.182
5449.661
5449.2856
5454.5737
5447.8857
5448.2764
5449.807
5449.315
5451.725
5452.448
5453.589
5453.5083
5451.95
5450.5903
5450.684
5450.0264
5449.2305
5449.256
5450.6987
5454.289
5449.638
5451.0776
5451.799
5447.917
5448.3784
5447.838
5448.595
5451.955
5450.0874
5452.407
5452.6685
5452.325
5450.1396
5447.209
5447.0557
5449.8315
5447.1147
5449.164
5450.702
5451.0703
5452.595
5450.1426
5449.8384
5450.8154
5450.886
5450.989
5449.2554
5450.753
5447.0938
5449.664
5448.968
5449.4917
5447.6377
5450.869
5447.853
5451.009
5450.805
5447.7
5453.923
5449.901
5451.0664
5454.9976
5453.4565
5453.8633
5449.5522
5451.3384
5449.7705
5449.488
5450.709
5452.7363
5448.5444
5450.2637
5448.8936
5448.6865
5451.8984
5450.2446
5447.0283
5449.913
5451.415
5448.356
5446.442
5447.744
5447.687
5449.929
5448.7383
5448.757
5447.145
5451.524
5446.4336
5446.644
5450.9814
5449.1943
5451.7007
5449.6436
5450.175
5449.1787
5451.569
5447.79
5452.079
5450.5483
5450.9927
5447.4453
5451.381
5447.5024
5446.923
5449.1714
5449.291
5452.815
5448.4463
5446.069
5448.034
5446.9106
5446.343
5449.2393
5447.3193
5448.338
5448.1104
5453.7563
5447.5454
5449.7593
5447.7886
5448.585
5447.0386
5449.615
5448.682
5444.9805
5445.5713
5446.5967
5448.1636
5447.7656
5447.657
5446.9253
5449.715
5445.6943
5445.6484
5445.357
5445.624
5445.5234
5447.9985
5447.377
5445.605
5445.747
5447.2773
5445.8066
5450.564
5447.8667
5447.829
5443.6187
5444.733
5442.291
5446.647
5448.325
5444.5635
5447.1294
5446.4814
5443.8687
5445.9443
5443.841
5444.5767
5444.1235
5443.154
5444.4126
5447.837
5447.289
5447.5576
5445.6475
5444.8228
5443.377
5443.967
5446.9595
5444.659
5447.3926
5443.21
5443.443
5451.1504
5445.664
5446.367
5448.6836
5448.8027
5445.922
5445.209
5445.712
5445.579
5444.48
5448.778
5444.4443
5445.582
5444.369
5450.836
5450.306
5446.5884
5444.7573
5447.5327
5445.62
5447.5195
5446.0264
5446.774
5443.2046
5444.081
5442.686
5445.4717
5443.0195
5453.93
5451.629
5443.725
5445.6807
5444.603
5446.212
5447.135
5448.3184
5444.5664
5451.4805
5447.28
5443.734
5448.403
5447.475
5445.577
5443.461
5442.506
5443.1294
5444.796
5442.7974
5456.281
5443.84
5442.746
5442.5444
5443.112
5443.3096
5448.161
5447.242
5446.0034
5445.5083
5444.048
5443.089
5444.2344
5442.275
5446.662
5446.631
5443.476
5442.2417
5445.7065
5443.782
5442.3423
5442.1675
5441.9854
5447.168
5445.6147
5443.4834
5448.076
5446.163
5444.4233
5444.505
5445.1855
5445.493
5443.71
5447.242
5448.9985
5449.714
5445.0933
5444.1504
5447.091
5443.5093
5443.595
5445.0825
5444.592
5447.532
5448.1084
5444.998
5446.685
5443.6807
5447.0264
5446.0005
5445.398
5449.851
5446.728
5444.3936
5446.042
5443.33
5444.4043
5444.634
5449.5
5443.7256
5444.5356
5442.3447
5441.7256
5446.324
5444.155
5442.4023
5445.618
5444.4346
5449.508
5458.5293
5446.674
5452.1226
5450.616
5443.2993
5447.8823
5443.654
5444.301
5442.2188
5444.0015
5441.9995
5444.628
5448.0596
5443.134
5440.163
5442.9146
5442.583
5443.8496
5446.6724
5450.869
5443.1953
5441.2603
5445.1455
5442.069
5442.121
5445.2036
5442.399
5441.556
5444.077
5440.0576
5442.1616
5448.422
5446.453
5440.1055
5439.843
5441.528
5442.5205
5441.24
5443.673
5441.845
5447.0337
5442.4463
5444.6294
5442.89
5445.423
5444.659
5443.8613
5443.059
5443.1426
5449.496
5443.4585
5441.9365
5447.9424
5441.1396
5440.782
5446.2095
5441.0093
5441.7686
5442.4473
5442.9375
5441.284
5440.8374
5441.131
5447.9165
5442.9116
5440.3613
5442.0483
5440.2705
5440.712
5440.5825
5441.484
5439.9067
5440.487
5440.8667
5445.118
5440.5894
5443.619
5443.115
5440.94
5443.9253
5443.1406
5441.6143
5442.3984
5442.8135
5440.6514
5440.3506
5446.303
5442.978
5439.7188
5439.2476
5438.238
5442.1265
5442.0107
5441.107
5440.7705
5444.728
5442.3677
5440.717
5440.2188
5439.964
5440.3423
5438.3457
5440.553
5438.355
5446.5806
5441.339
5441.5645
5442.5117
5438.6235
5439.425
5438.555
5442.8447
5438.215
5438.3203
5438.142
5438.9614
5438.673
5439.1567
5437.24
5437.824
5437.3438
5436.937
5437.514
5437.558
5440.329
5442.0645
5436.6543
5446.305
5438.9995
5438.638
5437.731
5447.2114
5439.093
5443.5337
5440.216
5437.7124
5441.5864
5444.7793
5438.73
5439.1216
5445.7007
5441.4487
5440.891
5439.43
5441.032
5437.1646
5437.65
5436.8457
5438.4517
5439.7266
5439.5063
5441.6426
5438.382
5443.399
5440.1265
5437.937
5436.3438
5434.9414
5436.8115
5440.5103
5439.081
5437.585
5439.599
5438.5083
5440.4395
5441.3193
5440.061
5439.112
5444.348
5439.0195
5440.7505
5438.024
5438.042
5438.92
5457.4136
5439.166
5439.264
5437.824
5443.0874
5436.9746
5437.3525
5437.607
5442.4487
5436.6895
5438.6665
5437.2515
5437.187
5439.4766
5440.036
5437.743
5435.7793
5439.3647
5438.9897
5436.6704
5441.832
5437.507
5439.0596
5438.5464
5437.881
5437.3804
5443.57
5436.787
5436.387
5435.815
5435.984
5439.2646
5438.056
5438.2964
5439.7236
