9965.668
9643.394
9151.216
8780.294
8496.684
8299.009
8157.813
8001.7114
7905.9224
7807.547
7702.566
7583.196
7493.0015
7386.2627
7307.0522
7233.25
7155.9116
7077.2593
7035.619
6947.537
6885.5205
6864.794
6786.0566
6718.2153
6675.767
6639.6895
6567.4736
6527.201
6465.0635
6439.2397
6379.2383
6339.8755
6302.1934
6294.127
6261.563
6188.285
6162.0874
6117.113
6083.2383
6053.0205
6019.9414
5983.127
5947.2515
5933.071
5905.8706
5875.8276
5862.1914
5805.156
5776.102
5749.663
5740.6484
5715.169
5694.7944
5655.731
5624.924
5609.1978
