9832.817
9385.325
8758.349
8010.09
7252.3687
6561.114
5988.414
5434.7397
5001.2983
4588.5386
4229.7837
3954.3604
3654.5789
3462.442
3201.6223
3021.7385
2938.1562
2725.4626
2608.8562
2472.3083
2545.0857
2279.6343
2199.1687
2137.491
2147.623
2020.7523
1975.2268
1921.0641
1878.7078
1876.8823
1817.5587
1797.1711
1780.3145
1752.4563
1755.3605
1705.4404
1689.7245
1675.8295
1655.3346
1654.3961
1639.5781
1631.1752
1656.208
1608.6073
1599.6631
1610.0312
1592.1204
1596.1033
1585.7864
1600.742
1577.504
1557.3081
1557.0754
1558.6532
1554.8463
1544.1454
1558.0758
1541.2485
1549.1827
1546.1732
1533.4552
1537.7131
1534.0763
1523.0066
1522.5779
1529.295
1522.927
1523.9218
1514.3826
1516.1862
1557.7307
1520.5773
1527.6787
1510.944
1508.1798
1529.9003
1518.1543
1540.2617
1517.8132
1504.9609
1507.005
1497.9648
