10084.07
10074.125
10067.307
10062.444
10057.092
10053.874
10050.789
10048.438
10046.155
10043.991
10042.087
10040.239
10038.475
10036.747
10035.203
10033.649
10031.5625
10030.082
10028.648
10027.115
10025.696
10024.315
10022.955
10021.627
10020.3545
10018.995
10017.782
10016.604
10015.393
10014.177
10012.994
10011.802
10010.627
10009.444
10008.298
10007.143
10006.006
10004.834
10003.684
10002.528
10001.354
10000.203
9999.055
9997.915
9996.769
9995.606
9994.484
9993.342
9992.198
9991.044
9989.894
9988.714
9987.517
9986.335
9985.145
9983.927
9982.72
9981.494
9980.292
9979.06
9977.825
9976.5625
9975.285
9974.013
9972.735
9971.433
9970.133
9968.815
9967.5205
9966.154
9964.851
9963.494
9962.136
9960.734
9959.356
9957.955
9956.555
9955.152
9953.736
9952.298
9950.849
9949.399
9947.932
9946.451
9944.968
9943.467
9941.958
9940.427
9938.887
9937.317
9935.739
9934.16
9932.555
9930.904
9929.068
9927.317
9925.559
9923.831
9922.104
9920.346
9918.586
9916.809
9915.023
9913.234
9911.429
9909.621
9907.79
9905.958
9904.094
9902.21
9900.319
9898.412
9896.472
9894.536
9892.572
9890.587
9888.591
9886.563
9884.526
9882.472
9880.404
9878.315
9876.224
9874.108
9871.974
9869.823
9867.66
9865.465
9863.241
9861.006
9858.765
9856.507
9854.241
9851.953
9849.647
9847.32
9844.977
9842.617
9840.235
9837.834
9835.429
9833.008
9830.569
9828.108
9825.626
9823.148
9820.638
9818.098
9815.555
9812.98
9810.401
9807.794
9805.187
9802.524
9799.857
9797.169
9794.451
9791.721
9788.976
9786.215
9783.422
9780.628
9777.82
9774.993
9772.155
9769.287
9766.411
9763.502
9760.579
9757.634
9754.661
9751.668
9748.659
9745.619
9742.556
9739.454
9736.334
9733.175
9730.01
9726.8125
9723.588
9720.354
9717.096
9713.813
9710.516
9707.18
9703.851
9700.489
9697.081
9693.673
9690.26
9686.833
9683.372
9679.879
9676.374
9672.849
9669.301
9665.742
9662.141
9658.517
9654.878
9651.22
9647.523
9643.793
9640.058
9636.3
9632.52
9628.722
9624.905
9621.081
9617.241
