10078.818
10066.65
10059.91
10054.874
10050.405
10046.546
10043.2295
10040.086
10037.063
10033.826
10030.488
10027.741
10025.187
10022.498
10019.989
10017.451
10014.891
10012.326
10009.764
10007.201
10004.696
10002.268
9999.63
9997.091
9994.56
9992.0625
9989.575
9987.022
9984.475
9981.954
9979.458
9976.823
9974.171
9971.546
9968.837
9966.161
9963.491
9960.763
9957.997
9955.187
9952.333
9949.503
9946.6045
9943.723
9940.832
9937.826
9934.775
9931.665
9928.61
9925.508
9921.801
9917.315
9913.935
9910.287
9906.592
9902.897
9899.198
9895.489
9891.768
9888.008
9884.278
9880.424
9876.486
9872.564
9868.564
9864.512
9860.419
9856.268
9852.065
9847.776
9843.465
9839.088
9833.104
9827.827
9822.577
9817.331
9812.022
9806.642
9801.178
9795.619
9789.999
9784.325
9778.481
9772.578
9766.617
9760.53
9754.357
9748.078
9741.712
9735.253
9728.657
9722.004
9715.228
9708.296
9701.192
9694.004
9686.769
9679.389
9671.932
9664.32
9656.633
9648.795
9640.837
9632.824
9624.713
9616.468
9608.064
9599.505
9590.859
9582.091
9573.18
9564.24
9555.202
9546.1
9536.929
9527.592
9518.145
9508.551
9498.877
9489.103
9479.2705
9469.224
9459.1
9448.843
9438.167
9427.451
9416.724
9405.8955
9394.752
9382.102
9369.834
9358.212
9346.663
9335.002
9323.324
9311.548
9299.739
9287.884
9275.974
9264.029
9252.011
9239.916
9227.796
9215.682
9203.547
9191.383
9179.226
9167.031
9154.8545
9142.664
9130.484
9118.282
9106.091
9093.934
9081.782
9069.636
9057.509
9045.396
9033.305
9021.242
9009.193
8997.164
8985.158
8973.157
8961.204
8949.251
8937.345
8925.471
8913.644
8901.818
8890.068
8878.355
8866.699
8855.062
8843.452
8831.88
8820.358
8808.898
8797.452
8786.082
8774.753
8763.467
8752.205
8741.084
8730.012
8718.987
8708.054
8697.138
8686.398
8675.576
8664.9795
8654.423
8643.757
8633.344
8623.0205
8612.636
8602.362
8592.247
8582.129
8572.083
8562.047
8552.131
8542.287
8532.477
8522.784
8513.147
8503.585
8494.122
8484.688
8475.324
8466.059
8456.882
8447.768
8438.711
8429.755
8420.8955
8412.059
8403.314
8394.614
8385.902
8377.204
8368.69
8360.247
8351.802
8343.536
8335.29
8327.081
8319.008
8311.028
8303.033
8295.052
8287.185
8279.491
8271.686
8264.017
8256.371
8248.82
8241.288
8233.874
8226.488
8219.089
8211.821
8204.503
8197.358
8190.199
8183.0337
8176.033
8169.0034
8161.9185
8154.75
8146.275
8138.892
8131.763
8124.753
8117.8364
8110.9272
8104.113
8097.39
8090.6787
8084.108
8077.4673
8070.938
8064.5557
8058.0713
8051.6064
8045.213
8039.007
8032.623
8026.2583
8020.133
8013.8804
8007.564
8001.513
7995.4785
7989.427
7983.507
7977.589
7971.6943
7965.7603
7959.965
7954.1895
7948.4707
7942.7705
7937.009
7931.32
7925.7295
7920.1343
7914.612
7909.0366
7903.452
7897.9463
7892.511
7887.062
7881.597
7876.237
7870.9146
7865.6113
7860.377
7855.0767
7849.9155
7844.739
7839.6064
7834.471
7829.295
7824.1865
7819.0117
7813.977
7808.944
7803.876
7798.896
7793.76
7787.9976
7782.3604
7777.202
7772.041
7766.86
7761.8364
7756.8657
7751.852
7747.013
7742.0425
7737.118
7732.1523
7727.314
7722.3965
7717.6187
7712.8623
7708.151
7703.4116
7698.678
7694.0195
7689.1987
7684.614
7679.9565
7675.2866
7670.6157
7666.0205
