10037.216
9981.1875
9922.159
9857.011
9781.408
9692.679
9587.015
9466.685
9324.843
9166.851
8986.667
8791.096
8580.177
8360.853
8134.7407
7905.997
7678.0913
7454.0024
7234.0396
7017.971
6808.512
6604.865
6410.999
6218.5015
6033.3677
5851.2812
5677.6826
5507.497
5343.348
5183.9194
5030.893
4880.361
4736.0703
4598.223
4459.702
4329.5625
4205.545
4080.813
3963.255
3849.6118
3739.1838
3631.0383
3525.6843
3428.245
3330.4038
3239.7795
3147.1023
3057.0742
2969.8535
2885.54
2805.8071
2728.692
2653.1145
2581.2207
2509.7732
2443.597
2374.6897
2313.2864
2254.3337
2191.8113
2134.2593
2079.7158
