10052.489
10045.85
10026.642
10043.92
9997.015
9980.446
9978.441
9932.34
9908.503
9872.446
10532.183
9785.889
9736.145
9715.268
9638.403
9592.942
9618.441
9428.856
9571.205
9390.195
9362.591
9195.448
9924.836
9558.613
9134.226
9035.35
9224.821
9224.248
8967.042
9299.945
9443.267
9316.663
9086.895
9879.568
8710.245
9003.027
8796.534
8577.679
9864.616
9124.54
10855.548
9101.493
9279.734
8669.154
9061.984
9195.929
9307.145
8708.916
9412.532
9480.791
8980.744
9534.552
9190.919
9405.888
9027.029
9097.675
10763.374
9029.117
9141.147
8952.479
8560.149
8963.187
8692.659
9077.483
9073.935
9166.622
9357.399
9276.169
9112.707
9267.323
9305.65
8681.548
8864.158
8990.402
9154.093
9361.257
9076.403
9191.754
9196.117
9283.636
9153.058
9134.169
9603.359
8915.432
8377.993
9264.745
10247.158
9064.676
9345.939
9228.805
9355.958
9523.608
9497.227
9356.699
9177.431
8495.637
9526.553
8425.835
8730.713
9162.798
11487.279
8539.403
8394.456
8888.314
8722.755
8176.663
9075.533
9969.065
8580.972
8283.09
9640.662
11816.049
9808.623
8780.339
12751.608
8983.514
11580.567
8529.041
9086.657
8747.427
9204.898
9540.624
8503.344
9755.777
8191.6777
8870.77
9442.662
8510.445
10578.532
9421.589
8747.931
8373.597
9332.236
8597.008
9245.76
9385.037
8535.9795
9335.613
9393.468
8790.427
8356.149
9749.267
9860.3955
9025.901
8582.892
9125.285
8790.152
10582.898
9262.518
9027.556
9050.427
8367.966
8953.565
8371.052
9500.663
10208.646
9210.952
9228.942
10521.073
8641.101
9872.364
9785.254
10482.649
11436.739
9452.944
9739.747
9282.424
9853.71
9151.265
8498.812
8583.363
9641.437
9722.256
8488.904
8599.489
8179.8667
8885.014
9889.304
9108.402
8977.187
9281.383
9114.719
8757.851
9052.998
10116.376
8507.287
11916.963
9634.089
9864.969
8586.477
9004.914
9671.762
9490.321
8408.205
8981.956
9346.042
8658.117
8947.759
9478.677
8946.085
9436.487
8563.739
9139.572
8425.609
9096.952
9421.597
9465.981
8861.952
9701.475
9531.273
9150.986
9706.773
9173.924
9395.853
9124.224
9986.328
8703.574
8827.444
9816.051
9159.765
8837.537
8588.934
10379.249
9069.585
9029.188
10003.725
8823.021
9413.947
9212.764
9787.326
10525.44
8713.678
8769.098
8797.81
8753.93
8352.892
9449.636
9442.707
9001.962
11133.959
9039.043
9098.88
8840.148
9006.885
9424.376
8577.771
9106.902
8167.746
8832.01
7972.2944
8451.186
8132.2593
8350.361
9252.193
8402.062
9213.261
9974.764
8466.032
9302.496
9024.354
8632.4375
8629.673
9844.456
8480.48
8923.083
9519.382
9380.047
9409.302
10918.773
8836.536
9949.297
8480.774
8779.02
8899.519
8956.394
8869.754
9859.789
11050.924
8541.692
13868.097
8800.434
8308.234
8566.608
8804.368
9202.9
7956.912
9159.34
8341.917
8468.58
9932.898
8513.2705
8668.136
10357.851
9106.997
8875.479
8572.227
9688.067
8217.249
9311.817
8601.835
10204.745
9448.394
9017.232
9357.248
8205.906
10184.898
9017.995
10158.131
9619.783
9739.408
10063.706
9628.529
8606.87
9856.844
8753.052
8985.481
9925.045
8790.73
8335.474
8972.78
8193.449
9049.849
8725.275
8443.365
11194.478
8970.091
9312.7295
9236.08
9357.0625
8944.271
9515.648
8671.74
12334.093
8838.401
9830.242
10258.402
8985.441
9890.358
10167.826
8840.8
9194.65
9811.23
9786.438
8700.339
9296.352
9520.234
9456.369
