10084.041
10080.376
10076.32
10073.376
10071.903
10070.335
10067.983
10067.295
10066.002
10065.453
10064.68
10063.75
10062.79
10062.236
10061.053
10060.518
10059.714
10058.802
10058.086
10057.473
10056.456
10055.475
10054.644
10053.888
10053.142
10052.464
10050.59
10049.474
10048.027
10046.222
10044.901
10043.563
10041.525
10039.958
10037.141
10035.839
10033.485
10030.929
10028.588
10025.2
10020.05
10018.885
10014.654
10009.343
10003.212
9999.768
9991.895
9989.532
9980.162
9973.176
9962.818
9956.938
9943.43
9938.999
9928.302
9914.542
9905.356
9892.906
9881.939
9862.627
9861.2295
9850.369
9823.706
9828.7
9803.748
9785.145
9783.045
9772.146
9748.622
9723.927
9726.201
9679.471
9677.284
9663.797
9659.5205
9645.703
9619.494
9611.607
9590.144
9570.19
9548.61
9544.296
9528.618
9511.283
9500.834
9472.856
9438.2705
9441.382
9421.146
9406.69
9389.916
9358.802
9355.365
9333.3955
9333.541
9315.593
9316.265
9284.837
9268.546
9273.798
9243.508
9215.842
9220.249
9212.958
9194.363
9175.46
9163.559
9128.514
9127.9375
9135.081
9098.923
9080.34
9068.601
9067.808
9059.3
9028.687
9003.743
9001.537
8991.171
8971.22
8973.07
8935.834
8906.479
8912.291
8891.23
8903.728
8887.084
8887.772
8855.095
8844.985
8837.661
8817.044
8809.285
8801.078
8774.885
8755.096
8758.159
8759.148
8746.265
8725.426
8734.597
8728.795
8703.742
8683.054
8683.605
8667.104
8681.419
8664.304
8659.711
8645.62
8612.68
8606.552
8599.356
8584.523
8597.044
8560.502
8577.785
8573.246
8567.111
8540.599
8518.057
8513.793
8506.278
8500.203
8497.194
8485.107
8459.442
8494.45
8455.235
8447.33
8452.883
8442.361
8435.547
8445.127
8412.586
8409.135
8411.211
8396.361
8364.143
8357.581
8362.27
8352.156
8344.686
8352.741
8327.665
8312.747
8305.504
8279.77
8284.139
8274.122
8276.363
8250.347
8255.123
8239.527
8236.518
8217.197
8219.341
8202.787
8233.97
8200.941
8183.3955
8201.961
8186.364
8178.152
8169.685
8174.2397
8161.296
8150.482
8144.1045
8123.9155
8120.4155
8128.985
8110.644
8093.7495
8073.5146
8100.8193
8083.804
8088.293
8093.9053
8074.9775
8049.159
8058.573
8038.5034
8039.0625
8025.7734
8033.7617
8064.0596
8013.293
8016.035
8021.9805
8007.823
7996.4175
7994.0557
7994.869
7970.134
7956.881
7959.745
7957.6406
7953.516
7955.016
7934.933
7951.5186
7895.709
7913.836
7915.1655
7910.035
7904.573
7909.744
7873.2334
7888.092
7884.769
7871.568
7869.8413
7873.281
7839.664
7850.006
7836.602
7834.9233
7816.657
7816.2407
7814.938
7831.4404
7811.4097
7798.3623
7822.415
7808.9795
7824.8457
7810.7114
7792.3154
7770.1855
7794.7427
7762.709
7766.2666
7744.037
7751.0503
7762.732
7745.413
7744.2383
7730.1973
7722.6216
7710.2544
7715.823
7707.31
7700.169
7702.503
7671.2583
7692.589
7689.7285
7690.9395
7678.8286
7669.0386
7668.4224
7663.6914
7681.541
7655.353
7658.6924
7640.158
7652.5864
7636.4087
7615.5825
7629.4736
7616.4795
7623.7324
7624.449
7607.161
7608.142
7588.931
7602.1313
7565.704
7582.1187
7568.0054
7569.102
7577.268
7570.1187
7565.7827
7545.148
7538.676
7532.26
7525.857
7530.7305
7538.094
7536.6616
7539.368
7524.042
7533.633
7519.9316
7527.1987
7511.0923
7501.932
7505.456
7481.7456
7480.7534
7492.2085
7488.741
7489.2627
7460.5464
7461.5576
7466.1924
7456.654
7469.255
7442.7446
7436.0674
7460.103
7424.624
7440.9097
7412.28
7446.191
7427.3364
7420.2524
7409.668
7424.7417
7400.8506
7388.7812
7395.2007
7381.7915
7379.5923
7394.41
7382.4365
7374.249
7376.0635
7370.8096
7349.4326
7364.4414
7373.134
7360.9478
7366.4053
7335.5796
7323.7246
7328.277
7326.67
7335.458
7304.241
7306.713
7308.163
7308.0503
7302.6196
7316.8394
7313.793
7314.305
7295.292
7287.103
7287.1465
7271.3667
7277.101
7275.0815
7263.616
7261.7793
7258.6396
7267.648
7258.532
7242.068
7266.945
7259.8296
7241.786
7247.7163
7237.699
7215.495
7243.425
7233.1587
7223.0703
7223.5596
7214.9595
7217.4087
7213.5796
7217.675
7217.659
7206.3423
7200.4565
7181.704
7171.899
7173.0923
7175.341
7185.572
7170.7607
7168.576
7158.61
7164.167
7150.8467
7165.9854
7136.436
7147.528
7145.6274
7127.873
7137.0225
7125.778
7126.7515
7133.095
7120.251
7121.7085
7118.9844
7112.8433
7101.783
7126.745
7111.8447
7113.5703
7102.137
7088.0566
7091.416
7075.045
7066.0967
7111.7466
7102.9175
7064.35
7076.852
7079.1
7062.9307
7089.8594
7070.401
7059.4937
7069.952
7067.5938
7064.804
7048.2754
7058.698
7053.301
7056.2285
7045.963
7026.6226
7024.3457
7032.7964
7033.218
7017.928
7018.449
7020.0337
7007.9634
7013.213
6993.8003
6996.0957
6994.9434
6997.0728
7001.5024
6985.8354
6982.0186
6990.544
6990.2114
6983.9805
6985.848
6969.883
6977.1997
6964.47
6979.285
6949.408
6961.8228
6964.8447
6958.804
6967.5376
6957.332
6973.857
6946.413
6927.188
6928.2104
6924.5366
6929.05
6928.5107
6920.4907
6924.3945
6915.989
6902.4966
6917.978
6911.0625
6908.1704
6912.702
6914.114
6895.997
6908.6514
6901.8867
6896.0996
6900.569
6889.7466
6882.1597
6872.1035
6874.7964
6868.39
6881.9106
6878.7197
6870.6807
6858.9326
6862.2153
6845.82
6854.374
6848.0493
6852.6616
6863.687
6855.097
6865.746
6868.8164
6850.394
6849.52
6835.292
6845.3765
6817.784
6832.491
6823.405
6813.738
6824.153
6822.872
6825.0186
6828.075
6811.6978
6805.179
6809.7544
6777.9277
6803.4263
6799.6475
6801.449
6802.058
6792.948
6797.6274
6802.675
6805.2456
6787.6167
6795.1646
6779.076
6771.477
6765.5303
6773.308
6784.304
6759.6753
6773.404
6759.1113
6757.478
6758.417
6765.56
6749.283
6748.278
6755.1704
6749.9536
6731.504
6722.211
6747.676
6726.555
6722.2007
6722.0474
6723.393
6746.612
6718.7407
6736.0107
6721.5684
6708.993
6718.827
6738.0796
6696.5205
6722.8384
6701.216
6704.1704
6692.4736
6678.3335
6682.977
6686.7305
6680.579
6690.6675
6688.5713
6675.1343
6686.265
6673.811
6690.2036
6683.4834
6676.111
6669.7183
6667.637
6657.8267
6674.5273
6649.748
6651.1045
6642.8096
6656.637
6648.134
6657.649
6647.408
6651.3774
6631.6895
6632.44
6631.287
6633.204
6618.484
6621.315
6622.4463
6621.5386
6622.468
6606.917
6607.53
6601.1416
6628.5913
6620.326
6608.228
6594.678
6606.42
6606.026
6590.614
6598.484
6594.0903
6591.6045
6601.1187
6597.338
6591.3667
6581.427
6578.1177
6585.7656
6590.4297
6574.593
6578.24
6599.513
6581.3164
6564.373
6580.3486
6571.9165
6589.1313
6567.2583
6566.858
6574.23
6550.97
6555.8735
6538.01
6551.2114
6535.706
6541.228
6551.2715
6542.3384
6551.216
6519.8623
6525.27
6524.06
6539.6733
6522.5356
6530.2896
6522.8525
6526.004
6515.292
6519.1533
6510.496
6502.607
6512.9937
6502.7734
6502.94
6501.311
6496.968
6491.713
6509.1104
6498.4194
6485.875
6506.3228
6496.469
6492.484
6485.1973
6477.342
6477.563
6490.691
6474.173
6477.79
6482.9897
6476.199
6464.1543
6465.6343
6468.551
6451.7524
6452.422
6447.1265
6454.7915
6438.83
6440.3433
6458.2695
6439.888
6428.095
6426.648
6438.898
6430.5977
6439.046
6433.109
6439.9287
6428.832
6418.889
6408.525
6436.033
6403.5845
6419.153
6415.5234
6415.9316
6410.5366
6388.3716
6388.8867
6390.735
6403.0454
6394.14
6394.322
6383.0894
6396.077
6405.322
6386.9146
6394.312
6392.665
6388.0884
6390.7134
6379.3623
6383.9644
6371.697
6377.628
6379.349
6375.375
6371.748
6382.6626
6366.666
6359.996
6358.0034
6363.5054
6353.931
6364.894
6359.5654
6346.261
6347.463
6359.033
6348.6763
6349.6777
6335.3276
6331.153
6349.3047
6342.1436
6338.0073
6347.659
6325.531
6333.285
6326.7266
6327.0854
6316.869
6319.969
6318.9116
6322.325
6310.503
6309.3506
6344.441
6298.6
6310.783
6291.727
6301.036
6290.661
