10113.729
10108.922
10104.76
10101.766
10099.432
10097.748
10096.203
10094.482
10093.041
10091.676
10090.346
10089.171
10087.97
10086.782
10085.438
10083.97
10082.355
10080.039
10078.658
10077.499
10076.425
10075.314
10074.275
10073.162
10072.027
10071.046
10070.131
10069.239
10068.378
10067.605
10066.874
10066.182
10065.486
10064.765
10064.079
10063.445
10062.826
10062.181
10061.564
10060.936
10060.326
10059.705
10059.063
10058.432
10057.799
10057.178
10056.567
10055.983
10055.424
10054.876
10054.325
10053.772
10053.217
10052.686
10052.165
10051.644
10051.142
10050.634
10050.128
10049.62
10049.116
10048.622
10048.126
10047.63
10047.127
10046.637
10046.131
10045.637
10045.152
10044.674
10044.2
10043.738
10043.271
10042.819
10042.37
10041.922
10041.478
10041.04
10040.611
10040.182
10039.764
10039.352
10038.938
10038.534
10038.124
10037.716
10037.313
10036.907
10036.494
10036.078
10035.67
10035.261
10034.857
10034.452
10034.05
10033.646
10033.247
10032.849
10032.449
10032.05
10031.653
10031.255
10030.868
10030.482
10030.101
10029.723
10029.341
10028.959
10028.583
10028.203
10027.828
10027.45
10027.073
10026.697
10026.328
10025.956
10025.594
10025.228
10024.863
10024.503
10024.1455
10023.785
10023.428
10023.07
10022.715
10022.361
10022.004
10021.651
10021.293
10020.937
10020.588
10020.236
10019.884
10019.528
10019.184
10018.836
10018.486
10018.139
10017.797
10017.447
10017.105
10016.759
10016.412
10016.074
10015.733
10015.3955
10015.055
10014.72
10014.383
10014.052
10013.712
10013.373
10013.043
10012.708
10012.373
10012.041
10011.711
10011.37
10011.04
10010.71
10010.378
10010.043
10009.715
10009.382
10009.05
10008.717
10008.382
10008.044
10007.706
10007.363
10007.016
10006.672
10006.33
10005.987
10005.644
10005.296
10004.9375
10004.588
10004.241
10003.891
10003.555
10003.217
10002.875
10002.517
10002.154
10001.79
10001.4375
10001.086
10000.734
10000.373
10000.025
9999.675
9999.326
9998.97
9998.606
9998.257
9997.909
9997.564
9997.224
9996.888
9996.551
9996.212
9995.869
9995.527
9995.1875
9994.848
9994.505
9994.16
9993.815
9993.476
9993.137
9992.803
9992.468
9992.139
9991.802
9991.472
9991.135
9990.805
9990.469
9990.136
9989.798
9989.462
9989.123
9988.78
9988.442
9988.104
9987.761
9987.421
9987.085
9986.745
9986.412
9986.078
9985.748
9985.419
9985.09
9984.761
9984.435
9984.106
9983.778
9983.449
9983.121
9982.793
9982.464
9982.137
9981.812
9981.481
9981.15
9980.818
9980.488
9980.154
9979.827
9979.492
9979.16
9978.831
9978.498
9978.166
9977.837
9977.499
9977.167
9976.833
9976.503
9976.168
9975.829
9975.496
9975.163
9974.825
9974.489
9974.157
9973.824
9973.489
9973.154
9972.822
9972.489
9972.157
9971.826
9971.491
9971.156
9970.824
9970.494
9970.168
9969.834
9969.503
9969.168
9968.841
9968.51
9968.179
9967.849
9967.518
9967.19
9966.861
9966.532
9966.2
9965.878
9965.549
9965.219
9964.892
9964.563
9964.236
9963.911
9963.584
9963.257
9962.93
9962.6045
9962.279
9961.953
9961.629
9961.306
9960.98
9960.656
9960.334
9960.007
9959.684
9959.359
9959.03
9958.709
9958.384
9958.058
9957.735
9957.409
9957.09
9956.766
9956.442
9956.118
9955.794
9955.476
9955.151
9954.83
9954.508
9954.185
9953.863
9953.539
9953.217
9952.896
9952.572
9952.252
9951.93
9951.604
9951.284
9950.959
9950.641
9950.3125
9949.999
9949.673
9949.352
9949.027
9948.706
9948.383
9948.058
9947.739
9947.415
9947.091
9946.768
9946.443
9946.121
9945.795
9945.468
9945.146
9944.818
9944.493
9944.157
9943.829
9943.505
9943.173
9942.839
9942.504
9942.167
9941.828
9941.488
9941.149
9940.824
9940.491
9940.156
9939.823
9939.492
9939.161
9938.824
9938.493
9938.157
9937.819
9937.483
9937.1455
9936.814
9936.477
9936.139
9935.797
9935.461
9935.118
9934.783
9934.435
9934.086
9933.739
9933.383
9933.021
9932.663
9932.299
9931.927
9931.555
9931.178
9930.8
9930.428
9930.044
9929.664
9929.286
9928.915
9928.538
9928.158
9927.778
9927.393
9926.991
9926.601
9926.208
9925.8125
9925.433
9925.061
9924.688
9924.318
9923.949
9923.588
9923.229
9922.865
9922.501
9922.14
9921.782
9921.421
9921.059
9920.706
9920.352
9919.996
9919.634
9919.28
9918.926
9918.57
9918.215
9917.853
9917.498
9917.144
9916.786
9916.429
9916.071
9915.714
9915.355
9915.0
9914.639
9914.28
9913.922
9913.564
9913.202
9912.838
9912.482
9912.119
9911.76
9911.402
9911.041
9910.679
9910.316
9909.959
9909.595
9909.233
9908.866
9908.506
9908.141
9907.777
9907.411
9907.045
9906.671
9906.303
9905.928
9905.548
9905.165
9904.782
9904.402
9904.024
9903.645
9903.264
9902.88
9902.5
9902.124
9901.744
9901.362
9900.983
9900.6045
9900.23
9899.854
9899.48
9899.101
9898.727
9898.356
9897.9795
9897.604
9897.2295
9896.854
9896.48
9896.1045
9895.73
9895.354
9894.979
9894.6045
9894.233
9893.856
9893.4795
9893.107
9892.732
9892.354
9891.98
9891.6045
9891.228
9890.852
9890.477
9890.1
9889.728
9889.352
9888.977
9888.6045
9888.227
9887.853
9887.476
9887.1045
9886.727
9886.353
9885.9795
9885.599
9885.224
9884.848
9884.471
9884.094
9883.717
9883.34
9882.967
9882.589
9882.211
9881.833
9881.456
9881.081
9880.703
9880.328
9879.948
9879.569
9879.196
9878.818
9878.436
9878.0625
9877.682
9877.305
9876.926
9876.546
9876.17
9875.786
9875.41
9875.032
9874.65
9874.274
9873.892
9873.512
9873.131
9872.752
9872.373
9871.994
9871.61
9871.239
9870.852
9870.469
9870.091
9869.711
9869.331
9868.946
9868.565
9868.183
9867.805
9867.423
9867.037
9866.652
9866.2705
9865.886
9865.501
9865.115
9864.731
9864.344
9863.959
9863.568
9863.187
9862.798
9862.413
9862.023
9861.633
9861.246
9860.856
9860.468
9860.074
9859.683
9859.296
9858.904
9858.513
9858.117
9857.728
9857.338
9856.941
9856.553
9856.158
9855.771
9855.379
9854.985
9854.592
9854.196
9853.81
9853.415
9853.023
9852.628
9852.234
9851.842
9851.447
9851.054
9850.66
9850.266
9849.869
9849.472
9849.081
9848.6875
9848.297
9847.901
9847.501
9847.109
9846.711
9846.318
9845.919
9845.523
9845.126
9844.729
9844.333
9843.935
9843.541
9843.14
9842.746
9842.345
9841.951
9841.549
9841.148
9840.753
9840.3545
9839.955
9839.555
9839.157
9838.758
9838.358
9837.957
9837.558
9837.158
9836.754
9836.3545
9835.954
9835.554
9835.153
9834.749
9834.35
9833.946
9833.542
9833.144
9832.74
9832.337
9831.934
9831.532
9831.126
9830.723
9830.32
9829.912
9829.51
9829.101
9828.697
9828.293
9827.886
9827.479
9827.069
9826.659
9826.258
9825.846
9825.441
9825.027
9824.621
9824.215
9823.807
9823.393
9822.987
9822.575
9822.165
9821.756
9821.349
9820.938
9820.529
9820.116
9819.704
9819.291
9818.885
9818.475
9818.06
9817.653
9817.235
9816.824
9816.414
9816.001
9815.586
9815.176
9814.759
9814.346
9813.929
9813.515
9813.099
9812.689
9812.266
9811.853
9811.437
9811.019
9810.604
9810.182
9809.769
9809.353
9808.93
9808.517
9808.093
9807.678
9807.256
9806.836
9806.416
9805.993
9805.575
9805.152
9804.7295
9804.309
9803.89
9803.466
9803.039
9802.62
9802.199
9801.777
9801.352
9800.929
9800.506
9800.077
9799.659
9799.231
9798.808
9798.384
9797.959
9797.529
9797.105
9796.676
9796.25
9795.826
9795.394
9794.967
9794.541
9794.117
9793.685
9793.254
9792.828
9792.4
9791.976
9791.544
9791.112
9790.6875
9790.253
9789.825
9789.388
9788.966
9788.532
9788.099
9787.673
9787.238
9786.811
9786.379
9785.944
9785.511
9785.081
9784.6455
9784.214
9783.78
9783.342
9782.908
9782.47
9782.042
9781.603
9781.166
9780.729
9780.293
9779.857
9779.422
9778.982
9778.544
9778.11
9777.668
9777.233
9776.791
9776.3545
9775.913
9775.477
9775.039
9774.597
9774.16
9773.722
9773.281
9772.84
9772.402
9771.956
9771.519
9771.076
9770.64
9770.193
9769.751
9769.314
9768.87
9768.429
9767.984
9767.541
9767.104
9766.652
9766.213
9765.766
9765.319
9764.876
9764.427
9763.978
9763.535
9763.088
9762.642
9762.191
9761.745
9761.299
9760.848
9760.4
9759.948
9759.5
9759.047
9758.587
9758.133
9757.677
9757.226
9756.7705
9756.313
9755.862
9755.409
9754.951
9754.495
9754.041
9753.587
9753.135
9752.674
9752.221
9751.768
9751.308
9750.855
9750.3955
9749.9375
9749.483
9749.024
9748.565
9748.105
9747.646
9747.187
9746.726
9746.264
9745.805
9745.339
9744.879
9744.417
9743.95
9743.488
9743.025
9742.562
9742.095
9741.63
9741.165
9740.696
9740.233
9739.767
9739.302
9738.831
9738.367
9737.899
9737.433
9736.963
9736.497
9736.028
9735.5625
9735.1
9734.628
9734.154
9733.6875
9733.217
9732.745
9732.2705
9731.795
9731.326
9730.848
9730.369
9729.893
9729.413
9728.9375
9728.458
9727.978
9727.494
9727.009
9726.526
9726.041
9725.549
9725.061
9724.573
9724.084
9723.594
9723.1045
9722.615
9722.125
9721.633
9721.144
9720.646
9720.156
9719.673
9719.176
9718.684
9718.197
9717.698
9717.209
9716.715
9716.222
9715.7295
9715.236
9714.743
9714.245
9713.75
9713.257
9712.759
9712.265
9711.769
9711.272
9710.774
9710.278
9709.773
9709.276
9708.778
9708.276
9707.768
9707.269
9706.766
9706.26
9705.759
9705.253
9704.749
9704.244
9703.746
9703.242
9702.73
9702.232
9701.729
9701.224
9700.722
9700.22
9699.713
9699.207
9698.708
9698.2
9697.695
9697.189
9696.684
9696.18
9695.675
9695.168
9694.662
9694.156
9693.6455
9693.143
9692.635
9692.126
9691.618
9691.108
9690.604
9690.096
9689.588
9689.08
9688.568
9688.063
9687.554
9687.044
9686.535
9686.026
9685.518
9685.002
9684.499
9683.985
9683.478
9682.966
9682.454
9681.943
9681.432
9680.922
9680.408
9679.8955
9679.385
9678.875
9678.359
9677.846
9677.335
9676.82
9676.304
9675.793
9675.279
9674.762
9674.246
9673.735
9673.218
9672.702
9672.185
9671.672
9671.154
9670.636
9670.12
9669.602
9669.084
9668.565
9668.048
9667.529
9667.014
9666.493
9665.972
9665.452
9664.935
9664.416
9663.8955
9663.371
9662.854
9662.333
9661.812
9661.289
9660.7705
9660.246
9659.723
9659.198
9658.676
9658.154
9657.627
9657.105
9656.582
9656.06
9655.531
9655.004
9654.4795
9653.953
9653.429
9652.9
9652.373
9651.844
9651.317
9650.79
9650.26
9649.731
9649.204
9648.675
9648.145
9647.614
9647.084
9646.556
9646.025
9645.497
9644.966
9644.43
9643.904
9643.368
9642.838
9642.309
9641.775
9641.241
9640.707
9640.173
9639.642
9639.11
9638.573
9638.039
9637.504
9636.969
9636.435
9635.898
9635.363
9634.828
9634.289
9633.752
9633.217
9632.68
9632.145
9631.6045
9631.068
9630.531
9629.993
9629.456
9628.917
9628.381
9627.837
9627.296
9626.762
9626.217
9625.678
9625.144
9624.597
9624.057
9623.515
9622.975
9622.434
9621.887
9621.347
9620.802
9620.257
9619.715
9619.174
9618.628
9618.08
9617.537
9616.994
9616.449
9615.903
9615.357
9614.814
9614.2705
9613.724
9613.177
9612.63
9612.084
9611.538
9610.99
9610.444
9609.8955
9609.351
9608.804
9608.254
9607.709
9607.158
9606.607
9606.059
9605.51
9604.957
9604.41
9603.857
9603.312
9602.756
9602.209
9601.659
9601.1045
9600.553
9600.002
9599.448
9598.895
9598.345
9597.79
9597.236
9596.68
9596.128
9595.573
9595.0205
9594.461
9593.91
9593.357
9592.799
9592.246
9591.686
9591.131
9590.573
9590.019
9589.46
9588.903
9588.345
9587.784
9587.227
9586.671
9586.109
9585.553
9584.99
9584.432
9583.871
9583.309
9582.752
9582.184
9581.625
9581.0625
9580.502
9579.938
9579.374
9578.81
9578.247
9577.685
9577.122
9576.558
9575.994
9575.43
9574.867
9574.302
9573.734
9573.175
9572.605
9572.038
9571.475
9570.91
9570.34
9569.774
9569.208
9568.64
9568.076
9567.507
9566.94
9566.375
9565.808
9565.237
9564.668
9564.098
9563.53
9562.959
9562.387
9561.817
9561.246
9560.676
9560.1045
9559.531
9558.954
9558.386
9557.811
9557.236
9556.664
9556.087
9555.515
9554.939
9554.364
9553.79
9553.215
9552.641
9552.064
9551.491
9550.915
9550.341
9549.764
9549.188
9548.61
9548.036
9547.454
9546.883
9546.301
9545.725
9545.146
9544.57
9543.99
9543.414
9542.833
9542.256
9541.68
9541.102
9540.519
9539.941
9539.36
9538.781
9538.197
9537.62
9537.039
9536.464
9535.879
9535.301
9534.72
9534.135
9533.555
9532.972
9532.394
9531.809
9531.226
9530.645
9530.059
9529.476
9528.894
9528.308
9527.725
9527.143
9526.557
9525.972
9525.386
9524.8
9524.22
9523.628
9523.046
9522.459
9521.875
9521.286
9520.7
9520.112
9519.525
9518.936
9518.348
9517.76
9517.174
9516.585
9515.992
9515.407
9514.8125
9514.229
9513.636
9513.045
9512.455
9511.866
9511.274
9510.681
9510.087
9509.495
9508.904
9508.312
9507.715
9507.119
9506.53
9505.935
9505.345
9504.749
9504.154
9503.559
9502.965
9502.366
9501.773
9501.172
9500.578
9499.982
9499.382
9498.788
9498.194
9497.589
9496.997
9496.3955
9495.797
9495.199
9494.605
9494.005
9493.407
9492.809
9492.209
9491.61
9491.013
9490.415
9489.814
9489.215
9488.613
9488.016
9487.417
9486.814
9486.221
9485.617
9485.019
9484.419
9483.819
9483.217
9482.614
9482.018
9481.417
9480.813
9480.213
9479.611
9479.01
9478.403
9477.806
9477.197
9476.597
9475.995
9475.392
9474.787
9474.1875
9473.582
9472.978
9472.378
9471.771
9471.168
9470.562
9469.962
9469.3545
9468.751
9468.146
9467.541
9466.934
9466.332
9465.729
9465.121
9464.519
9463.914
9463.306
9462.699
9462.097
9461.488
9460.883
9460.276
9459.672
9459.066
9458.463
9457.8545
9457.251
9456.646
9456.04
9455.432
9454.827
9454.22
9453.61
9453.008
9452.398
9451.793
9451.182
9450.578
9449.972
9449.361
9448.754
9448.149
9447.538
9446.934
9446.323
9445.715
9445.108
9444.502
9443.891
9443.285
9442.676
9442.065
9441.456
9440.847
9440.239
9439.631
9439.021
9438.413
9437.8
9437.193
9436.584
9435.973
9435.363
9434.755
9434.144
9433.532
9432.922
9432.311
9431.699
9431.089
9430.478
9429.865
9429.259
9428.6455
9428.033
9427.424
9426.81
9426.202
9425.594
9424.978
9424.366
9423.752
9423.141
9422.531
9421.918
9421.308
9420.695
9420.083
9419.472
9418.859
9418.249
9417.635
9417.0205
9416.41
9415.799
9415.186
9414.574
9413.963
9413.352
9412.739
9412.13
9411.516
9410.899
9410.29
9409.677
9409.066
9408.45
9407.84
9407.2295
9406.616
9406.003
9405.392
9404.775
9404.166
9403.554
9402.939
9402.322
9401.714
9401.097
9400.486
9399.874
9399.264
9398.645
9398.035
9397.421
9396.808
9396.191
9395.578
9394.964
9394.351
9393.733
9393.123
9392.508
9391.891
9391.282
9390.665
9390.05
9389.435
9388.819
9388.206
9387.592
9386.976
9386.361
9385.748
9385.133
9384.518
9383.903
9383.287
9382.672
9382.057
9381.438
9380.828
9380.208
9379.596
9378.979
9378.363
9377.747
9377.131
9376.52
9375.897
9375.289
9374.67
9374.056
9373.439
9372.822
9372.208
9371.593
9370.9795
9370.363
9369.746
9369.131
9368.518
9367.895
9367.282
9366.667
9366.051
9365.436
9364.819
9364.205
9363.591
9362.973
9362.358
9361.741
9361.124
9360.513
9359.8955
9359.281
9358.664
9358.05
9357.432
9356.814
9356.199
9355.583
9354.968
9354.348
9353.733
9353.117
9352.504
9351.886
9351.271
9350.657
9350.037
9349.424
9348.806
9348.191
9347.574
9346.957
9346.343
9345.726
9345.11
9344.493
9343.877
9343.263
9342.646
9342.031
9341.411
9340.795
9340.177
9339.562
9338.947
9338.329
9337.713
9337.097
9336.481
9335.865
9335.25
9334.632
9334.016
9333.4
9332.783
9332.169
9331.554
9330.936
9330.317
9329.704
9329.091
9328.473
9327.857
9327.24
9326.623
9326.009
9325.391
9324.779
9324.161
9323.543
9322.93
9322.309
9321.699
9321.08
9320.464
9319.845
9319.228
9318.611
9317.996
9317.382
9316.762
9316.147
9315.532
9314.914
9314.301
9313.684
9313.067
9312.449
9311.834
9311.216
9310.603
9309.987
9309.368
9308.752
9308.137
9307.522
9306.906
9306.29
9305.675
9305.0625
9304.443
9303.826
9303.211
9302.596
9301.98
9301.366
9300.746
9300.134
9299.519
9298.9
9298.285
9297.671
9297.059
9296.438
9295.83
9295.212
9294.596
9293.982
9293.366
9292.753
9292.135
9291.523
9290.905
9290.293
9289.677
9289.063
9288.447
9287.834
9287.218
9286.603
9285.989
9285.374
9284.76
9284.146
9283.532
9282.917
9282.306
9281.6875
9281.076
9280.458
9279.847
9279.232
9278.614
9278.004
9277.392
9276.774
9276.16
9275.544
9274.935
9274.32
9273.71
9273.094
9272.4795
9271.866
9271.253
9270.639
9270.024
9269.409
9268.797
9268.186
9267.569
9266.957
9266.341
9265.731
9265.119
9264.501
9263.892
9263.277
9262.659
9262.05
9261.438
9260.823
9260.209
9259.594
9258.9795
9258.366
9257.754
9257.144
9256.528
9255.919
9255.302
9254.69
9254.077
9253.467
9252.854
9252.237
9251.627
9251.018
9250.401
9249.786
9249.175
9248.565
9247.952
9247.342
9246.727
9246.114
9245.502
9244.892
9244.279
9243.666
9243.055
9242.443
9241.831
9241.223
9240.608
9239.996
9239.383
9238.776
9238.161
9237.552
9236.942
9236.329
9235.716
9235.106
9234.492
9233.887
9233.273
9232.661
9232.054
9231.438
9230.825
9230.221
9229.609
9228.996
9228.387
9227.776
9227.163
9226.555
9225.946
9225.336
9224.727
9224.115
9223.507
9222.894
9222.29
9221.676
9221.066
9220.458
9219.848
9219.242
9218.631
9218.021
9217.411
9216.801
9216.193
9215.584
9214.976
9214.366
9213.761
9213.149
9212.543
9211.932
9211.325
9210.718
9210.106
9209.502
9208.894
9208.285
9207.677
9207.067
9206.463
9205.855
9205.25
9204.641
9204.036
9203.432
9202.823
9202.219
9201.611
9201.006
9200.396
9199.794
9199.19
9198.581
9197.977
9197.373
9196.765
9196.157
9195.553
9194.948
9194.344
9193.738
9193.133
9192.527
9191.922
9191.318
9190.708
9190.1045
9189.503
9188.896
9188.294
9187.6875
9187.084
9186.4795
9185.875
9185.2705
9184.666
9184.0625
9183.455
9182.854
9182.247
9181.644
9181.041
9180.439
9179.836
9179.231
9178.628
9178.028
9177.423
9176.819
9176.216
9175.614
9175.012
9174.411
9173.811
9173.204
9172.6045
9172.003
9171.398
9170.801
9170.2
9169.597
9168.997
9168.396
9167.795
9167.195
9166.596
9165.994
9165.395
9164.798
9164.191
9163.598
9162.996
9162.397
9161.795
9161.2
9160.599
9159.997
9159.399
9158.803
9158.201
9157.609
9157.009
9156.411
9155.815
9155.217
9154.617
9154.024
9153.427
9152.829
9152.233
9151.637
9151.04
9150.448
9149.851
9149.252
9148.66
9148.064
9147.467
9146.878
9146.28
9145.688
9145.093
9144.498
9143.906
9143.307
9142.717
9142.125
9141.528
9140.938
9140.344
9139.755
9139.163
9138.57
9137.98
9137.387
9136.796
9136.202
9135.616
9135.022
9134.431
9133.841
9133.253
9132.658
9132.07
9131.48
9130.892
9130.301
9129.713
9129.125
9128.537
9127.949
9127.358
9126.769
9126.182
9125.591
9125.004
9124.42
9123.833
9123.249
9122.658
9122.073
9121.488
9120.901
9120.314
9119.7295
9119.144
9118.559
9117.973
9117.393
9116.807
9116.225
9115.636
9115.055
9114.469
9113.888
9113.303
9112.72
9112.135
9111.554
9110.971
9110.387
9109.808
9109.224
9108.643
9108.061
9107.477
9106.896
9106.313
9105.73
9105.151
9104.572
9103.991
9103.409
9102.832
9102.252
9101.669
9101.093
9100.513
9099.937
9099.358
9098.776
9098.199
9097.619
9097.045
9096.464
9095.891
9095.308
9094.734
9094.154
9093.58
9093.004
9092.425
9091.851
9091.274
9090.696
9090.123
9089.545
9088.97
9088.397
9087.823
9087.242
9086.672
9086.099
9085.522
9084.948
9084.376
9083.802
9083.228
9082.654
9082.082
9081.507
9080.937
9080.37
9079.79
9079.219
9078.65
9078.078
9077.507
9076.9375
9076.362
9075.793
9075.224
9074.649
9074.084
9073.513
9072.943
9072.372
9071.803
9071.234
9070.664
9070.096
9069.524
9068.961
9068.388
9067.819
9067.253
9066.686
9066.118
9065.552
9064.984
9064.417
9063.85
9063.282
9062.714
9062.149
9061.581
9061.013
9060.449
9059.886
9059.315
9058.752
9058.186
9057.62
9057.052
9056.487
9055.921
9055.356
9054.795
9054.229
9053.663
9053.1
9052.533
9051.967
9051.406
9050.84
9050.278
9049.716
9049.15
9048.59
9048.023
9047.466
9046.897
9046.339
9045.772
9045.208
9044.643
9044.081
9043.517
9042.951
9042.391
9041.828
9041.266
9040.699
9040.142
9039.578
9039.014
9038.456
9037.893
9037.332
9036.769
9036.212
9035.651
9035.09
9034.53
9033.969
9033.412
9032.8545
9032.293
9031.733
9031.179
9030.615
9030.061
9029.501
9028.942
9028.386
9027.831
9027.267
9026.711
9026.155
9025.599
9025.042
9024.487
9023.929
9023.375
9022.818
9022.262
9021.706
9021.157
9020.6
9020.047
9019.492
9018.935
9018.385
9017.828
9017.275
9016.723
9016.175
9015.616
9015.065
9014.513
9013.962
9013.408
9012.859
9012.308
9011.758
9011.207
9010.655
9010.106
9009.558
9009.01
9008.458
9007.91
9007.36
9006.812
9006.265
9005.715
9005.168
9004.619
9004.071
9003.522
9002.979
9002.431
9001.878
9001.337
9000.788
9000.24
8999.696
8999.149
8998.601
8998.057
8997.509
8996.967
8996.421
8995.874
8995.326
8994.781
8994.237
8993.692
8993.147
8992.602
8992.06
8991.516
8990.97
8990.427
8989.882
8989.337
8988.796
8988.248
8987.708
8987.166
8986.619
8986.075
8985.534
8984.99
8984.446
8983.901
8983.361
8982.818
8982.278
8981.735
8981.193
8980.65
8980.113
8979.572
8979.027
8978.489
8977.95
8977.406
8976.866
8976.326
8975.79
8975.249
8974.711
8974.169
8973.631
8973.096
8972.554
8972.017
8971.48
8970.942
8970.406
8969.871
8969.333
8968.795
8968.259
8967.724
8967.189
8966.652
8966.116
8965.581
8965.045
8964.514
8963.975
8963.443
8962.907
8962.374
8961.839
8961.309
8960.772
8960.24
8959.705
8959.173
8958.642
8958.105
8957.576
8957.043
8956.512
8955.9795
8955.448
8954.915
8954.383
8953.85
8953.318
8952.791
8952.26
8951.729
8951.199
8950.671
8950.143
8949.614
8949.083
8948.555
8948.025
8947.495
8946.971
8946.441
8945.914
8945.384
8944.859
8944.334
8943.806
8943.278
8942.751
8942.225
8941.694
8941.17
8940.645
8940.12
8939.596
8939.069
8938.544
8938.021
8937.497
8936.972
8936.45
8935.93
8935.403
8934.883
8934.358
8933.84
8933.315
8932.798
8932.276
8931.753
8931.232
8930.711
8930.189
8929.671
8929.153
8928.631
8928.111
8927.592
8927.075
8926.556
8926.036
8925.522
8925.006
8924.488
8923.968
8923.452
8922.937
8922.422
8921.906
8921.391
8920.875
8920.359
8919.846
8919.331
8918.816
8918.3
8917.791
8917.276
8916.761
8916.248
8915.738
8915.221
8914.71
8914.194
8913.685
8913.174
8912.662
8912.149
8911.638
8911.128
8910.617
8910.108
8909.598
8909.09
8908.578
8908.07
8907.56
8907.051
8906.542
8906.033
8905.526
8905.02
8904.509
8904.005
8903.493
8902.991
8902.48
8901.976
8901.467
8900.96
8900.453
8899.951
8899.444
8898.9375
8898.432
8897.93
8897.426
8896.921
8896.414
8895.913
8895.409
8894.906
8894.402
8893.897
8893.3955
8892.8955
8892.3955
8891.894
8891.389
8890.888
8890.383
8889.884
8889.384
8888.883
8888.381
8887.885
8887.385
8886.886
8886.386
8885.885
8885.385
8884.889
8884.393
8883.895
8883.3955
8882.898
8882.397
8881.903
8881.404
8880.91
8880.416
8879.916
8879.421
8878.925
8878.433
8877.938
8877.442
8876.949
8876.452
8875.96
8875.464
8874.971
8874.478
8873.983
8873.492
8873.001
8872.505
8872.016
8871.521
8871.03
8870.537
8870.048
8869.559
8869.063
8868.578
8868.084
8867.597
8867.105
8866.614
8866.127
8865.637
8865.148
8864.66
8864.171
8863.684
8863.193
8862.706
8862.222
8861.734
8861.243
8860.758
8860.271
8859.784
8859.301
8858.813
8858.33
8857.842
8857.361
8856.872
8856.39
8855.906
8855.419
8854.932
8854.446
8853.963
8853.481
8852.998
8852.516
8852.028
8851.546
8851.069
8850.583
8850.101
8849.615
8849.135
8848.654
8848.171
8847.688
8847.21
8846.7295
8846.247
8845.766
8845.285
8844.807
8844.325
8843.845
8843.366
8842.888
8842.406
8841.929
8841.448
8840.97
8840.491
8840.017
8839.54
8839.059
8838.582
8838.102
8837.629
8837.147
8836.675
8836.198
8835.721
8835.244
8834.77
8834.29
8833.814
8833.338
8832.864
8832.39
8831.915
8831.4375
8830.967
8830.491
8830.021
8829.54
8829.069
8828.6
8828.125
8827.648
8827.177
8826.706
8826.235
8825.764
8825.291
8824.82
8824.347
8823.876
8823.409
8822.936
8822.466
8821.996
8821.525
8821.057
8820.586
8820.12
8819.651
8819.181
8818.716
8818.246
8817.777
8817.312
8816.841
8816.375
8815.911
8815.446
8814.978
8814.515
8814.049
8813.581
8813.118
8812.654
8812.187
8811.725
8811.261
8810.798
8810.333
8809.869
8809.407
8808.944
8808.479
8808.0205
8807.556
8807.095
8806.631
8806.17
8805.709
8805.247
8804.788
8804.325
8803.864
8803.403
8802.943
8802.482
8802.021
8801.561
8801.102
8800.642
8800.183
8799.724
8799.264
8798.805
8798.348
8797.89
8797.427
8796.97
8796.513
8796.058
8795.598
8795.143
8794.684
8794.231
8793.772
8793.315
8792.862
8792.407
8791.949
8791.496
8791.039
8790.585
8790.128
8789.676
8789.224
8788.769
8788.312
8787.859
8787.408
8786.956
8786.506
8786.048
8785.596
8785.144
8784.69
8784.238
8783.786
8783.336
8782.885
8782.431
8781.982
8781.53
8781.083
8780.627
8780.182
8779.729
8779.279
8778.829
8778.376
8777.929
8777.481
8777.031
8776.585
8776.134
8775.688
8775.24
8774.79
8774.344
8773.896
8773.45
8773.002
8772.555
8772.11
8771.668
8771.217
8770.776
8770.326
8769.885
8769.4375
8768.994
8768.548
8768.105
8767.661
8767.218
8766.773
8766.331
8765.889
8765.443
8765.002
8764.561
8764.115
8763.676
8763.231
8762.795
8762.348
8761.909
8761.468
8761.026
8760.585
8760.145
8759.707
8759.266
8758.828
8758.385
8757.948
8757.507
8757.07
8756.633
8756.191
8755.756
8755.318
8754.876
8754.442
8754.004
8753.567
8753.128
8752.69
8752.258
8751.821
8751.386
8750.948
8750.512
8750.081
8749.644
8749.207
8748.774
8748.338
8747.903
8747.469
8747.036
8746.601
8746.168
8745.733
8745.301
8744.867
8744.436
8744.004
8743.571
8743.142
8742.708
8742.274
8741.845
8741.414
8740.979
8740.548
8740.116
8739.687
8739.257
8738.825
8738.397
8737.965
8737.537
8737.107
8736.679
8736.249
8735.822
8735.392
8734.966
8734.535
8734.105
8733.679
8733.25
8732.822
8732.393
8731.969
8731.538
8731.113
8730.684
8730.26
8729.834
8729.404
8728.9795
8728.553
8728.124
8727.702
8727.279
8726.85
8726.427
8725.999
8725.576
8725.152
8724.7295
8724.303
8723.882
8723.457
8723.033
8722.609
8722.1875
8721.766
8721.339
8720.915
8720.493
8720.073
8719.65
8719.23
8718.81
8718.387
8717.967
8717.55
8717.124
8716.704
8716.284
8715.866
8715.444
8715.023
8714.605
8714.185
8713.766
8713.35
8712.93
8712.513
8712.094
8711.675
8711.258
8710.84
8710.422
8710.005
8709.589
8709.173
8708.755
8708.335
8707.923
8707.504
8707.091
8706.674
8706.258
8705.84
8705.427
8705.013
8704.598
8704.185
8703.77
8703.355
8702.938
8702.524
8702.108
8701.698
8701.287
8700.87
8700.458
8700.047
8699.631
8699.222
8698.808
8698.397
8697.981
8697.572
8697.159
8696.749
8696.338
8695.923
8695.515
8695.106
8694.693
8694.284
8693.873
8693.462
8693.053
8692.641
8692.23
8691.82
8691.414
8691.003
8690.596
8690.188
8689.781
8689.372
8688.966
8688.556
8688.15
8687.741
8687.336
8686.928
8686.522
8686.114
8685.705
8685.303
8684.898
8684.49
8684.087
8683.681
8683.276
8682.872
8682.469
8682.062
8681.654
8681.254
8680.852
8680.447
8680.042
8679.636
8679.233
8678.835
8678.429
8678.025
8677.627
8677.225
8676.82
8676.416
8676.014
8675.615
8675.213
8674.814
8674.408
8674.01
8673.606
8673.21
8672.808
8672.406
8672.008
8671.605
8671.206
8670.81
8670.411
8670.011
8669.615
8669.214
8668.814
8668.418
8668.021
8667.625
8667.228
8666.831
8666.435
8666.036
8665.64
8665.243
8664.85
8664.453
8664.056
8663.664
8663.267
8662.871
8662.476
8662.081
8661.687
8661.292
8660.897
8660.507
8660.113
8659.723
8659.326
8658.931
8658.538
8658.148
8657.755
8657.362
8656.971
8656.581
8656.185
8655.794
8655.403
8655.011
8654.62
8654.231
8653.839
8653.449
8653.06
8652.668
8652.279
8651.891
8651.502
8651.108
8650.723
8650.335
8649.941
8649.556
8649.167
8648.781
8648.395
8648.007
8647.616
8647.228
8646.846
8646.458
8646.068
8645.684
8645.295
8644.912
8644.525
8644.138
8643.753
8643.368
8642.983
8642.599
8642.215
8641.828
8641.445
8641.061
8640.676
8640.293
8639.907
8639.524
8639.143
8638.761
8638.379
8637.995
8637.613
8637.23
8636.85
8636.467
8636.085
8635.706
8635.322
8634.942
8634.562
8634.179
8633.801
8633.418
8633.04
8632.662
8632.278
8631.901
8631.5205
8631.143
8630.761
8630.385
8630.006
8629.629
8629.249
8628.871
8628.494
8628.118
8627.741
8627.361
8626.985
8626.606
8626.23
8625.855
8625.478
8625.1045
8624.726
8624.354
8623.979
8623.603
8623.2295
8622.851
8622.478
8622.104
8621.7295
8621.355
8620.981
8620.606
8620.233
8619.861
8619.484
8619.117
8618.74
8618.371
8617.997
8617.627
8617.251
8616.878
8616.507
8616.138
8615.769
8615.3955
8615.025
8614.655
8614.283
8613.914
8613.541
8613.175
8612.802
8612.433
8612.065
8611.693
8611.324
8610.958
8610.586
8610.223
8609.852
8609.481
8609.116
8608.746
8608.378
8608.011
8607.645
8607.275
8606.909
8606.545
8606.18
8605.8125
8605.447
8605.079
8604.716
8604.349
8603.983
8603.619
8603.252
8602.889
8602.525
8602.157
8601.798
8601.437
8601.073
8600.708
8600.345
8599.982
8599.619
8599.259
8598.8955
8598.534
8598.17
8597.81
8597.446
8597.086
8596.728
8596.365
8596.005
8595.6455
8595.284
8594.922
8594.564
8594.203
8593.844
8593.483
8593.127
8592.768
8592.41
8592.05
8591.693
8591.334
8590.978
8590.62
8590.263
8589.906
8589.546
8589.193
8588.834
8588.48
8588.124
8587.768
8587.41
8587.057
8586.701
8586.343
8585.991
8585.634
8585.281
8584.924
8584.57
8584.213
8583.863
8583.507
8583.154
8582.798
8582.448
8582.091
8581.74
8581.386
8581.031
8580.681
8580.328
8579.975
8579.621
8579.269
8578.919
8578.563
8578.213
8577.859
8577.51
8577.159
8576.805
8576.454
8576.105
8575.754
8575.405
8575.05
8574.704
8574.354
8574.002
8573.652
8573.304
8572.957
8572.604
8572.257
8571.907
8571.558
8571.211
8570.86
8570.513
8570.166
8569.814
8569.471
8569.121
8568.773
8568.43
8568.077
8567.7295
8567.384
8567.036
8566.692
8566.344
8565.996
8565.649
8565.306
8564.962
8564.61
8564.267
8563.922
8563.578
8563.233
8562.889
8562.541
8562.195
8561.854
8561.51
8561.164
8560.819
8560.478
8560.135
8559.79
8559.444
8559.103
8558.758
8558.414
8558.072
8557.729
8557.387
8557.046
8556.702
8556.36
8556.021
8555.679
8555.337
8554.996
8554.654
8554.311
8553.971
8553.629
8553.292
8552.946
8552.609
8552.269
8551.929
8551.587
8551.246
8550.909
8550.568
8550.229
8549.889
8549.552
8549.211
8548.873
8548.532
8548.194
8547.858
8547.518
8547.18
8546.841
8546.505
8546.164
8545.828
8545.489
8545.153
8544.817
8544.48
8544.144
8543.806
8543.471
8543.133
8542.797
8542.463
8542.127
8541.79
8541.456
8541.118
8540.788
8540.449
8540.114
8539.779
8539.443
8539.109
8538.777
8538.441
8538.109
8537.7705
8537.438
8537.1045
8536.77
8536.438
8536.103
8535.77
8535.4375
8535.104
8534.7705
8534.437
8534.105
8533.772
8533.435
8533.106
8532.776
8532.44
8532.112
8531.779
8531.445
8531.116
8530.783
8530.455
8530.121
8529.788
8529.458
8529.127
8528.798
8528.47
8528.139
8527.805
8527.475
8527.147
8526.815
8526.488
8526.157
8525.829
8525.501
8525.169
8524.839
8524.511
8524.182
8523.855
8523.528
8523.197
8522.87
8522.543
8522.213
8521.886
8521.561
8521.233
8520.901
8520.578
8520.25
8519.922
8519.595
8519.27
8518.945
8518.617
8518.291
8517.963
8517.639
8517.314
8516.987
8516.663
8516.334
8516.012
8515.686
8515.359
8515.036
8514.71
8514.386
8514.0625
8513.738
8513.415
8513.092
8512.766
8512.441
8512.119
8511.793
8511.47
8511.146
8510.823
8510.5
8510.181
8509.8545
8509.532
8509.21
8508.885
8508.561
8508.242
8507.918
8507.596
8507.274
8506.951
8506.63
8506.308
8505.989
8505.668
8505.342
8505.022
8504.707
8504.382
8504.0625
8503.74
8503.417
8503.103
8502.783
8502.461
8502.142
8501.824
8501.501
8501.184
8500.864
8500.545
8500.228
8499.907
8499.59
8499.272
8498.953
8498.636
8498.316
8497.998
8497.682
8497.363
8497.047
8496.729
8496.412
8496.098
8495.775
8495.461
8495.1455
8494.827
8494.514
8494.194
8493.877
8493.561
8493.249
8492.93
8492.615
8492.302
8491.983
8491.668
8491.3545
8491.036
8490.724
8490.406
8490.095
8489.777
8489.465
8489.151
8488.836
8488.525
8488.21
8487.897
8487.583
8487.267
8486.956
8486.644
8486.33
8486.018
8485.704
8485.392
8485.08
8484.767
8484.454
8484.144
8483.831
8483.518
8483.208
8482.893
8482.585
8482.275
8481.962
8481.653
8481.342
8481.028
8480.721
8480.409
8480.097
8479.788
8479.477
8479.167
8478.856
8478.545
8478.236
8477.928
8477.618
8477.309
8477.0
8476.693
8476.382
8476.074
8475.761
8475.456
8475.146
8474.839
8474.531
8474.22
8473.914
8473.6045
8473.299
8472.991
8472.683
8472.377
8472.068
8471.761
8471.454
8471.151
8470.844
8470.531
8470.23
8469.922
8469.617
8469.3125
8469.001
8468.697
8468.391
8468.083
8467.78
8467.475
8467.165
8466.861
8466.557
8466.253
8465.945
8465.644
8465.338
8465.032
8464.728
8464.423
8464.118
8463.816
8463.51
8463.205
8462.9
8462.598
8462.295
8461.992
8461.689
8461.382
8461.077
8460.775
8460.475
8460.171
8459.867
8459.564
8459.264
8458.955
8458.655
8458.356
8458.052
8457.749
8457.448
8457.144
8456.843
8456.54
8456.239
8455.937
8455.634
8455.331
8455.029
8454.728
8454.425
8454.128
8453.823
8453.525
8453.222
8452.921
8452.619
8452.319
8452.02
8451.717
8451.418
8451.117
8450.816
8450.519
8450.217
8449.917
8449.616
8449.315
8449.017
8448.718
8448.417
8448.117
8447.815
8447.516
8447.215
8446.917
8446.621
8446.32
8446.021
8445.723
8445.425
8445.126
8444.825
8444.528
8444.2295
8443.931
8443.634
8443.334
8443.035
8442.738
8442.44
8442.14
8441.841
8441.544
8441.245
8440.942
8440.638
8440.329
8440.022
8439.715
8439.41
8439.1
8438.795
8438.486
8438.179
8437.869
8437.566
8437.261
8436.955
8436.646
8436.341
8436.035
8435.729
8435.423
8435.115
8434.809
8434.5
8434.194
8433.886
8433.579
8433.274
8432.967
8432.666
8432.359
8432.055
8431.749
8431.445
8431.144
8430.84
8430.537
8430.233
8429.932
8429.634
8429.331
8429.034
8428.735
8428.438
8428.139
8427.842
8427.545
8427.252
8426.953
8426.661
8426.363
8426.072
8425.773
8425.477
8425.186
8424.893
8424.599
8424.304
8424.01
8423.717
8423.423
8423.132
8422.838
8422.545
8422.253
8421.963
8421.668
8421.378
8421.089
8420.791
8420.505
8420.213
8419.921
8419.634
8419.34
8419.051
8418.76
8418.472
8418.183
8417.892
8417.601
8417.3125
8417.0205
8416.732
8416.442
8416.152
8415.866
8415.577
8415.287
8415.002
8414.711
8414.426
8414.137
8413.85
8413.56
8413.272
8412.982
8412.695
8412.411
8412.122
8411.835
8411.545
8411.262
8410.977
8410.691
8410.404
8410.115
8409.83
8409.543
8409.257
8408.972
8408.685
8408.4
8408.117
8407.83
8407.546
8407.263
8406.98
8406.695
8406.41
8406.129
8405.847
8405.559
8405.273
8404.992
8404.709
8404.426
8404.1455
8403.86
8403.578
8403.295
8403.014
8402.7295
8402.447
8402.166
8401.881
8401.603
8401.321
8401.04
8400.755
8400.476
8400.196
8399.915
8399.63
8399.35
8399.07
8398.787
8398.51
8398.228
8397.948
8397.668
8397.388
8397.108
8396.828
8396.544
8396.267
8395.989
8395.711
8395.433
8395.15
8394.872
8394.594
8394.316
8394.035
8393.756
8393.479
8393.199
8392.921
8392.644
8392.364
8392.087
8391.811
8391.53
8391.255
8390.979
8390.699
8390.423
8390.146
8389.869
8389.594
8389.316
8389.039
8388.762
8388.487
8388.213
8387.935
8387.655
8387.384
8387.103
8386.832
8386.557
8386.278
8386.004
8385.728
8385.455
8385.18
8384.904
8384.631
8384.353
8384.079
8383.804
8383.53
8383.257
8382.983
8382.708
8382.433
8382.159
8381.886
8381.614
8381.336
8381.063
8380.79
8380.518
8380.245
8379.972
8379.7
8379.423
8379.151
8378.878
8378.606
8378.333
8378.06
8377.789
8377.517
8377.248
8376.974
8376.7
8376.431
8376.155
8375.883
8375.613
8375.339
8375.067
8374.798
8374.526
8374.255
8373.984
8373.714
8373.442
8373.17
8372.898
8372.63
8372.356
8372.088
8371.816
8371.547
8371.275
8371.005
8370.734
8370.466
8370.195
8369.924
8369.655
8369.382
8369.116
8368.848
8368.575
8368.305
8368.037
8367.767
8367.5
8367.231
8366.959
8366.692
8366.422
8366.152
8365.885
8365.616
8365.345
8365.08
8364.812
8364.544
8364.277
8364.008
8363.738
8363.473
8363.204
8362.936
8362.672
8362.399
8362.132
8361.868
8361.602
8361.332
8361.065
8360.798
8360.531
8360.265
8359.999
8359.731
8359.464
8359.197
8358.932
8358.663
8358.397
8358.133
8357.866
8357.6
8357.333
8357.064
8356.802
8356.536
8356.2705
8356.002
8355.736
8355.473
8355.209
8354.941
8354.678
8354.41
8354.146
8353.879
8353.614
8353.349
8353.085
8352.82
8352.558
8352.288
8352.024
8351.761
8351.495
8351.23
8350.965
8350.705
8350.438
8350.177
8349.91
8349.647
8349.383
8349.123
8348.856
8348.592
8348.331
8348.069
8347.804
8347.539
8347.276
8347.015
8346.75
8346.486
8346.225
8345.961
8345.697
8345.434
8345.17
8344.909
8344.647
8344.386
8344.12
8343.861
8343.597
8343.335
8343.07
8342.8125
8342.55
8342.285
8342.023
8341.763
8341.498
8341.238
8340.98
8340.718
8340.457
8340.195
8339.933
8339.675
8339.413
8339.151
8338.893
8338.634
8338.369
8338.111
8337.85
8337.59
8337.33
8337.072
8336.811
8336.553
8336.291
8336.031
8335.773
8335.513
8335.252
8334.995
8334.733
8334.475
8334.216
8333.956
8333.698
8333.438
8333.179
8332.919
8332.659
8332.402
8332.146
8331.888
8331.63
8331.369
8331.114
8330.855
8330.597
8330.339
8330.083
8329.824
8329.566
8329.312
8329.053
8328.797
8328.537
8328.283
8328.027
8327.7705
8327.51
8327.257
8326.999
8326.742
8326.486
8326.229
8325.976
8325.718
8325.464
8325.207
8324.952
8324.697
8324.44
8324.185
8323.93
8323.674
8323.416
8323.166
8322.909
8322.657
8322.4
8322.148
8321.89
8321.638
8321.385
8321.128
8320.876
8320.623
8320.371
8320.113
8319.859
8319.605
8319.352
8319.097
8318.845
8318.593
8318.338
8318.086
8317.832
8317.58
8317.327
8317.074
8316.819
8316.569
8316.315
8316.063
8315.81
8315.559
8315.306
8315.055
8314.804
8314.549
8314.299
8314.047
8313.795
8313.545
8313.291
8313.041
8312.789
8312.535
8312.286
8312.036
8311.788
8311.532
8311.284
8311.034
8310.78
8310.53
8310.278
8310.029
8309.778
8309.532
8309.279
8309.029
8308.78
8308.527
8308.279
8308.03
8307.778
8307.53
8307.281
8307.031
8306.781
8306.531
8306.286
8306.034
8305.788
8305.535
8305.287
8305.039
8304.791
8304.541
8304.292
8304.042
8303.796
8303.546
8303.3
8303.055
8302.802
8302.558
8302.307
8302.0625
8301.814
8301.567
8301.319
8301.069
8300.826
8300.575
8300.332
8300.085
8299.834
8299.589
8299.347
8299.094
8298.851
8298.603
8298.358
8298.112
8297.866
8297.62
8297.375
8297.13
8296.884
8296.633
8296.391
8296.145
8295.898
8295.65
8295.41
8295.166
8294.918
8294.674
8294.428
8294.183
8293.938
8293.695
8293.447
8293.206
8292.96
8292.717
8292.472
8292.228
8291.984
8291.74
8291.493
8291.253
8291.006
8290.765
8290.521
8290.275
8290.033
8289.79
8289.546
8289.302
8289.061
8288.819
8288.576
8288.333
8288.094
8287.849
8287.607
8287.361
8287.123
8286.879
8286.635
8286.396
8286.154
8285.908
8285.669
8285.424
8285.183
8284.944
8284.702
8284.459
8284.221
8283.979
8283.735
8283.497
8283.254
8283.014
8282.771
8282.535
8282.292
8282.052
8281.811
8281.569
8281.331
8281.09
8280.851
8280.608
8280.367
8280.126
8279.889
8279.649
8279.408
8279.169
8278.931
8278.69
8278.451
8278.209
8277.973
8277.732
8277.494
8277.254
8277.016
8276.776
8276.539
8276.3
8276.062
8275.824
8275.586
8275.345
8275.111
8274.868
8274.632
8274.3955
8274.155
8273.918
8273.682
8273.445
8273.206
8272.969
8272.732
8272.494
8272.258
8272.0205
8271.782
8271.544
8271.306
8271.069
8270.833
8270.592
8270.36
8270.124
8269.886
8269.647
8269.412
8269.177
8268.938
8268.703
8268.467
8268.231
8267.996
8267.758
8267.523
8267.29
8267.051
8266.815
8266.58
8266.347
8266.11
8265.876
8265.635
8265.403
8265.167
8264.934
8264.697
8264.463
8264.229
8263.995
8263.758
8263.524
8263.288
8263.052
8262.82
8262.588
8262.352
8262.114
8261.882
8261.651
8261.414
8261.181
8260.948
8260.712
8260.48
8260.243
8260.013
8259.777
8259.546
8259.312
8259.076
8258.845
8258.612
8258.379
8258.145
8257.912
8257.682
8257.448
8257.212
8256.983
8256.749
8256.515
8256.282
8256.054
8255.819
8255.585
8255.355
8255.122
8254.893
8254.66
8254.427
8254.197
8253.965
8253.727
8253.5
8253.269
8253.035
8252.804
8252.575
8252.341
8252.112
8251.881
8251.647
8251.419
8251.187
8250.954
8250.728
8250.496
8250.263
8250.034
8249.804
8249.573
8249.34
8249.111
8248.882
8248.65
8248.421
8248.191
8247.961
8247.7295
8247.501
8247.271
8247.039
8246.8125
8246.583
8246.352
8246.122
8245.894
8245.664
8245.435
8245.203
8244.976
8244.749
8244.518
8244.289
8244.059
8243.833
8243.602
8243.372
8243.144
8242.913
8242.686
8242.458
8242.2295
8242.003
8241.773
8241.549
8241.317
8241.092
8240.86
8240.63
8240.405
8240.176
8239.948
8239.721
8239.491
8239.266
8239.035
8238.809
8238.581
8238.354
8238.123
8237.899
8237.669
8237.439
8237.218
8236.991
8236.761
8236.534
8236.309
8236.078
8235.853
8235.623
8235.4
8235.17
8234.945
8234.718
8234.496
8234.266
8234.038
8233.813
8233.587
8233.357
8233.134
8232.908
8232.681
8232.455
8232.2295
8232.005
8231.778
8231.554
8231.33
8231.102
8230.874
8230.65
8230.427
8230.198
8229.976
8229.75
8229.526
8229.299
8229.075
8228.85
8228.626
8228.401
8228.179
8227.954
8227.7295
8227.503
8227.278
8227.054
8226.83
8226.608
8226.385
8226.16
8225.936
8225.714
8225.492
8225.27
8225.043
8224.82
8224.595
8224.375
8224.151
8223.926
8223.706
8223.485
8223.263
8223.038
8222.817
8222.595
8222.371
8222.152
8221.93
8221.71
8221.486
8221.266
8221.044
8220.82
8220.603
8220.38
8220.158
8219.939
8219.717
8219.496
8219.274
8219.058
8218.833
8218.612
8218.395
8218.171
8217.951
8217.731
8217.511
8217.291
8217.072
8216.849
8216.627
8216.41
8216.189
8215.971
8215.751
8215.531
8215.314
8215.093
8214.875
8214.654
8214.434
8214.214
8213.995
8213.775
8213.558
8213.339
8213.12
8212.901
8212.681
8212.464
8212.245
8212.028
8211.807
8211.59
8211.373
8211.152
8210.935
8210.714
8210.502
8210.279
8210.061
8209.845
8209.626
8209.408
8209.19
8208.973
8208.755
8208.536
8208.319
8208.103
8207.884
8207.666
8207.447
8207.23
8207.012
8206.796
8206.576
8206.36
8206.145
8205.926
8205.709
8205.49
8205.275
8205.058
8204.839
8204.624
8204.407
8204.188
8203.972
8203.753
8203.541
8203.323
8203.106
8202.892
8202.674
8202.457
8202.242
8202.023
8201.808
8201.592
8201.373
8201.159
8200.942
8200.725
8200.509
8200.295
8200.077
8199.862
8199.6455
8199.428
8199.216
8199.001
8198.785
8198.571
8198.355
8198.14
8197.926
8197.709
8197.496
8197.279
8197.0625
8196.848
8196.637
8196.42
8196.205
8195.992
8195.776
8195.562
8195.348
8195.133
8194.92
8194.706
8194.493
8194.279
8194.064
8193.851
8193.638
8193.424
8193.209
8192.997
8192.781
8192.57
8192.355
8192.144
8191.928
8191.7188
8191.5024
8191.2905
8191.076
8190.8633
8190.649
8190.437
8190.2246
8190.014
8189.7993
8189.5874
8189.3735
8189.1636
8188.95
8188.7363
8188.5293
8188.3096
8188.102
8187.887
8187.6787
8187.4634
8187.2534
8187.0425
8186.829
8186.6167
8186.406
8186.192
8185.9834
8185.771
8185.5557
8185.346
8185.136
8184.9233
8184.711
8184.5015
8184.2915
8184.078
8183.8677
8183.654
8183.445
8183.234
8183.025
8182.8115
8182.6016
8182.3867
8182.179
8181.9697
8181.756
8181.5503
8181.338
8181.1274
8180.9165
8180.706
8180.495
8180.2837
8180.075
8179.8643
8179.6562
8179.443
8179.2334
8179.024
8178.8125
8178.6045
8178.397
8178.187
8177.977
8177.763
8177.5557
8177.3486
8177.137
8176.928
8176.72
8176.5093
8176.3013
8176.094
8175.883
8175.674
8175.463
8175.2554
8175.046
8174.8364
8174.6284
8174.42
8174.2104
8174.004
8173.796
8173.584
8173.378
8173.169
8172.964
8172.7544
8172.545
8172.339
8172.128
8171.923
8171.716
8171.51
8171.2974
8171.0913
8170.888
8170.68
8170.4673
8170.2637
8170.056
8169.8467
8169.64
8169.4336
8169.2275
8169.0195
8168.812
8168.605
8168.4
8168.192
8167.984
8167.7783
8167.5723
8167.366
8167.159
8166.951
8166.7437
8166.5396
8166.3315
8166.1255
8165.9214
8165.713
8165.508
8165.3
8165.0947
8164.8896
8164.6836
8164.476
8164.273
8164.067
8163.863
8163.6543
8163.4507
8163.244
8163.04
8162.832
8162.63
8162.422
8162.2173
8162.0127
8161.8076
8161.6016
8161.3965
8161.189
8160.987
8160.7803
8160.576
8160.37
8160.1665
8159.959
8159.7554
8159.553
8159.345
8159.1436
8158.936
8158.7324
8158.5293
8158.322
8158.1216
8157.916
8157.7104
8157.5093
8157.3022
8157.097
8156.894
8156.689
8156.486
8156.281
8156.077
8155.875
8155.6694
8155.4673
8155.2607
8155.058
8154.855
8154.652
8154.4487
8154.2427
8154.042
8153.8384
8153.6323
8153.43
8153.2266
8153.0254
8152.818
8152.617
8152.4126
8152.2104
8152.0083
8151.8027
8151.5986
8151.396
8151.1953
8150.9917
8150.79
8150.586
8150.383
8150.1816
8149.9766
8149.775
8149.569
8149.3696
8149.166
8148.964
8148.761
8148.557
8148.3555
8148.1533
8147.954
8147.7515
8147.548
8147.3486
8147.146
8146.943
8146.7417
8146.5405
8146.337
8146.1353
8145.9316
8145.7314
8145.5303
8145.328
8145.1245
8144.9253
8144.723
8144.525
8144.321
8144.1196
8143.9185
8143.7197
8143.5146
8143.3145
8143.1147
8142.9146
8142.709
8142.509
8142.3105
8142.1084
8141.9062
8141.706
8141.5054
8141.307
8141.1045
8140.9043
8140.701
8140.5
8140.3027
8140.1006
8139.898
8139.7017
8139.5
8139.2964
8139.099
8138.898
8138.6973
8138.4985
8138.297
8138.0986
8137.8955
8137.697
8137.4966
8137.296
8137.096
8136.895
8136.6987
8136.498
8136.3
8136.099
8135.8984
8135.699
8135.499
8135.2974
8135.101
8134.9
8134.7017
8134.5
8134.3027
8134.1045
8133.9043
8133.7065
8133.5054
8133.3086
8133.109
8132.9077
8132.7104
8132.511
8132.313
8132.115
8131.9165
8131.7173
8131.5195
8131.3223
8131.1196
8130.926
8130.725
8130.529
8130.3276
8130.1294
8129.9326
8129.733
8129.5366
8129.3394
8129.14
8128.9424
8128.7456
8128.5474
8128.35
8128.153
8127.956
8127.7563
8127.558
8127.361
8127.1626
8126.9653
8126.765
8126.569
8126.3716
8126.174
8125.9785
8125.782
8125.583
8125.3857
8125.1904
8124.9907
8124.7964
8124.597
8124.401
8124.203
8124.008
8123.8096
8123.6157
8123.415
8123.2207
8123.0244
8122.8267
8122.6313
8122.4346
8122.236
8122.039
8121.8447
8121.649
8121.451
8121.255
8121.0596
8120.8643
8120.6685
8120.4707
8120.275
8120.0815
8119.8843
8119.691
8119.4937
8119.2983
8119.104
8118.907
8118.713
8118.5156
8118.322
8118.125
8117.9297
8117.734
8117.5386
8117.344
8117.15
8116.9517
8116.7583
8116.563
8116.3687
8116.1724
8115.978
8115.782
8115.5884
8115.3936
8115.1997
8115.0063
8114.8115
8114.6147
8114.4214
8114.229
8114.034
8113.838
8113.646
8113.4497
8113.258
8113.0615
8112.87
8112.674
8112.4756
8112.286
8112.091
8111.896
8111.7026
8111.5127
8111.3145
8111.122
8110.9316
8110.7354
8110.5425
8110.346
8110.1553
8109.9624
8109.767
8109.5737
8109.3823
8109.1865
8108.993
8108.8
8108.608
8108.413
8108.2183
8108.028
8107.834
8107.64
8107.446
8107.2534
8107.059
8106.867
8106.674
8106.4824
8106.288
8106.0947
8105.903
8105.712
8105.52
8105.3247
8105.1333
8104.9414
8104.748
8104.5576
8104.362
8104.17
8103.9785
8103.7866
8103.594
8103.401
8103.211
8103.017
8102.826
8102.632
8102.4414
8102.248
8102.0527
8101.8633
8101.6714
8101.479
8101.286
8101.095
8100.906
8100.7134
8100.5205
8100.333
8100.138
8099.947
8099.755
8099.561
8099.3716
8099.181
8098.9907
8098.8
8098.606
8098.417
8098.2246
8098.032
8097.841
8097.6523
8097.463
8097.269
8097.0776
8096.888
8096.699
8096.506
8096.317
8096.126
8095.9355
8095.744
8095.5537
8095.3623
8095.174
8094.983
8094.792
8094.602
