10071.079
10057.527
10047.652
10037.344
10029.041
10020.564
10009.784
9997.839
9984.911
9969.072
9956.079
9939.851
9925.129
9912.679
9898.535
9887.209
9871.691
9859.821
9845.768
9829.704
9816.759
9805.6875
9791.752
9772.839
9761.261
9747.358
9732.202
9713.578
9696.184
9677.473
9664.928
9641.845
9627.264
9611.727
9595.855
9574.378
9552.961
9537.837
9515.141
9493.617
9478.205
9458.527
9432.382
9420.836
9396.125
9374.883
9355.006
9323.224
9299.698
9287.97
9266.778
9248.532
9225.686
9196.471
9177.022
9147.334
9135.347
9103.428
9091.349
9051.365
9024.175
8993.661
8972.879
8943.882
8909.827
8892.272
8866.033
8830.408
8801.589
8780.453
8758.599
8730.175
8710.885
8690.837
8665.967
8645.578
8620.069
8601.672
8577.196
8546.964
8536.709
8508.478
8508.596
8475.152
8456.786
8435.063
8419.469
8399.143
8376.329
8362.089
8342.513
8324.8125
8305.003
8291.936
8275.256
8255.687
8240.015
8226.797
8213.331
8199.281
8181.4272
8169.7153
8155.7056
8138.691
8124.0996
8111.628
8096.9624
8088.6704
8071.715
8058.027
8044.22
8032.0913
8021.5806
8005.259
7999.5522
7984.1772
7971.7773
7956.0312
7946.7637
7928.489
7915.394
7908.18
7899.6963
7888.1445
7872.175
7863.6177
7860.4277
7843.5493
7831.9326
7819.6445
7809.6797
7804.2686
7785.753
7771.0176
7773.4277
7754.5854
7744.954
7733.473
7720.2495
7718.008
7702.0337
7695.7505
7677.5254
7671.4497
7666.1562
7651.3643
7647.3994
7632.249
7632.6294
7610.564
7618.609
7599.3296
7586.1206
7577.9185
7575.8984
7567.8223
7548.427
7536.3647
7546.871
7515.4277
7498.9883
7501.0596
7500.6265
7485.952
7470.4346
7475.5215
7459.5654
7456.8306
7442.6533
7435.5146
7418.9937
7406.1836
7409.6978
7405.461
7394.8833
7375.253
7368.0464
7357.612
7355.185
7334.7017
7332.9062
7328.87
7311.699
7318.198
7291.161
7285.9663
7279.085
7259.39
7264.293
7248.6797
7251.758
7238.2505
7229.4385
7226.868
7210.013
7190.842
7189.205
7174.853
7180.3765
7147.977
7150.0693
7146.9624
7137.95
7117.7476
