572.72797
568.11786
563.59485
559.343
555.084
550.60785
546.0621
541.2984
536.2019
530.6755
524.4011
518.06836
511.04626
503.75366
496.1536
488.2946
479.67426
471.0236
462.57132
453.37082
444.77362
436.48495
428.10858
420.2707
412.51306
405.1215
397.91904
391.0316
384.40985
378.05
371.93622
365.82983
360.41785
354.767
349.4877
344.71652
339.38727
334.78473
330.10242
325.61957
321.32047
317.2214
313.19186
309.7971
305.77734
301.91946
298.3725
294.91678
291.65775
288.40823
285.3743
282.45566
279.70236
276.5415
273.90286
271.5775
268.64722
266.20117
264.02188
261.5732
259.24988
257.01776
254.94394
253.00665
251.40215
249.04402
247.28818
245.68176
243.9364
241.99501
240.24704
239.07921
237.01707
235.58293
233.9494
232.48538
231.00984
229.75345
228.41887
227.11711
226.02151
224.37541
223.12917
222.02144
221.1788
219.92157
218.61371
218.10434
216.56602
215.53229
214.66856
213.8166
212.73038
212.20547
211.13614
210.09053
209.18222
208.48381
208.40161
206.67575
