0.762
0.762
0.762
0.762
0.762
0.762
0.762
0.762
0.762
0.762
0.763
0.763
0.764
0.78
0.791
0.798
0.805
0.805
0.819
0.822
0.838
0.851
0.863
0.858
0.865
0.865
0.871
0.861
0.874
0.877
0.882
0.883
0.883
0.884
0.885
0.885
0.887
0.887
0.889
0.89
0.892
0.89
0.895
0.895
0.894
0.901
0.903
0.901
0.903
0.902
0.908
0.905
0.906
0.904
0.905
0.906
0.911
0.915
0.919
0.923
0.915
0.919
0.916
0.926
0.917
0.926
0.924
0.927
0.927
0.926
0.932
0.931
0.934
0.932
0.93
0.934
0.935
0.931
0.932
0.935
0.939
0.934
0.938
0.932
0.935
0.935
0.935
0.932
0.937
0.933
0.934
0.932
0.936
0.934
0.932
0.932
0.934
0.936
0.937
0.94
