0.769
0.769
0.769
0.769
0.769
0.769
0.769
0.769
0.769
0.769
0.769
0.769
0.775
0.784
0.788
0.791
0.801
0.808
0.823
0.833
0.839
0.841
0.855
0.871
0.871
0.867
0.871
0.865
0.866
0.865
0.873
0.877
0.879
0.88
0.884
0.885
0.893
0.89
0.895
0.893
0.899
0.9
0.9
0.901
0.901
0.903
0.905
0.904
0.905
0.907
0.915
0.913
0.912
0.915
0.914
0.923
0.923
0.919
0.917
0.928
0.922
0.928
0.923
0.928
0.928
0.933
0.928
0.929
0.927
0.929
0.931
0.931
0.935
0.932
0.935
0.935
0.934
0.935
0.934
0.941
0.939
0.936
0.936
0.932
0.936
0.941
0.941
0.936
0.941
0.942
0.943
0.943
0.942
0.947
0.942
0.938
0.941
0.943
0.942
0.949
