0.24482758620689654
0.24482758620689654
0.24482758620689654
0.24482758620689654
0.24482758620689654
0.24482758620689654
0.24482758620689654
0.24482758620689654
0.24482758620689654
0.24482758620689654
0.24482758620689654
0.24482758620689654
0.24482758620689654
0.24482758620689654
0.253315649867374
0.2612732095490716
0.2628647214854111
0.2655172413793103
0.2702917771883289
0.2793103448275862
0.2740053050397878
0.2716180371352785
0.2893899204244032
0.28514588859416445
0.3050397877984085
0.3127320954907162
0.3175066312997347
0.3339522546419098
0.3503978779840849
0.3583554376657825
0.35729442970822284
0.36710875331564985
0.37718832891246684
0.3970822281167109
0.40716180371352784
0.406631299734748
0.41220159151193636
0.41114058355437666
0.4114058355437666
0.4050397877984085
0.41352785145888593
0.4169761273209549
0.4289124668435013
0.43315649867374006
0.4259946949602122
0.429973474801061
0.43713527851458883
0.43342175066313
0.4427055702917772
0.44111405835543765
0.45225464190981435
0.4562334217506631
0.4570291777188329
0.4625994694960212
0.4671087533156499
0.46816976127320953
0.4755968169761273
0.48143236074270557
0.4729442970822281
0.4687002652519894
0.4713527851458886
0.4819628647214854
0.48381962864721484
0.4790450928381963
0.48938992042440316
0.4827586206896552
0.48594164456233424
0.49230769230769234
0.4835543766578249
0.4944297082228117
0.493368700265252
0.49310344827586206
0.5002652519893899
0.4883289124668435
0.5193633952254642
0.5050397877984085
0.5087533156498674
0.5124668435013262
0.5023872679045093
0.5169761273209549
0.5090185676392573
0.5244031830238727
0.5114058355437666
0.5007957559681697
0.5055702917771884
0.5156498673740053
0.5005305039787799
0.5026525198938993
0.5063660477453581
0.5106100795755968
0.5159151193633952
0.5153846153846153
0.5100795755968169
0.5153846153846153
0.5119363395225465
0.5183023872679046
0.5177718832891247
0.5156498673740053
0.5175066312997347
0.5259946949602122
