[[923, 0, 0, 0], [1248, 0, 0, 0], [793, 0, 0, 0], [806, 0, 0, 0]]
[[923, 0, 0, 0], [1248, 0, 0, 0], [793, 0, 0, 0], [806, 0, 0, 0]]
[[923, 0, 0, 0], [1248, 0, 0, 0], [793, 0, 0, 0], [806, 0, 0, 0]]
[[923, 0, 0, 0], [1248, 0, 0, 0], [793, 0, 0, 0], [806, 0, 0, 0]]
[[923, 0, 0, 0], [1248, 0, 0, 0], [793, 0, 0, 0], [806, 0, 0, 0]]
[[923, 0, 0, 0], [1248, 0, 0, 0], [793, 0, 0, 0], [806, 0, 0, 0]]
[[923, 0, 0, 0], [1248, 0, 0, 0], [793, 0, 0, 0], [806, 0, 0, 0]]
[[923, 0, 0, 0], [1248, 0, 0, 0], [793, 0, 0, 0], [806, 0, 0, 0]]
[[923, 0, 0, 0], [1248, 0, 0, 0], [793, 0, 0, 0], [806, 0, 0, 0]]
[[923, 0, 0, 0], [1248, 0, 0, 0], [793, 0, 0, 0], [806, 0, 0, 0]]
[[923, 0, 0, 0], [1248, 0, 0, 0], [793, 0, 0, 0], [806, 0, 0, 0]]
[[923, 0, 0, 0], [1248, 0, 0, 0], [793, 0, 0, 0], [806, 0, 0, 0]]
[[923, 0, 0, 0], [1248, 0, 0, 0], [793, 0, 0, 0], [806, 0, 0, 0]]
[[923, 0, 0, 0], [1248, 0, 0, 0], [793, 0, 0, 0], [806, 0, 0, 0]]
[[923, 0, 0, 0], [1248, 0, 0, 0], [793, 0, 0, 0], [774, 0, 0, 32]]
[[923, 0, 0, 0], [1248, 0, 0, 0], [793, 0, 0, 0], [744, 0, 0, 62]]
[[923, 0, 0, 0], [1248, 0, 0, 0], [793, 0, 0, 0], [738, 0, 0, 68]]
[[923, 0, 0, 0], [1248, 0, 0, 0], [793, 0, 0, 0], [728, 0, 0, 78]]
[[923, 0, 0, 0], [1248, 0, 0, 0], [793, 0, 0, 0], [710, 0, 0, 96]]
[[923, 0, 0, 0], [1248, 0, 0, 0], [793, 0, 0, 0], [676, 0, 0, 130]]
[[903, 0, 0, 20], [1240, 0, 0, 8], [793, 0, 0, 0], [676, 0, 0, 130]]
[[880, 0, 0, 43], [1228, 0, 0, 20], [793, 0, 0, 0], [662, 0, 0, 144]]
[[880, 0, 0, 43], [1228, 0, 0, 20], [793, 0, 0, 0], [595, 0, 0, 211]]
[[848, 0, 0, 75], [1226, 0, 0, 22], [783, 0, 0, 10], [579, 0, 0, 227]]
[[852, 0, 0, 71], [1213, 6, 0, 29], [780, 0, 0, 13], [514, 0, 0, 292]]
[[797, 0, 0, 126], [1162, 54, 0, 32], [776, 0, 0, 17], [478, 0, 0, 328]]
[[794, 0, 0, 129], [1162, 52, 0, 34], [764, 0, 0, 29], [455, 0, 0, 351]]
[[794, 0, 0, 129], [1142, 75, 0, 31], [759, 0, 0, 34], [416, 0, 0, 390]]
[[794, 0, 0, 129], [1083, 127, 0, 38], [759, 0, 0, 34], [406, 0, 0, 400]]
[[794, 0, 0, 129], [1078, 132, 0, 38], [724, 35, 0, 34], [381, 0, 0, 425]]
[[794, 0, 0, 129], [1077, 130, 0, 41], [687, 61, 0, 45], [383, 0, 0, 423]]
[[794, 0, 0, 129], [1079, 143, 0, 26], [673, 63, 0, 57], [359, 0, 0, 447]]
[[794, 0, 0, 129], [1052, 180, 0, 16], [654, 78, 0, 61], [358, 0, 0, 448]]
[[794, 0, 0, 129], [1001, 247, 0, 0], [666, 78, 0, 49], [350, 0, 0, 456]]
[[794, 0, 0, 129], [984, 264, 0, 0], [639, 78, 15, 61], [344, 0, 0, 462]]
[[794, 0, 0, 129], [979, 269, 0, 0], [632, 81, 14, 66], [350, 0, 0, 456]]
[[794, 0, 0, 129], [961, 287, 0, 0], [656, 78, 11, 48], [344, 0, 0, 462]]
[[779, 15, 0, 129], [956, 292, 0, 0], [632, 78, 17, 66], [344, 0, 0, 462]]
[[770, 24, 0, 129], [953, 295, 0, 0], [625, 78, 17, 73], [337, 0, 0, 469]]
[[766, 28, 0, 129], [942, 306, 0, 0], [572, 127, 17, 77], [368, 0, 0, 438]]
[[794, 0, 0, 129], [940, 308, 0, 0], [629, 78, 17, 69], [366, 0, 0, 440]]
[[794, 0, 0, 129], [940, 308, 0, 0], [595, 101, 17, 80], [353, 0, 0, 453]]
[[794, 0, 0, 129], [897, 351, 0, 0], [532, 122, 17, 122], [351, 0, 0, 455]]
[[766, 28, 0, 129], [876, 372, 0, 0], [527, 123, 17, 126], [328, 0, 0, 478]]
[[766, 28, 0, 129], [861, 387, 0, 0], [521, 125, 22, 125], [375, 0, 0, 431]]
[[766, 28, 0, 129], [860, 388, 0, 0], [531, 112, 26, 124], [365, 0, 0, 441]]
[[775, 19, 0, 129], [850, 398, 0, 0], [516, 127, 24, 126], [355, 0, 0, 451]]
[[766, 28, 0, 129], [844, 404, 0, 0], [512, 122, 30, 129], [372, 0, 0, 434]]
[[766, 28, 0, 129], [829, 417, 0, 2], [545, 132, 17, 99], [337, 0, 0, 469]]
[[766, 28, 0, 129], [816, 425, 0, 7], [546, 122, 22, 103], [356, 0, 0, 450]]
[[775, 19, 0, 129], [814, 434, 0, 0], [519, 127, 26, 121], [336, 0, 0, 470]]
[[766, 28, 0, 129], [809, 439, 0, 0], [489, 130, 42, 132], [333, 0, 0, 473]]
[[766, 28, 0, 129], [814, 434, 0, 0], [502, 122, 28, 141], [311, 0, 0, 495]]
[[766, 28, 0, 129], [749, 456, 0, 43], [511, 134, 28, 120], [312, 0, 0, 494]]
[[792, 14, 0, 117], [785, 457, 0, 6], [515, 125, 23, 130], [317, 0, 0, 489]]
[[776, 28, 0, 119], [759, 452, 5, 32], [473, 127, 46, 147], [315, 0, 0, 491]]
[[787, 28, 0, 108], [783, 465, 0, 0], [478, 136, 46, 133], [311, 0, 0, 495]]
[[816, 0, 0, 107], [788, 460, 0, 0], [491, 126, 47, 129], [314, 0, 0, 492]]
[[770, 24, 0, 129], [721, 464, 0, 63], [467, 139, 48, 139], [305, 0, 0, 501]]
[[766, 28, 0, 129], [786, 462, 0, 0], [461, 133, 54, 145], [321, 0, 0, 485]]
[[793, 28, 0, 102], [781, 467, 0, 0], [498, 139, 24, 132], [313, 0, 0, 493]]
[[819, 0, 0, 104], [744, 470, 34, 0], [500, 130, 26, 137], [304, 0, 0, 502]]
[[820, 0, 0, 103], [734, 471, 24, 19], [485, 132, 42, 134], [315, 0, 0, 491]]
[[796, 28, 0, 99], [737, 478, 6, 27], [480, 139, 34, 140], [306, 2, 0, 498]]
[[823, 0, 0, 100], [719, 484, 0, 45], [467, 135, 40, 151], [308, 0, 0, 498]]
[[796, 28, 0, 99], [691, 487, 0, 70], [470, 133, 33, 157], [302, 0, 0, 504]]
[[800, 25, 0, 98], [699, 490, 0, 59], [481, 139, 39, 134], [303, 0, 0, 503]]
[[795, 28, 0, 100], [751, 496, 1, 0], [462, 139, 53, 139], [294, 0, 0, 512]]
[[796, 28, 0, 99], [645, 498, 42, 63], [463, 153, 25, 152], [302, 0, 0, 504]]
[[824, 0, 0, 99], [671, 494, 0, 83], [442, 153, 46, 152], [300, 6, 0, 500]]
[[812, 14, 0, 97], [644, 493, 29, 82], [460, 143, 36, 154], [284, 3, 0, 519]]
[[803, 22, 0, 98], [610, 516, 38, 84], [454, 140, 44, 155], [304, 6, 0, 496]]
[[804, 20, 0, 99], [604, 526, 54, 64], [448, 145, 46, 154], [291, 5, 0, 510]]
[[799, 28, 0, 96], [695, 496, 18, 39], [447, 153, 38, 155], [287, 11, 0, 508]]
[[836, 0, 0, 87], [650, 565, 0, 33], [447, 147, 47, 152], [290, 6, 0, 510]]
[[824, 6, 0, 93], [638, 515, 26, 69], [427, 149, 51, 166], [292, 0, 0, 514]]
[[807, 0, 0, 116], [612, 540, 34, 62], [427, 148, 61, 157], [289, 7, 0, 510]]
[[809, 19, 0, 95], [617, 551, 26, 54], [427, 143, 63, 160], [283, 14, 0, 509]]
[[801, 28, 0, 94], [640, 519, 32, 57], [428, 151, 56, 158], [280, 8, 0, 518]]
[[805, 0, 0, 118], [567, 567, 29, 85], [418, 139, 71, 165], [287, 13, 0, 506]]
[[809, 18, 0, 96], [566, 555, 42, 85], [430, 150, 57, 156], [283, 25, 0, 498]]
[[800, 0, 0, 123], [561, 585, 34, 68], [409, 144, 74, 166], [281, 7, 0, 518]]
[[769, 0, 0, 154], [565, 581, 45, 57], [421, 152, 65, 155], [282, 11, 0, 513]]
[[776, 0, 0, 147], [586, 553, 29, 80], [421, 142, 70, 160], [287, 30, 0, 489]]
[[793, 0, 4, 126], [552, 561, 44, 91], [420, 153, 63, 157], [282, 35, 0, 489]]
[[784, 0, 0, 139], [547, 604, 43, 54], [418, 148, 70, 157], [279, 41, 0, 486]]
[[753, 0, 0, 170], [567, 563, 35, 83], [407, 144, 77, 165], [285, 27, 0, 494]]
[[761, 0, 0, 162], [577, 557, 45, 69], [402, 156, 81, 154], [286, 24, 0, 496]]
[[757, 0, 0, 166], [523, 591, 54, 80], [397, 156, 70, 170], [281, 34, 0, 491]]
[[783, 0, 0, 140], [590, 563, 15, 80], [405, 143, 89, 156], [288, 28, 0, 490]]
[[766, 0, 0, 157], [528, 602, 32, 86], [404, 151, 91, 147], [281, 39, 0, 486]]
[[761, 0, 0, 162], [535, 618, 38, 57], [412, 147, 83, 151], [281, 44, 0, 481]]
[[759, 0, 0, 164], [549, 586, 28, 85], [413, 143, 91, 146], [280, 39, 0, 487]]
[[766, 0, 0, 157], [562, 604, 28, 54], [421, 139, 88, 145], [280, 41, 0, 485]]
[[755, 0, 0, 168], [521, 614, 27, 86], [407, 143, 80, 163], [286, 39, 0, 481]]
[[744, 0, 0, 179], [491, 641, 44, 72], [393, 149, 88, 163], [284, 41, 0, 481]]
[[753, 0, 0, 170], [511, 618, 41, 78], [385, 149, 92, 167], [281, 36, 0, 489]]
[[753, 0, 0, 170], [508, 619, 44, 77], [411, 144, 92, 146], [287, 39, 0, 480]]
[[753, 0, 0, 170], [508, 624, 38, 78], [354, 149, 88, 202], [280, 40, 0, 486]]
[[768, 0, 0, 155], [468, 653, 42, 85], [379, 142, 77, 195], [279, 42, 0, 485]]
