0.581
0.593
0.593
0.593
0.594
0.613
0.635
0.687
0.717
0.748
0.743
0.77
0.783
0.804
0.814
0.821
0.833
0.831
0.842
0.843
0.851
0.863
0.862
0.863
0.863
0.87
0.892
0.888
0.906
0.909
0.925
0.921
0.934
0.929
0.933
0.935
0.939
0.935
0.939
0.936
0.94
0.942
0.939
0.939
0.939
0.952
0.95
0.956
0.959
0.949
0.959
0.955
0.966
0.958
0.961
0.961
0.961
0.965
0.971
0.97
0.97
0.971
0.972
0.971
0.971
0.972
0.973
0.974
0.975
0.982
0.973
0.982
0.982
0.981
0.985
0.985
0.985
0.978
0.987
0.986
0.986
0.988
0.988
0.988
0.988
0.988
0.988
0.988
0.988
0.988
0.988
0.988
0.988
0.988
0.988
0.988
0.988
0.988
0.988
0.988
