704.09247
696.40533
687.2297
676.9175
665.1998
651.18896
633.71796
612.82007
589.2226
562.6209
534.80005
507.1213
480.38654
454.86734
431.29236
409.65326
389.76657
371.53833
355.12762
339.76102
326.03738
313.3137
302.32382
290.8765
280.92468
272.05777
263.32675
255.13382
248.23613
240.6721
234.15979
228.1551
222.14502
217.00212
211.38368
206.47032
202.04462
197.4591
193.39865
189.43121
185.54619
181.75188
178.68091
175.13167
172.02231
169.08832
166.18623
163.56946
160.95525
158.44597
156.05981
153.93901
151.82724
149.69691
147.69434
145.77794
144.06673
142.37126
140.64272
139.22987
137.68298
136.12059
134.7031
133.38483
132.1545
131.31587
129.79102
128.66576
127.55712
126.563324
125.6068
124.61927
123.68868
122.813354
122.05411
121.221565
120.415665
119.72807
118.98671
118.36959
117.66289
117.24313
116.565125
115.84201
115.33497
114.806046
114.36297
113.79573
113.35103
112.86754
112.54193
112.03768
111.666
111.24409
111.05753
110.54452
110.17589
109.81231
109.515945
109.220245
