695.9907
682.64435
668.60406
652.4275
633.9361
612.0699
587.34235
559.9418
531.2006
502.00308
474.2277
447.48676
423.4087
401.19568
381.15186
363.0053
346.8119
331.73358
318.37695
305.78033
294.62558
284.19897
274.65063
265.9927
257.517
249.80986
242.86641
236.33272
229.7435
223.96466
218.24446
213.05112
208.3055
203.2815
198.95021
194.7449
190.71414
186.94052
183.2409
179.84564
176.51187
173.69156
170.37993
167.57056
165.14503
162.36987
159.84924
157.48393
155.25166
153.1696
151.02814
149.01628
147.24596
145.36882
143.60129
142.00087
140.49998
138.85608
137.43037
136.10582
134.66217
133.3958
132.31696
130.96072
129.86057
128.93495
127.79158
126.95776
125.80022
124.81434
124.16374
123.109924
122.380486
121.501945
120.85624
120.034256
119.30481
118.74187
118.089294
117.39728
116.85411
116.23535
115.74489
115.09548
114.58366
114.21185
113.65527
113.28984
112.85065
112.30232
111.98015
111.51262
111.165535
110.87505
110.49842
110.06235
109.73335
109.5049
109.45769
109.09488
