0.58
0.586
0.624
0.643
0.631
0.736
0.746
0.788
0.768
0.818
0.835
0.834
0.852
0.877
0.882
0.896
0.912
0.903
0.9
0.905
0.936
0.945
0.933
0.937
0.936
0.938
0.949
0.938
0.938
0.939
0.957
0.948
0.944
0.952
0.951
0.956
0.956
0.958
0.958
0.961
0.968
0.968
0.962
0.965
0.966
0.976
0.979
0.969
0.98
0.979
0.98
0.981
0.981
0.981
0.982
0.974
0.982
0.983
0.983
0.984
0.984
0.984
0.983
0.985
0.983
0.985
0.985
0.983
0.985
0.985
0.985
0.984
0.985
0.983
0.985
0.985
0.993
0.985
0.983
0.986
0.986
0.986
0.989
0.986
0.986
0.993
0.992
0.986
0.993
0.984
0.993
0.989
0.993
0.993
0.985
0.986
0.993
0.993
0.993
0.989
