707.58136
701.0413
694.25055
686.8454
677.1559
666.22266
652.46643
636.54333
617.7884
596.8358
573.55396
548.7134
523.56494
498.37573
474.1258
450.999
429.55655
410.2618
392.04715
375.2465
359.76578
345.9649
332.90573
320.78323
309.66907
299.7231
290.2665
281.66104
273.24976
266.00055
258.60898
252.37521
246.48177
239.94661
234.9711
230.06787
224.57925
219.99501
215.68372
211.53557
207.63351
203.96367
200.60547
197.38889
194.14948
191.63997
188.48889
185.72581
183.37486
180.78206
178.44789
176.15596
174.56245
172.02283
170.052
168.28276
166.42027
164.63579
163.1995
161.38013
159.78021
158.56314
157.09552
155.72284
154.25198
152.97581
151.75412
151.1488
149.53732
148.46059
147.51202
146.39502
145.36821
144.54318
143.57565
142.63628
141.89114
141.04918
140.69113
139.76253
138.71028
138.0595
137.38634
136.61049
135.95761
135.44623
134.7693
134.34636
133.645
133.87228
132.56651
131.96361
131.63727
131.00873
130.99995
130.2243
129.67068
129.29744
128.90343
128.51643
