0.557
0.581
0.585
0.57
0.575
0.575
0.636
0.617
0.641
0.651
0.671
0.698
0.731
0.744
0.749
0.796
0.805
0.831
0.827
0.838
0.838
0.859
0.859
0.872
0.878
0.864
0.88
0.861
0.884
0.882
0.881
0.891
0.892
0.907
0.912
0.911
0.919
0.917
0.921
0.935
0.934
0.938
0.943
0.943
0.946
0.949
0.957
0.954
0.957
0.958
0.959
0.963
0.962
0.961
0.963
0.968
0.966
0.961
0.968
0.969
0.968
0.968
0.97
0.972
0.969
0.974
0.973
0.971
0.983
0.98
0.978
0.98
0.979
0.98
0.979
0.983
0.983
0.98
0.985
0.984
0.985
0.983
0.983
0.985
0.985
0.986
0.985
0.986
0.986
0.986
0.987
0.987
0.988
0.987
0.989
0.994
0.988
0.989
0.991
0.992
