[[201, 722, 0, 0], [96, 1152, 0, 0], [91, 702, 0, 0], [37, 769, 0, 0]]
[[355, 568, 0, 0], [295, 953, 0, 0], [169, 624, 0, 0], [196, 610, 0, 0]]
[[313, 610, 0, 0], [234, 1014, 0, 0], [193, 600, 0, 0], [167, 639, 0, 0]]
[[402, 521, 0, 0], [408, 840, 0, 0], [181, 612, 0, 0], [213, 593, 0, 0]]
[[415, 465, 0, 43], [306, 942, 0, 0], [166, 623, 4, 0], [152, 557, 0, 97]]
[[553, 327, 0, 43], [448, 704, 42, 54], [283, 510, 0, 0], [278, 398, 0, 130]]
[[540, 340, 0, 43], [366, 828, 0, 54], [172, 589, 32, 0], [180, 406, 0, 220]]
[[525, 312, 0, 86], [363, 811, 21, 53], [125, 607, 61, 0], [168, 379, 0, 259]]
[[532, 305, 0, 86], [309, 867, 18, 54], [178, 554, 61, 0], [176, 315, 0, 315]]
[[527, 267, 0, 129], [234, 876, 42, 96], [128, 560, 61, 44], [186, 299, 0, 321]]
[[571, 241, 0, 111], [281, 906, 7, 54], [146, 564, 61, 22], [158, 303, 0, 345]]
[[593, 227, 4, 99], [175, 993, 40, 40], [134, 551, 61, 47], [118, 248, 0, 440]]
[[610, 209, 6, 98], [212, 940, 42, 54], [185, 463, 61, 84], [127, 200, 0, 479]]
[[621, 201, 0, 101], [126, 1045, 42, 35], [144, 498, 61, 90], [136, 176, 0, 494]]
[[640, 108, 18, 157], [144, 1044, 24, 36], [144, 408, 61, 180], [133, 152, 0, 521]]
[[611, 145, 22, 145], [143, 1041, 25, 39], [155, 373, 61, 204], [142, 147, 0, 517]]
[[620, 139, 22, 142], [119, 1041, 25, 63], [142, 350, 78, 223], [130, 179, 0, 497]]
[[632, 127, 15, 149], [119, 1064, 18, 47], [143, 317, 78, 255], [91, 157, 0, 558]]
[[622, 127, 20, 154], [104, 1086, 22, 36], [128, 309, 78, 278], [92, 156, 0, 558]]
[[625, 127, 20, 151], [99, 1075, 20, 54], [146, 275, 95, 277], [93, 135, 0, 578]]
[[614, 127, 25, 157], [99, 1062, 16, 71], [134, 282, 95, 282], [101, 122, 0, 583]]
[[617, 127, 25, 154], [130, 1022, 23, 73], [154, 246, 95, 298], [81, 99, 0, 626]]
[[622, 127, 21, 153], [72, 1080, 23, 73], [146, 256, 95, 296], [89, 99, 0, 618]]
[[616, 127, 25, 155], [90, 1062, 23, 73], [130, 256, 95, 312], [119, 86, 0, 601]]
[[611, 127, 27, 158], [127, 1025, 17, 79], [141, 242, 95, 315], [102, 99, 0, 605]]
[[618, 127, 23, 155], [117, 1035, 17, 79], [145, 238, 95, 315], [97, 101, 0, 608]]
[[609, 127, 28, 159], [116, 1036, 15, 81], [138, 245, 109, 301], [132, 93, 0, 581]]
[[614, 127, 21, 161], [120, 1035, 6, 87], [155, 228, 105, 305], [135, 88, 0, 583]]
[[611, 127, 23, 162], [115, 1037, 18, 78], [153, 230, 95, 315], [110, 107, 0, 589]]
[[608, 159, 25, 131], [120, 1039, 0, 89], [153, 230, 95, 315], [109, 74, 0, 623]]
[[601, 135, 23, 164], [109, 1043, 15, 81], [145, 238, 95, 315], [101, 60, 0, 645]]
[[582, 185, 22, 134], [110, 1043, 4, 91], [144, 239, 97, 313], [114, 75, 0, 617]]
[[588, 196, 16, 123], [116, 1044, 5, 83], [144, 239, 95, 315], [102, 73, 0, 631]]
[[588, 167, 24, 144], [116, 1045, 4, 83], [138, 245, 95, 315], [105, 66, 0, 635]]
[[587, 186, 21, 129], [107, 1046, 2, 93], [133, 247, 95, 318], [129, 71, 0, 606]]
[[577, 181, 22, 143], [139, 1046, 6, 57], [133, 244, 113, 303], [110, 62, 0, 634]]
[[574, 158, 23, 168], [158, 1032, 0, 58], [139, 227, 119, 308], [108, 77, 0, 621]]
[[582, 148, 25, 168], [117, 1047, 0, 84], [136, 231, 104, 322], [119, 53, 0, 634]]
[[575, 142, 24, 182], [143, 1049, 2, 54], [136, 222, 112, 323], [155, 85, 0, 566]]
[[578, 144, 21, 180], [142, 1049, 3, 54], [138, 218, 112, 325], [116, 51, 0, 639]]
[[564, 148, 23, 188], [142, 1050, 2, 54], [138, 216, 112, 327], [124, 87, 0, 595]]
[[571, 123, 22, 207], [142, 1052, 0, 54], [128, 220, 115, 330], [90, 91, 0, 625]]
[[575, 129, 22, 197], [138, 1051, 5, 54], [135, 216, 112, 330], [121, 56, 0, 629]]
[[559, 130, 26, 208], [143, 1050, 1, 54], [140, 209, 115, 329], [115, 74, 0, 617]]
[[571, 136, 25, 191], [136, 1052, 6, 54], [137, 216, 112, 328], [112, 85, 0, 609]]
[[568, 137, 19, 199], [139, 1052, 3, 54], [129, 222, 112, 330], [141, 80, 0, 585]]
[[555, 135, 28, 205], [141, 1053, 0, 54], [124, 216, 112, 341], [117, 85, 0, 604]]
[[564, 135, 27, 197], [157, 1037, 0, 54], [113, 215, 132, 333], [112, 77, 0, 617]]
[[564, 144, 27, 188], [138, 1056, 0, 54], [122, 221, 135, 315], [113, 68, 0, 625]]
[[568, 144, 22, 189], [138, 1056, 0, 54], [107, 222, 129, 335], [113, 83, 0, 610]]
[[557, 139, 25, 202], [136, 1056, 2, 54], [102, 214, 138, 339], [110, 70, 0, 626]]
[[562, 138, 30, 193], [143, 1051, 0, 54], [113, 211, 140, 329], [139, 62, 0, 605]]
[[565, 146, 27, 185], [134, 1060, 0, 54], [103, 218, 143, 329], [123, 64, 0, 619]]
[[552, 140, 26, 205], [138, 1056, 0, 54], [107, 215, 136, 335], [105, 60, 0, 641]]
[[561, 140, 29, 193], [138, 1056, 0, 54], [100, 214, 141, 338], [138, 62, 0, 606]]
[[544, 143, 26, 210], [155, 1039, 0, 54], [95, 219, 147, 332], [129, 61, 0, 616]]
[[558, 138, 28, 199], [138, 1056, 0, 54], [93, 210, 145, 345], [153, 69, 0, 584]]
[[572, 138, 25, 188], [138, 1056, 0, 54], [97, 218, 141, 337], [129, 56, 0, 621]]
[[552, 140, 20, 211], [125, 1069, 0, 54], [96, 212, 148, 337], [141, 56, 0, 609]]
[[547, 143, 29, 204], [128, 1066, 0, 54], [96, 210, 147, 340], [112, 56, 0, 638]]
[[578, 147, 24, 174], [128, 1066, 0, 54], [90, 218, 151, 334], [108, 63, 0, 635]]
[[548, 141, 30, 204], [130, 1062, 2, 54], [96, 211, 148, 338], [144, 56, 0, 606]]
[[563, 150, 22, 188], [140, 1054, 0, 54], [92, 214, 148, 339], [121, 56, 0, 629]]
[[564, 143, 25, 191], [118, 1076, 0, 54], [91, 211, 148, 343], [133, 56, 0, 617]]
[[582, 143, 26, 172], [141, 1053, 0, 54], [87, 209, 152, 345], [112, 56, 0, 638]]
[[556, 146, 27, 194], [132, 1062, 0, 54], [86, 209, 152, 346], [114, 64, 0, 628]]
[[575, 143, 24, 181], [122, 1069, 0, 57], [87, 209, 154, 343], [129, 56, 0, 621]]
[[558, 145, 25, 195], [117, 1077, 0, 54], [85, 210, 153, 345], [137, 56, 0, 613]]
[[552, 147, 22, 202], [127, 1067, 0, 54], [75, 209, 151, 358], [115, 56, 0, 635]]
[[558, 146, 25, 194], [119, 1075, 0, 54], [84, 210, 149, 350], [116, 56, 0, 634]]
[[555, 145, 26, 197], [125, 1062, 0, 61], [74, 209, 153, 357], [114, 56, 0, 636]]
[[567, 145, 23, 188], [120, 1074, 0, 54], [85, 208, 152, 348], [102, 56, 0, 648]]
[[558, 148, 22, 195], [120, 1068, 0, 60], [74, 204, 154, 361], [106, 56, 0, 644]]
[[552, 157, 20, 194], [117, 1077, 0, 54], [75, 209, 154, 355], [129, 56, 0, 621]]
[[570, 147, 22, 184], [123, 1063, 0, 62], [75, 203, 155, 360], [98, 56, 0, 652]]
[[548, 162, 23, 190], [118, 1073, 0, 57], [88, 206, 154, 345], [109, 56, 0, 641]]
[[558, 158, 22, 185], [117, 1072, 0, 59], [83, 209, 153, 348], [109, 56, 0, 641]]
[[559, 166, 18, 180], [115, 1071, 0, 62], [73, 207, 151, 362], [105, 56, 0, 645]]
[[557, 154, 18, 194], [121, 1056, 0, 71], [73, 205, 153, 362], [127, 56, 0, 623]]
[[549, 159, 21, 194], [123, 1064, 0, 61], [73, 206, 153, 361], [101, 56, 0, 649]]
[[571, 147, 21, 184], [123, 1051, 0, 74], [75, 208, 152, 358], [94, 56, 0, 656]]
[[557, 155, 21, 190], [127, 1061, 0, 60], [75, 204, 153, 361], [98, 56, 0, 652]]
[[566, 146, 22, 189], [109, 1056, 0, 83], [82, 206, 154, 351], [95, 56, 0, 655]]
[[551, 156, 19, 197], [116, 1063, 0, 69], [76, 204, 150, 363], [99, 56, 0, 651]]
[[562, 152, 18, 191], [115, 1069, 0, 64], [75, 206, 153, 359], [85, 56, 0, 665]]
[[555, 156, 22, 190], [112, 1057, 0, 79], [74, 200, 152, 367], [98, 56, 0, 652]]
[[574, 148, 17, 184], [117, 1052, 0, 79], [75, 202, 152, 364], [88, 56, 0, 662]]
[[563, 156, 16, 188], [111, 1063, 0, 74], [72, 205, 157, 359], [80, 56, 0, 670]]
[[571, 149, 18, 185], [119, 1048, 0, 81], [74, 201, 153, 365], [85, 56, 0, 665]]
[[562, 156, 20, 185], [110, 1064, 0, 74], [73, 207, 153, 360], [98, 56, 0, 652]]
[[557, 153, 21, 192], [116, 1050, 0, 82], [74, 200, 153, 366], [100, 56, 0, 650]]
[[563, 157, 16, 187], [112, 1063, 0, 73], [95, 206, 144, 348], [95, 56, 0, 655]]
[[556, 156, 18, 193], [109, 1057, 0, 82], [81, 200, 146, 366], [92, 56, 0, 658]]
[[555, 159, 17, 192], [110, 1058, 0, 80], [83, 200, 145, 365], [89, 56, 0, 661]]
[[554, 161, 16, 192], [110, 1052, 0, 86], [82, 203, 146, 362], [115, 56, 0, 635]]
[[561, 156, 17, 189], [111, 1044, 0, 93], [84, 200, 144, 365], [83, 56, 0, 667]]
[[544, 160, 25, 194], [105, 1054, 0, 89], [82, 200, 147, 364], [79, 56, 0, 671]]
[[565, 155, 16, 187], [110, 1047, 0, 91], [88, 200, 137, 368], [87, 56, 0, 663]]
[[560, 156, 20, 187], [115, 1040, 0, 93], [93, 201, 140, 359], [92, 56, 0, 658]]
[[566, 154, 18, 185], [108, 1049, 0, 91], [87, 200, 140, 366], [79, 56, 0, 671]]
