705.6144
698.10175
688.7975
677.9476
665.1965
649.01483
630.3003
608.5628
584.21857
558.1956
531.18805
504.11005
478.04837
453.26303
429.9802
408.14462
388.51212
370.24942
353.65686
338.14908
324.0952
311.13956
299.39832
288.2016
278.04208
268.6036
259.5981
251.37881
244.1793
236.46947
230.00084
223.52487
217.67715
212.1471
207.04614
202.03311
197.55743
192.99391
188.90044
184.93846
181.55772
178.01431
174.50266
171.3157
168.23537
165.42097
162.71667
160.16393
157.95837
155.46542
153.20393
151.05844
149.04893
147.10951
145.20894
143.44012
141.71225
140.22063
138.54564
137.19205
135.73108
134.407
133.12889
131.94595
130.73534
129.62956
128.7166
127.521706
126.57379
125.7231
124.61251
123.81222
122.96474
122.18004
121.387985
120.6189
119.90358
119.328705
118.54338
117.89287
117.27759
116.705055
116.19153
115.576065
115.17553
114.59912
114.11578
113.67309
113.211426
112.85731
112.351135
111.975296
111.61881
111.48104
110.94379
110.54084
110.18821
109.85313
109.554855
109.27568
