0.564
0.656
0.67
0.694
0.683
0.764
0.772
0.796
0.808
0.815
0.821
0.829
0.834
0.84
0.851
0.858
0.863
0.873
0.873
0.875
0.878
0.888
0.892
0.903
0.905
0.909
0.923
0.927
0.926
0.929
0.938
0.946
0.937
0.945
0.951
0.954
0.956
0.964
0.96
0.962
0.968
0.968
0.968
0.97
0.968
0.971
0.971
0.971
0.971
0.973
0.973
0.973
0.973
0.975
0.975
0.975
0.979
0.975
0.975
0.975
0.983
0.976
0.981
0.981
0.976
0.981
0.979
0.985
0.983
0.977
0.985
0.988
0.987
0.986
0.985
0.985
0.988
0.994
0.981
0.989
0.988
0.987
0.99
0.988
0.994
0.992
0.989
0.99
0.995
0.989
0.995
0.99
0.995
0.988
0.989
0.994
0.995
0.995
0.995
0.994
