0.534
0.627
0.564
0.634
0.633
0.64
0.679
0.735
0.742
0.809
0.821
0.838
0.847
0.868
0.868
0.874
0.884
0.887
0.905
0.916
0.922
0.923
0.938
0.944
0.946
0.947
0.945
0.945
0.946
0.95
0.951
0.948
0.95
0.951
0.951
0.952
0.953
0.953
0.961
0.969
0.972
0.969
0.968
0.975
0.976
0.976
0.981
0.981
0.981
0.981
0.981
0.984
0.981
0.981
0.981
0.982
0.985
0.985
0.985
0.986
0.988
0.988
0.989
0.99
0.99
0.99
0.997
0.996
1.0
0.999
0.998
1.0
1.0
1.0
1.0
1.0
1.0
1.0
1.0
1.0
1.0
1.0
1.0
1.0
1.0
1.0
1.0
1.0
1.0
1.0
1.0
1.0
1.0
1.0
1.0
1.0
1.0
1.0
1.0
1.0
