0.589
0.6
0.636
0.693
0.739
0.767
0.801
0.795
0.808
0.826
0.823
0.858
0.864
0.893
0.896
0.891
0.907
0.927
0.911
0.921
0.924
0.933
0.935
0.941
0.937
0.941
0.944
0.948
0.948
0.948
0.951
0.952
0.953
0.957
0.958
0.959
0.957
0.96
0.963
0.966
0.969
0.966
0.973
0.973
0.97
0.98
0.978
0.979
0.977
0.979
0.979
0.979
0.984
0.98
0.982
0.985
0.985
0.984
0.985
0.984
0.985
0.985
0.987
0.985
0.987
0.993
0.99
0.995
0.995
0.995
0.993
0.995
0.995
0.995
0.995
0.995
0.995
0.995
0.995
0.995
0.995
0.995
0.995
0.995
0.996
0.995
0.996
0.999
0.995
0.998
0.998
0.999
0.995
0.995
1.0
1.0
1.0
1.0
0.995
1.0
