0.573
0.584
0.582
0.57
0.581
0.617
0.624
0.641
0.665
0.702
0.733
0.751
0.744
0.75
0.763
0.794
0.792
0.809
0.815
0.828
0.839
0.864
0.874
0.887
0.891
0.901
0.905
0.902
0.905
0.91
0.905
0.905
0.911
0.918
0.917
0.927
0.929
0.924
0.936
0.94
0.937
0.938
0.951
0.949
0.96
0.959
0.954
0.954
0.961
0.962
0.96
0.959
0.967
0.969
0.96
0.96
0.969
0.96
0.964
0.968
0.969
0.965
0.964
0.967
0.978
0.974
0.977
0.977
0.979
0.978
0.978
0.978
0.977
0.979
0.978
0.981
0.978
0.98
0.981
0.98
0.982
0.979
0.982
0.983
0.984
0.982
0.982
0.979
0.98
0.985
0.987
0.984
0.984
0.983
0.983
0.987
0.984
0.985
0.984
0.984
