700.2942
694.594
688.1488
681.88855
675.19226
668.31604
659.40936
650.05743
639.4082
627.7351
614.7749
600.7039
585.6064
570.32056
553.3513
536.589
520.24646
504.1039
488.46155
473.50012
459.1325
445.83282
433.2997
420.69104
409.21185
398.90018
388.08804
379.16595
369.08966
360.35794
351.747
343.61243
335.90402
328.51633
321.23077
314.55878
307.98468
302.8268
295.9817
289.83786
284.47693
280.2259
273.74808
268.79788
264.50262
259.47464
255.201
251.00047
246.86919
242.97174
239.04826
235.62767
232.20544
229.35577
225.42134
222.40872
219.38797
216.83937
213.65706
210.98218
208.48798
206.32886
203.76086
201.5896
200.1465
196.82341
194.71356
192.86041
190.8457
188.8762
187.15317
185.36076
183.78247
182.07007
181.09348
179.04094
177.7763
176.2519
175.32779
173.60995
172.32855
171.43207
170.47498
169.27663
168.22844
166.8811
165.71341
165.8717
164.43541
163.04333
162.2796
161.12004
160.34412
159.66068
158.6658
158.10944
157.43037
156.5533
155.96536
155.25574
