0.568
0.597
0.67
0.702
0.72
0.75
0.752
0.768
0.76
0.784
0.828
0.848
0.839
0.868
0.89
0.905
0.893
0.901
0.913
0.93
0.934
0.936
0.953
0.968
0.969
0.966
0.966
0.963
0.969
0.976
0.975
0.981
0.983
0.984
0.988
0.988
0.99
0.991
0.991
0.991
0.992
0.991
0.991
0.991
0.992
0.992
0.992
0.992
0.993
0.992
0.993
0.993
0.994
0.994
0.993
0.993
0.994
0.994
0.994
0.994
0.994
0.994
0.994
0.994
0.994
0.993
0.994
0.994
0.994
0.994
0.994
0.994
0.994
0.994
0.994
0.994
0.994
0.994
0.994
0.994
0.994
0.994
0.994
0.994
0.994
0.994
0.994
0.994
0.994
0.994
0.994
0.994
0.994
0.994
0.994
0.994
0.994
0.994
0.994
0.994
