699.05066
687.99835
676.0715
662.3588
647.0461
630.25604
612.18756
592.011
570.2464
546.7946
523.01984
498.67886
474.64502
451.75024
430.50388
410.07706
391.57642
374.50598
358.79037
344.42017
331.19382
318.6859
307.10062
296.5525
286.9347
277.94025
269.82855
261.57272
254.64668
247.50378
241.00587
235.10274
229.46642
224.0004
219.06076
214.78745
210.04239
205.73486
201.89337
198.0745
194.48752
191.15506
188.23373
184.86067
181.9669
179.28174
176.60928
174.17242
171.9225
169.82053
167.58784
165.56512
163.64824
161.69096
160.36679
158.11078
156.51822
155.12308
153.59735
151.9755
151.10516
149.33862
148.12799
147.12576
145.78824
144.60443
143.63019
142.49902
141.62398
140.57965
139.65671
138.806
137.95538
137.12648
136.42892
135.73064
134.87782
134.27948
133.57117
132.9514
132.32149
131.63148
131.00714
130.57936
129.98767
129.99484
128.96269
128.57477
128.0198
127.523926
127.09991
126.74182
126.21507
125.86412
125.41887
125.08148
124.667625
124.46259
124.02816
123.67955
