0.29850543
0.3145482
0.32483202
0.33730975
0.31975868
0.3262032
0.33909228
0.34951323
0.35897437
0.38379267
0.40216646
0.39105994
0.41615248
0.4331551
0.4380913
0.4454957
0.4648293
0.47538736
0.47977513
0.49760044
0.5058275
0.5157
0.51981354
0.5288633
0.5368161
0.55560124
0.56492525
0.5933086
0.60482657
0.6264911
0.62772524
0.63334703
0.63663787
0.65501165
0.65651995
0.66488415
0.6641985
0.65967363
0.6890169
0.667078
0.6809269
0.68586314
0.68970245
0.7106815
0.6964212
0.7127382
0.7093103
0.7123269
0.71890855
0.72137666
0.724119
0.73028934
0.7335802
0.74358976
0.74660635
0.74770325
0.7486631
0.7594954
0.75757575
0.7596325
0.76977926
0.76840806
0.77594954
0.7802002
0.78239405
0.7791033
0.7887015
0.7855478
0.7978884
0.8018648
0.7935006
0.7885644
0.80213904
0.79967093
0.8050185
0.8092692
0.8087207
0.8180447
0.81941587
0.82298094
0.81859314
0.82229537
0.8207871
0.8272316
0.83628136
0.8350473
0.8424517
0.84875906
0.8488962
0.85369533
0.85163856
0.8552036
0.8597285
0.85328394
0.85849446
0.8643905
0.8632936
0.8606883
0.8594543
0.8756342
0.87398875
0.87001234
0.8726176
0.8767311
0.8796106
0.88687783
0.8822158
0.88468397
0.89030576
0.89058
0.8804333
0.88783765
0.89181405
0.88920885
0.8941451
0.8953791
0.89579046
0.8953791
0.89428216
0.90333194
0.9036062
0.89633894
0.90223503
0.9008638
0.9023721
0.91169614
0.9082682
0.9108734
0.9097765
0.90758264
0.91416425
0.91416425
0.9136158
0.92102015
0.910325
0.9151241
0.91498697
0.91402715
0.91937476
0.9174551
0.92102015
0.9203346
0.9175922
0.91951185
0.9192376
0.91649526
0.91800356
0.91498697
0.92102015
0.9226656
0.923214
0.91704375
0.9199232
0.9229398
0.9241739
0.92389965
0.9221171
0.92389965
0.9252708
0.9286988
0.92952144
0.92636776
0.9276018
0.9292472
0.9296586
0.9302071
0.9286988
0.9247223
0.93349785
0.93582886
0.92993283
0.9306184
0.93171537
0.92883587
0.92650485
0.93171537
0.9296586
0.9351433
0.9345948
0.93336076
0.9374743
0.933635
0.93349785
0.9345948
0.93541753
0.93500614
0.93884546
0.9351433
0.9440559
0.9424105
0.9344577
0.9400795
0.9404909
0.940628
0.9435075
0.9351433
0.94186205
0.94487864
0.9389826
0.94570136
