10030.322
9995.723
9962.959
9932.703
9901.037
9866.449
9831.016
9793.279
9752.683
9706.535
9660.53
9611.084
9552.482
9493.059
9425.747
9353.947
9278.541
9196.345
9108.233
9014.411
8917.363
8817.922
8715.545
8613.818
8509.331
8407.66
8299.86
8196.271
8089.2964
7986.638
7882.8574
7783.0303
7688.069
7587.634
7493.5156
7400.7773
7311.448
7221.1567
7137.7314
7049.8926
6966.992
6885.0327
6806.876
6731.2954
6653.9175
6579.716
6507.284
6445.36
6366.8135
6301.417
6234.636
6171.7295
6109.377
6051.636
5989.6685
5932.685
5875.6772
5825.5303
5768.071
5715.3823
5662.915
5620.043
5569.263
5522.2056
5474.0493
5426.288
5383.9844
5342.3364
5299.777
5255.9824
5219.4077
5181.3906
5143.3164
5103.3794
5062.545
5029.816
4994.2563
4966.0483
4926.5615
4891.381
4859.681
4828.9155
4801.6265
4769.261
4740.389
4709.1045
4681.162
4652.332
4626.5317
4603.716
4574.0117
4547.548
4525.584
4500.9795
4473.4136
4450.6567
4428.7695
4408.145
4386.3345
4361.5605
4341.523
4319.4624
4302.8315
4279.3877
4259.264
4240.0293
4219.5356
4202.2266
4187.174
4164.755
4149.9067
4129.9883
4116.6265
4099.048
4081.2136
4060.393
4045.4036
4030.103
4018.952
3998.615
3982.2974
3970.2935
3953.2861
3941.8242
3925.108
3912.2534
3906.1975
3884.8071
3869.8296
3857.5215
3845.4924
3833.5757
3818.9316
3810.895
3797.7334
3784.3127
3775.125
3763.841
3750.6956
3745.6843
3729.899
3726.2876
3708.6824
3698.5547
3687.5056
3678.2236
3668.803
3660.2185
3652.2856
3641.4553
3632.2183
3626.9727
3616.2278
3611.1123
3596.786
3586.9673
3580.5725
3572.3645
3561.4714
3553.4668
3546.8562
3541.797
3532.9272
3522.4517
3515.0562
3507.1836
3499.7595
3494.8535
3486.4717
3479.256
3472.6035
3466.6008
3458.8445
3457.9785
3450.3718
3440.773
3433.316
3428.102
3422.0977
3418.704
3409.3267
3410.2666
3399.2092
3404.125
3389.0
3382.542
3377.0256
3374.2102
3373.4907
3363.5605
3359.4397
3352.5264
3347.0945
3343.5017
3338.7456
3334.858
3331.2388
3328.0737
3323.7546
3318.4128
