696.9031
690.9899
684.71765
678.0558
670.4536
661.8422
652.0559
640.8006
628.15314
613.9646
598.4257
582.06714
565.0005
547.72327
530.07245
513.06256
496.4071
480.82288
465.87604
451.89383
437.8804
424.7253
412.5257
401.1856
390.17038
379.9596
370.08475
360.646
351.64648
342.87952
335.0667
327.58044
319.46774
312.29306
305.4746
299.35736
293.28134
286.79214
280.80493
275.93936
270.2527
265.21698
260.47556
256.35565
251.35701
247.15039
243.02911
239.02937
235.3886
231.90437
228.1165
224.82112
222.13275
218.486
215.54765
212.6542
209.98975
207.42317
205.16312
202.01286
199.7169
197.61096
195.25554
193.05814
191.12427
189.10991
187.2349
185.44534
183.81902
182.12782
180.59145
178.93542
177.45027
176.04175
175.32841
173.3536
172.09735
170.98694
169.60838
168.57692
167.41998
166.42796
165.2623
164.32863
163.37904
162.475
161.6508
160.69843
159.82053
159.2018
158.23969
157.50139
156.8736
156.07669
155.33882
154.71837
154.29453
153.49614
152.85834
152.45213
