705.04065
692.6656
679.9752
665.65393
649.0589
629.69135
606.63776
581.5982
554.3947
525.84845
497.9424
470.56708
445.54364
421.4005
399.87912
380.1372
362.12793
345.78156
330.7049
316.63864
304.25647
292.25824
281.8779
271.7971
262.6429
254.08278
246.16887
238.84392
231.91629
225.64568
219.54623
213.849
208.73112
203.5955
198.78737
194.35088
190.28673
186.0984
182.43236
178.67426
175.383
172.31747
169.04921
166.1557
163.63083
160.85332
158.45987
156.11716
153.8247
151.648
149.57501
147.75244
146.20488
144.52026
142.41737
140.79501
139.29984
137.84026
136.876
135.04948
133.78229
132.56564
131.3803
130.47098
129.12796
128.08897
127.10057
126.376144
125.46057
124.448425
123.54593
123.34787
121.99078
121.11893
120.36402
119.80965
119.1584
118.367294
117.7973
117.17318
116.592606
116.14935
115.515015
115.00415
114.75961
114.03822
113.57875
113.21435
112.80476
112.37329
111.95732
111.61563
111.21246
110.886314
110.57792
110.145615
109.89061
109.51651
109.30844
109.05476
