0.757
0.757
0.757
0.757
0.757
0.757
0.757
0.757
0.757
0.757
0.759
0.759
0.759
0.767
0.767
0.767
0.786
0.786
0.786
0.792
0.8
0.802
0.808
0.815
0.823
0.83
0.831
0.832
0.843
0.853
0.858
0.862
0.871
0.873
0.873
0.873
0.874
0.876
0.879
0.887
0.886
0.892
0.899
0.901
0.897
0.904
0.906
0.904
0.909
0.909
0.911
0.909
0.909
0.912
0.91
0.913
0.913
0.913
0.917
0.916
0.914
0.919
0.923
0.922
0.923
0.922
0.925
0.927
0.926
0.922
0.925
0.927
0.93
0.929
0.929
0.929
0.931
0.929
0.934
0.931
0.933
0.933
0.932
0.939
0.936
0.932
0.94
0.935
0.936
0.938
0.944
0.943
0.941
0.94
0.945
0.943
0.94
0.944
0.95
0.94
