0.784
0.784
0.784
0.784
0.784
0.784
0.784
0.784
0.784
0.784
0.784
0.784
0.784
0.784
0.784
0.784
0.796
0.803
0.814
0.818
0.821
0.823
0.823
0.836
0.837
0.841
0.839
0.846
0.846
0.848
0.846
0.853
0.854
0.851
0.871
0.869
0.866
0.873
0.879
0.876
0.886
0.881
0.886
0.888
0.89
0.89
0.895
0.895
0.895
0.9
0.897
0.897
0.9
0.905
0.901
0.902
0.9
0.9
0.902
0.904
0.902
0.906
0.906
0.904
0.906
0.909
0.906
0.907
0.906
0.907
0.911
0.909
0.91
0.913
0.913
0.911
0.909
0.914
0.915
0.916
0.911
0.912
0.925
0.917
0.914
0.914
0.923
0.92
0.92
0.919
0.929
0.925
0.936
0.918
0.925
0.936
0.933
0.934
0.926
0.936
