0.38187304
0.42437953
0.51007813
0.56794184
0.6046894
0.65885097
0.6707802
0.7296037
0.74962294
0.77581245
0.8017277
0.8017277
0.81845605
0.85753465
0.86535037
0.857946
0.8989442
0.892911
0.90703416
0.92197996
0.93034416
0.93651444
0.94282186
0.9374743
0.95571095
0.9562594
0.9621555
0.9632524
0.9736734
0.967366
0.96901137
0.9757302
0.96942276
0.9792952
0.98477995
0.98642534
0.9791581
0.97655284
0.9901275
0.99081314
0.9869738
0.983683
0.98875636
0.99040174
0.99232143
0.99424106
0.9845057
0.9905389
0.99273276
0.99286985
0.9921843
0.9868367
0.99122447
0.9954751
0.9891677
0.99328125
0.99670917
0.99478954
0.99081314
0.9954751
0.99191004
0.99725765
0.9925956
0.99629784
0.99136156
0.99588645
0.9956122
0.99670917
0.9941039
0.99478954
0.9945153
0.99670917
0.99437815
