0.25928974
0.28575346
0.35225558
0.28739887
0.29206088
0.36898395
0.32346085
0.33127657
0.3584259
0.3700809
0.39805293
0.3763883
0.42506513
0.43699437
0.42369395
0.4387769
0.47456464
0.44782668
0.47538736
0.48539695
0.49677774
0.49554366
0.5071987
0.5172083
0.5309201
0.5254353
0.54326063
0.5686275
0.57040995
0.5597148
0.59865624
0.60249555
0.6284108
0.63266146
0.6120938
0.62772524
0.6469217
0.6567942
0.64404225
0.65062386
0.650761
0.6676265
0.6552859
0.68476623
0.6692719
0.6917592
0.69422734
0.70999587
0.69217056
0.70807624
0.71095574
0.7245304
0.7193199
0.73138624
0.7379679
0.7393391
0.75263953
0.74962294
0.7541478
0.7651172
0.76292336
0.76607704
0.7688194
0.771836
0.7800631
0.7760867
0.78842723
0.7899355
0.78513646
0.791581
0.7943233
0.799808
0.80227613
0.810229
0.80597836
0.8024133
0.810229
0.82599753
0.8133827
0.8058412
0.8266831
0.83381325
0.8232552
0.8349102
0.84779924
0.84162897
0.84478265
0.8589058
0.8510901
0.85547787
0.8621966
0.8711093
0.86603594
0.8549294
0.8690525
0.8621966
0.8704237
0.8712464
0.87988484
0.87083507
