0.31866172
0.33895516
0.46400657
0.5185795
0.5879611
0.6338955
0.67091733
0.7330317
0.74276704
0.7637461
0.78815305
0.8137941
0.8371041
0.8394351
0.87398875
0.89880705
0.9036062
0.9201974
0.9300699
0.9424105
0.9552996
0.9558481
0.9677773
0.9729878
0.9738105
0.9791581
0.97956944
0.9814891
0.9831345
0.9861511
0.9941039
0.99588645
0.9935555
0.9983546
0.9983546
0.9961607
0.99725765
0.9983546
0.9983546
0.9983546
0.9983546
0.9983546
0.9983546
0.99739474
0.9983546
0.9983546
0.9983546
0.9983546
0.99739474
0.9983546
0.9983546
0.9983546
0.9983546
0.9983546
0.9983546
0.9983546
0.9983546
0.9983546
0.9983546
0.9983546
