0.35362676
0.36500755
0.43233237
0.49828604
0.5447689
0.6295077
0.6652955
0.6854518
0.7108186
0.7509941
0.7721102
0.7856849
0.8048814
0.81859314
0.84327435
0.8372412
0.85026735
0.87083507
0.8852324
0.90168655
0.91018784
0.9121075
0.91389
0.93048126
0.92952144
0.9385712
0.9297957
0.93651444
0.9483066
0.9454271
0.9562594
0.9543398
0.95804197
0.95872754
0.9658577
0.9669546
0.967366
0.96503496
0.9620184
0.9677773
0.9786096
0.9712053
0.96462363
0.9738105
0.97737557
0.97641575
0.9777869
0.97353625
0.981352
0.97408473
0.9792952
0.9866996
0.9783354
0.9846428
0.9869738
0.9829974
0.9821747
0.98203754
0.982586
0.986014
0.9821747
0.9808035
0.98573977
0.9861511
0.9886192
0.9856026
0.9827232
0.98477995
0.99177295
0.9861511
0.9845057
0.9856026
0.9882079
0.9871109
0.9886192
0.9868367
0.9871109
0.98889345
0.9868367
0.98738515
0.9909502
0.9880707
0.98642534
0.9856026
0.98889345
0.9886192
0.98587686
0.98738515
0.98889345
0.9914987
0.9884821
0.9905389
0.9869738
0.9821747
0.98889345
0.98889345
0.9875223
0.9875223
0.9846428
0.99040174
