0.2830111
0.29233512
0.30248183
0.2953517
0.29137528
0.3006993
0.3277115
0.3452626
0.31578225
0.34128615
0.35047305
0.37734815
0.35198134
0.3938023
0.44042233
0.44289044
0.453997
0.4873166
0.4740162
0.48951048
0.52680653
0.52077335
0.52132183
0.54065543
0.55848074
0.5536816
0.56780475
0.5794597
0.5948169
0.60564923
0.6136021
0.6229261
0.63732344
0.63951737
0.6478815
0.650761
0.6556972
0.6736597
0.6731112
0.6801042
0.69669545
0.682161
0.6838064
0.6860003
0.6931304
0.70944744
0.72987795
0.72740984
0.7301522
0.73810506
0.7364596
0.7363225
0.7424928
0.7622378
0.7593583
0.76292336
0.77279586
0.76758534
0.7678596
0.7637461
0.77992594
0.78472507
0.78129715
0.7804744
0.7885644
0.7885644
0.7889757
0.790484
0.79967093
0.80309886
0.81050324
0.8028246
0.80913204
0.81214863
0.82298094
0.81831896
0.8281914
0.8280543
0.83436173
0.8257233
0.83545864
0.8435486
0.84382284
0.8401207
0.8413547
0.8440971
0.84999317
0.8504045
0.8594543
0.85616344
0.84725076
0.86205953
0.8550665
0.8652132
0.85163856
0.8727547
0.8680927
0.8606883
0.874263
0.8771425
