9929.044
9721.45
9370.041
8840.224
8167.4185
7482.7925
6858.5566
6318.106
5826.5234
5392.681
4998.864
4635.0537
4318.8765
4033.3645
3773.332
3510.05
3298.4675
3110.8403
2898.454
2730.4468
2587.8875
2447.8738
2307.4873
2198.748
2093.5273
2003.007
1896.418
1831.577
1751.569
1679.4183
1620.3795
1562.0022
1521.2986
1474.462
1436.3895
1408.1766
1363.9227
1344.1753
1305.9312
1280.5027
1262.4006
1244.7659
1221.2079
1213.31
1205.2539
1174.9128
1162.2465
1153.0789
1160.1416
1130.6818
1125.8977
1115.3613
1106.3109
1102.161
1100.4738
1086.9668
1083.0953
1084.5833
1069.9636
1067.4532
