9853.502
9513.438
9030.446
8436.507
7818.5605
7230.298
6697.0537
6226.398
5824.469
5444.4297
5124.6323
4843.6533
4593.079
4336.878
4137.23
3938.3975
3757.1838
3601.0684
3451.0461
3322.1074
3212.2874
3085.0212
2977.971
2903.8328
2803.6663
2711.4248
2639.2463
2590.1235
2512.688
2477.4019
2412.2222
2363.5107
2317.6575
2284.6892
2236.1792
2209.2063
2188.0178
2164.9524
2144.512
2104.59
2089.82
2085.217
2062.25
2039.421
2026.2233
2011.9413
2041.6348
1977.8473
1974.3054
1965.1926
1952.1304
1969.7999
1958.1252
1946.5837
1945.5315
1921.2844
1914.542
1909.0692
1916.0208
1900.5702
1895.7703
1893.7771
1897.5759
1877.4006
1940.1261
1871.0463
1887.1995
1860.6707
1864.5685
1870.3733
1867.9718
1854.4198
1859.7064
