10091.825
10082.724
10077.347
10071.847
10067.595
10063.345
10059.839
10055.834
10052.586
10049.3545
10046.005
10042.595
10035.753
10031.805
10027.917
10023.854
10020.091
10016.711
10013.033
10009.34
10005.589
10002.031
9998.6
9995.18
9991.898
9988.543
9984.807
9981.248
9977.755
9974.139
9970.422
9966.572
9962.202
9957.954
9953.619
9948.878
9943.876
9939.195
9934.236
9929.073
9924.412
9919.112
9913.617
9908.046
9902.41
9896.768
9890.955
9884.939
9878.601
9872.246
9865.769
9859.236
9852.67
9845.904
9839.011
9831.999
9824.928
9817.802
9810.366
9802.801
9795.089
9787.282
9779.25
9771.116
9762.872
9754.628
9746.13
9737.549
9728.949
9720.188
9711.49
9702.514
9693.313
9684.06
9674.776
9665.295
9655.593
9645.836
9635.616
9625.627
9615.555
9605.344
9594.769
9584.348
9573.555
9562.3545
9551.258
9539.945
9528.676
9517.535
9506.279
9495.078
9483.727
9472.308
9460.906
9449.448
9437.809
9426.227
9414.415
9402.604
9390.628
9378.804
9366.993
9355.3955
9344.246
9332.3545
9320.099
9308.025
9295.701
9283.413
9271.392
9258.96
9247.0625
9234.926
9222.977
9211.03
9198.931
9186.881
9174.959
9163.278
9151.566
9139.859
9127.953
9116.196
9104.577
9092.529
9081.055
9069.32
9056.786
9044.843
9032.793
9020.836
9008.989
8997.37
8985.469
8973.596
8961.665
8949.889
8937.985
8925.615
8912.988
8900.769
8888.325
8875.115
8861.743
8848.073
8834.282
8819.129
8804.031
8789.075
8774.41
8760.065
8745.485
8730.738
8716.278
8701.946
8687.757
8673.895
8660.232
8646.367
8632.929
8619.312
8606.023
8592.708
8578.513
8564.98
8551.751
8538.852
8526.022
8513.091
8500.642
8488.252
8476.308
8464.198
8452.408
8440.449
8428.545
8416.824
8405.379
8393.921
8382.803
8371.668
8360.358
8349.81
8339.2295
8328.333
8317.518
8307.027
8296.357
8285.96
8275.924
8265.645
8255.607
8245.775
8235.872
8226.208
8216.636
8207.027
8197.41
8187.884
8178.6084
8169.1504
8160.2026
8150.9297
8142.019
8133.186
8124.4814
8115.8633
8107.211
8098.6777
8089.9478
8081.5845
8073.221
8064.706
8056.594
8048.3486
8040.017
8031.889
8023.75
8015.8755
8007.8745
8000.1377
7991.96
7984.116
7976.318
7968.5386
7960.894
7953.4053
7945.7563
7938.3613
7930.87
7923.6177
7916.186
7908.9907
7901.5366
7894.3433
7887.23
7880.0522
7872.7773
7865.882
7858.6187
7851.7617
7844.8193
7838.322
7831.624
7824.9214
7818.5205
7811.923
7805.346
7798.719
7792.1865
7785.6987
7779.3057
7772.9785
7766.671
7760.3267
7754.16
7747.7275
7741.6978
7735.4585
7729.267
7723.04
7716.8306
7710.8037
7704.7876
7698.7935
7693.0513
7687.148
7681.394
7675.522
7669.76
7663.7964
7658.148
7652.4365
7646.7144
7640.9297
7635.3833
7629.772
7624.1753
7618.6426
7613.204
7607.771
7602.372
7596.85
7591.508
7586.108
7580.793
7575.487
7570.3125
7565.0996
7559.905
7554.7876
7549.674
7544.5522
7539.4214
7534.379
7529.3916
7524.284
7519.305
7514.3125
7509.3867
7504.4175
7499.562
7494.531
7489.7637
7484.7935
7479.9224
7474.867
7470.042
7465.2603
7460.5186
7455.66
7450.915
7446.271
7441.5396
7436.8364
7432.204
