10063.663
10032.014
10004.492
9975.537
9944.569
9914.727
9885.362
9852.149
9815.553
9778.695
9733.925
9687.888
9640.035
9584.182
9524.574
9459.795
9391.504
9317.163
9233.592
9148.263
9053.977
8957.73
8854.559
8750.46
8643.709
8531.762
8419.17
8303.346
8191.1704
8074.508
7962.2056
7852.4707
7742.6035
7633.6743
7529.631
7427.392
7326.8716
7228.4854
7131.41
7039.1
6949.062
6864.317
6775.452
6694.8657
6609.988
6533.306
6457.216
6380.1216
6304.837
6234.2124
6162.156
6099.629
6027.423
5963.8037
5899.471
5838.5635
5778.1855
5716.0933
5657.1514
5601.979
5544.5005
5489.019
5439.3804
5386.268
5333.326
5286.328
5232.5684
5186.538
5137.293
5092.6626
5048.0713
5004.5337
4959.5034
4919.5776
4874.392
4834.9404
4795.665
4755.511
4717.8975
4681.1274
4645.5396
4608.5947
4573.8945
4538.098
4503.794
4470.9434
4440.413
4409.4536
4375.331
4346.4844
4314.171
4288.7354
4255.7256
4229.882
4207.097
4172.7964
4149.245
4121.414
4094.604
4069.0562
