10087.26
10042.94
10012.9
9978.443
9947.64
9918.145
9886.83
9848.34
9811.529
9773.319
9729.927
9682.292
9635.609
9578.626
9522.0
9457.592
9391.003
9320.011
9243.308
9160.916
9074.228
8985.764
8894.759
8796.36
8699.635
8599.2
8500.316
8400.382
8298.169
8200.662
8096.4775
7997.515
7899.248
7801.651
7712.3154
7615.1343
7522.802
7433.2393
7339.706
7254.143
7171.071
7085.966
7004.1895
6925.4995
6844.749
6771.312
6693.293
6624.3384
6548.773
6482.7505
6411.375
6341.8755
6276.89
6210.0425
6148.5366
6085.8896
6024.602
5966.401
5913.239
5852.005
5800.688
5743.077
5690.858
5639.589
5587.532
5538.33
5489.654
5444.459
5402.1216
5352.566
5310.152
5266.419
5223.8125
5184.15
5144.1416
5103.8027
5069.3384
5031.3276
4991.565
4967.869
4920.3853
4891.2344
4854.631
4821.233
4789.4233
4757.3716
4726.243
4698.5376
4665.938
4640.2393
4609.6978
4587.316
4556.121
4536.7617
4504.7876
4477.0786
4456.0635
4427.407
4404.4473
4382.1245
