9961.654
9747.725
9422.88
8959.717
8406.295
7826.916
7297.257
6824.359
6389.3267
5997.286
5636.305
5318.8716
5046.2734
4789.704
4584.7534
4383.7695
4190.597
4036.2058
3891.1575
3762.35
3637.8086
3522.983
3470.932
3338.8845
3276.0547
3178.657
3110.3828
3088.5535
2979.0627
2937.113
2895.8628
2858.3872
2791.6367
2764.7275
2717.0137
2697.3772
2659.3496
2630.3354
2620.6226
2584.5125
2566.3303
2538.7073
2578.8933
2505.5837
2507.1458
2497.7952
2467.4155
2464.7993
2440.8179
2453.6697
2411.4856
2408.7256
2399.1152
2386.6855
2374.0613
2369.0762
2361.4143
2364.0408
2353.416
2341.184
2339.8599
2348.1492
2342.7656
2317.3125
2321.7249
2325.1099
2309.531
2304.5098
2298.3105
2293.1765
2293.8525
2292.5935
2284.412
2285.2195
2272.1128
2284.1287
2271.71
2266.8342
2268.8843
2259.5764
2264.2769
2255.191
2274.0618
2261.7761
2250.1824
2259.8118
2247.8525
2244.199
2249.9788
2245.367
2245.2886
2245.2969
2239.4797
2238.9587
2236.3994
2244.5989
2251.7964
2258.9824
2236.1938
2226.1255
