0.35888594164456233
0.3469496021220159
0.3519893899204244
0.3294429708222812
0.386737400530504
0.3679045092838196
0.4297082228116711
0.43925729442970823
0.4708222811671088
0.473474801061008
0.49946949602122015
0.5535809018567639
0.5543766578249337
0.5891246684350132
0.6010610079575597
0.5915119363395226
0.593103448275862
0.6185676392572944
0.6217506631299735
0.6294429708222812
0.6244031830238727
0.6259946949602122
0.6405835543766578
0.629708222811671
0.6196286472148541
0.6249336870026525
0.6193633952254642
0.619893899204244
0.6185676392572944
0.6273209549071618
0.6323607427055703
0.6204244031830238
0.6254641909814324
0.6267904509283819
0.6190981432360743
0.6286472148541115
0.6222811671087534
0.6278514588859416
0.6106100795755968
0.6307692307692307
0.6156498673740053
0.6267904509283819
0.6278514588859416
0.6209549071618037
0.6217506631299735
0.6145888594164456
0.6164456233421751
0.623342175066313
0.6312997347480106
0.6267904509283819
0.6305039787798409
0.6254641909814324
0.63315649867374
0.6326259946949602
0.6270557029177719
0.6222811671087534
0.6214854111405835
0.6339522546419099
0.6307692307692307
0.6360742705570291
0.6445623342175066
0.6270557029177719
0.6350132625994694
0.6379310344827587
0.6432360742705571
0.6360742705570291
0.6416445623342175
0.636870026525199
0.6379310344827587
0.6408488063660478
0.6381962864721485
0.6474801061007958
0.6429708222811671
0.6376657824933687
0.6472148541114059
0.6408488063660478
0.6429708222811671
0.6435013262599469
0.6336870026525199
0.6405835543766578
0.6445623342175066
0.6427055702917772
0.6448275862068965
0.6405835543766578
0.6496021220159152
0.6408488063660478
0.6472148541114059
0.6506631299734748
0.6464190981432361
0.6448275862068965
0.6392572944297082
0.6432360742705571
0.6411140583554377
0.6416445623342175
0.63315649867374
0.6408488063660478
0.6408488063660478
0.6397877984084881
0.6360742705570291
0.6435013262599469
