538.3737
534.4583
530.1155
525.88544
522.34375
517.28296
512.6719
507.35648
501.96704
496.07623
489.69748
482.56854
475.08557
467.34903
458.40854
449.2754
439.7608
430.08862
420.3483
410.37827
400.64423
391.18964
381.94775
372.9895
364.89642
355.9722
348.33496
341.03702
334.08218
327.64606
321.75974
315.94403
310.5583
305.64462
300.61484
296.16776
291.5773
287.79358
283.5651
279.92355
276.35385
273.06836
269.6835
266.72852
263.65753
260.6322
257.90958
255.3461
252.71686
250.42491
248.35907
245.88602
243.61276
241.53105
239.63718
237.62572
235.74744
234.51028
232.20494
230.57106
229.20694
227.4486
225.92818
224.43962
222.95372
221.58873
220.23624
219.03091
217.37387
216.17233
214.90015
213.63002
212.51807
211.42336
210.27472
209.19324
208.15594
207.09674
206.05334
205.15707
204.14893
203.14459
202.32773
201.3792
200.3936
199.63866
199.10818
198.0755
198.0588
196.2987
195.68837
194.76173
194.24776
193.67868
192.7248
192.20001
191.36778
190.99496
190.14818
189.4559
