0.773
0.773
0.773
0.773
0.773
0.773
0.773
0.773
0.773
0.776
0.782
0.783
0.783
0.783
0.784
0.786
0.789
0.791
0.808
0.799
0.822
0.826
0.832
0.832
0.842
0.85
0.852
0.861
0.853
0.868
0.871
0.868
0.868
0.875
0.871
0.891
0.88
0.891
0.891
0.9
0.898
0.901
0.907
0.907
0.91
0.911
0.914
0.914
0.914
0.909
0.914
0.916
0.918
0.92
0.917
0.921
0.926
0.923
0.92
0.922
0.925
0.927
0.927
0.928
0.925
0.925
0.928
0.931
0.927
0.926
0.926
0.929
0.933
0.929
0.93
0.932
0.929
0.932
0.938
0.93
0.932
0.932
0.933
0.933
0.932
0.941
0.933
0.938
0.937
0.931
0.94
0.938
0.939
0.938
0.938
0.94
0.94
0.942
0.941
0.938
