0.786
0.786
0.786
0.786
0.786
0.786
0.786
0.786
0.786
0.786
0.786
0.786
0.786
0.786
0.787
0.787
0.793
0.811
0.812
0.819
0.834
0.84
0.839
0.84
0.847
0.852
0.864
0.874
0.87
0.878
0.88
0.876
0.882
0.884
0.882
0.884
0.884
0.885
0.894
0.893
0.897
0.889
0.897
0.905
0.901
0.91
0.91
0.919
0.921
0.922
0.926
0.926
0.925
0.927
0.928
0.931
0.933
0.933
0.933
0.932
0.934
0.936
0.937
0.937
0.935
0.937
0.938
0.938
0.938
0.939
0.939
0.939
0.938
0.939
0.942
0.941
0.94
0.941
0.943
0.944
0.942
0.944
0.942
0.945
0.943
0.942
0.945
0.941
0.947
0.943
0.942
0.942
0.942
0.942
0.945
0.947
0.947
0.944
0.953
0.944
