552.0417
547.418
543.1826
538.9866
534.5388
529.96106
525.0201
520.0159
513.8383
507.65106
500.9776
494.10416
486.19476
477.8219
469.1928
460.043
451.11502
441.8099
432.55417
423.7699
414.31482
405.32736
396.74478
388.81976
380.80032
373.42053
366.1259
359.33875
352.77048
346.3438
340.66342
334.5653
329.11658
324.23038
319.25424
314.57227
310.17538
305.4834
301.29538
297.29547
293.73898
289.80884
286.06015
282.57733
279.30453
276.21158
273.06754
269.89346
266.9599
264.19547
261.3552
258.80295
256.1639
254.01291
251.124
248.78085
246.73561
244.41745
242.39143
240.14633
237.97095
236.76755
234.47894
232.46811
230.6876
228.86609
227.15076
225.92969
223.94398
222.51901
221.05528
219.48138
218.21605
216.69447
215.65858
214.04944
212.81267
211.68025
210.59587
209.3145
208.09572
207.04718
206.04735
204.8708
203.81067
203.98717
201.86566
201.1107
200.13394
199.0119
198.26987
197.25795
197.35573
195.66495
194.78708
193.99014
193.34572
192.57356
191.89673
191.04747
