539.17004
534.25714
530.35956
526.4299
522.7932
518.6437
514.49097
510.2545
505.42816
500.44055
495.1215
489.71988
483.65802
477.1913
470.64728
463.3968
456.09814
448.91714
441.67282
434.24088
427.06656
420.07443
413.0554
406.6298
400.2521
394.08563
388.3336
382.65958
377.27603
372.16138
367.07394
362.2544
357.39886
352.83405
348.2249
343.94733
339.67947
335.58868
331.38193
327.60272
324.04996
320.33762
316.8461
313.2966
309.99533
306.85767
303.7362
300.94812
299.38422
295.41464
291.971
289.71503
286.6792
284.04968
281.48895
279.15976
276.82166
274.48404
272.21802
270.4261
267.794
265.73602
263.5817
261.6356
259.7473
257.7752
256.1789
254.11273
252.34984
250.6077
249.04486
247.52666
245.56839
243.95438
242.77577
240.94006
239.55043
237.96361
236.68617
235.2031
233.97618
232.40709
231.72044
229.81487
228.42058
227.1636
226.03802
224.85802
223.64621
222.54997
221.6467
220.26532
219.46774
218.63535
217.24129
216.26103
215.09233
214.07469
213.28212
212.18575
