0.76
0.76
0.76
0.76
0.76
0.76
0.76
0.76
0.76
0.76
0.76
0.76
0.769
0.771
0.786
0.79
0.816
0.807
0.828
0.834
0.844
0.854
0.858
0.856
0.859
0.859
0.867
0.867
0.871
0.872
0.875
0.881
0.88
0.879
0.88
0.883
0.885
0.885
0.888
0.89
0.89
0.89
0.905
0.899
0.897
0.904
0.908
0.906
0.907
0.911
0.911
0.911
0.912
0.908
0.91
0.909
0.911
0.909
0.913
0.919
0.917
0.914
0.917
0.918
0.916
0.921
0.925
0.917
0.921
0.926
0.929
0.921
0.931
0.93
0.929
0.927
0.934
0.93
0.937
0.936
0.939
0.939
0.936
0.939
0.939
0.937
0.942
0.942
0.947
0.942
0.945
0.945
0.947
0.943
0.947
0.95
0.951
0.95
0.956
0.945
