565.4079
560.305
555.4251
550.07697
544.5555
538.65784
532.3939
525.5998
517.9959
510.2677
501.89612
493.40353
484.30643
474.90408
465.25244
455.59177
446.1958
436.8963
427.95316
418.99042
410.75327
402.42352
394.91495
387.3712
380.33887
373.78586
367.42242
362.1706
355.60574
350.01364
344.84616
339.8855
334.87177
330.14624
325.7698
322.17117
317.48853
313.94308
309.66843
306.2608
302.42355
298.97864
295.5979
292.5645
289.7877
286.55606
283.88492
280.6545
277.76346
275.11713
272.82867
270.22205
267.693
265.2834
263.19086
260.91345
258.58643
256.50775
254.48485
252.45569
250.45471
248.6055
246.68361
244.84528
243.35051
241.30385
239.65474
238.2213
236.43153
236.08298
233.81497
231.96529
230.51816
229.67302
228.27664
226.3605
225.04965
224.02707
222.73657
221.25383
220.92987
218.96747
218.76312
216.97176
215.88867
214.71388
213.78577
212.80884
212.11066
210.98523
210.148
209.04782
208.55365
207.32089
207.09691
205.6779
204.90459
204.49423
203.4272
202.65274
