0.787
0.787
0.787
0.787
0.787
0.787
0.787
0.787
0.787
0.787
0.787
0.787
0.787
0.787
0.789
0.791
0.796
0.796
0.797
0.797
0.806
0.808
0.814
0.817
0.822
0.831
0.837
0.84
0.851
0.855
0.857
0.867
0.855
0.887
0.897
0.897
0.896
0.898
0.9
0.908
0.91
0.909
0.91
0.914
0.914
0.914
0.916
0.913
0.916
0.917
0.913
0.913
0.917
0.917
0.915
0.918
0.917
0.915
0.917
0.918
0.92
0.919
0.92
0.922
0.923
0.92
0.924
0.922
0.923
0.924
0.925
0.925
0.924
0.925
0.925
0.925
0.929
0.933
0.925
0.937
0.928
0.936
0.938
0.932
0.936
0.935
0.939
0.939
0.941
0.939
0.943
0.939
0.943
0.939
0.944
0.943
0.947
0.948
0.947
0.94
