0.759
0.759
0.759
0.759
0.759
0.759
0.759
0.759
0.759
0.759
0.759
0.761
0.77
0.778
0.783
0.793
0.795
0.808
0.811
0.814
0.814
0.823
0.829
0.832
0.831
0.851
0.862
0.868
0.868
0.871
0.873
0.88
0.879
0.881
0.881
0.884
0.883
0.883
0.881
0.889
0.893
0.897
0.895
0.896
0.898
0.899
0.9
0.896
0.896
0.9
0.902
0.899
0.9
0.897
0.905
0.902
0.906
0.906
0.907
0.907
0.91
0.914
0.914
0.913
0.918
0.914
0.919
0.921
0.917
0.919
0.916
0.925
0.92
0.92
0.925
0.922
0.92
0.922
0.921
0.925
0.927
0.927
0.934
0.93
0.932
0.933
0.93
0.934
0.929
0.934
0.937
0.934
0.94
0.933
0.939
0.94
0.935
0.93
0.938
0.939
