0.693
0.599
0.642
0.659
0.705
0.686
0.702
0.825
0.826
0.873
0.884
0.884
0.9
0.891
0.907
0.908
0.908
0.909
0.914
0.928
0.935
0.935
0.942
0.949
0.951
0.952
0.96
0.96
0.962
0.962
0.964
0.967
0.967
0.97
0.967
0.97
0.97
0.967
0.97
0.97
0.971
0.974
0.975
0.975
0.975
0.975
0.975
0.975
0.975
0.975
0.975
0.975
0.975
0.975
0.977
0.975
0.977
0.979
0.978
0.98
0.982
0.98
0.983
0.982
0.98
0.983
0.984
0.984
0.988
0.99
0.989
0.987
0.99
0.99
0.987
0.989
0.99
0.99
0.99
0.99
0.99
0.99
0.99
0.99
0.99
0.99
0.986
0.99
0.99
0.99
0.99
0.99
0.99
0.99
0.99
0.99
0.99
0.99
0.99
0.99
