699.75073
691.47437
682.9104
674.01624
664.5837
652.5235
640.0886
626.42554
611.3586
595.3658
577.8564
560.11523
542.07947
524.3549
506.82416
489.90698
474.98245
458.56668
444.33105
430.62442
417.65613
405.55887
393.9146
382.8937
372.71222
363.43903
354.00812
344.84464
336.53275
328.22592
320.4593
313.22348
306.00638
299.15314
292.66177
286.78424
280.6117
275.35864
269.6418
265.5043
259.9557
255.3635
250.46237
245.83649
241.6596
237.88141
233.90736
230.26466
226.95667
224.21823
220.17047
217.05322
214.05911
211.17049
208.54532
205.732
203.68304
200.96687
199.03844
196.58745
194.15225
192.28375
190.03
188.16194
186.21379
184.67863
182.89429
181.1944
179.60861
178.20258
176.55707
175.25476
173.8406
172.5052
171.44807
170.1212
168.83633
167.81642
167.49026
165.5674
164.6123
163.59502
162.72151
161.74164
160.9559
160.24942
159.04414
158.3363
157.41777
156.68202
156.00076
155.41563
155.0997
153.84946
153.42001
152.72815
152.33537
151.88385
151.0159
150.46509
