700.10034
688.4358
676.69165
663.666
649.0868
631.5973
611.72363
589.884
565.7533
540.53467
514.9368
489.32867
464.68924
441.54236
419.91907
400.0773
381.5832
364.89764
349.78384
335.60236
322.64813
310.81403
299.7975
289.4668
280.2996
271.7502
263.54858
255.973
249.06982
242.40575
236.24475
230.54176
225.22911
220.20331
215.86745
210.9729
206.61655
203.17886
198.97641
195.53232
192.0215
188.89232
185.89043
183.0782
180.43419
177.69263
175.4615
173.06781
170.88313
168.65086
166.46983
164.71739
162.75104
161.05727
159.44725
157.89195
156.54227
154.79128
153.49693
152.04004
150.77144
149.53345
148.68129
147.19334
146.20316
145.09773
144.21558
143.28088
142.63835
141.48955
140.45514
139.91762
138.80511
138.28574
137.44571
136.74202
135.91087
135.323
134.63953
133.9535
133.6818
132.82736
132.31563
131.81679
131.26599
131.42091
130.58047
129.86497
129.51558
128.93333
128.87042
128.08401
127.688545
127.31448
126.999344
126.5727
126.25964
125.872986
125.56765
125.24669
