701.4023
695.129
689.3843
683.3906
677.37177
671.0072
663.78406
655.75903
646.3411
636.1017
624.4853
611.7633
597.54
582.85297
567.26715
551.23206
535.0255
519.3002
504.1802
488.9791
474.78156
460.32642
447.12872
434.8952
422.54333
411.4929
400.1781
390.39758
380.1103
371.3948
361.8575
353.2971
345.01532
337.01666
329.7351
322.58124
315.6274
309.0354
303.08215
296.73608
290.74588
285.22525
280.25378
274.70712
269.79132
265.4692
260.84216
256.19318
251.70404
247.64235
243.70349
240.1272
236.35326
234.34445
229.3706
226.72688
222.95906
220.17165
217.08888
214.15799
212.03185
208.91318
206.52586
204.50053
202.63455
199.5448
197.36923
195.38466
193.23926
191.89615
189.56017
187.91042
185.96407
184.31964
182.77072
181.3481
179.57628
178.27821
176.68303
175.57315
174.08554
172.74321
171.53632
170.33093
169.4641
168.12524
167.24364
166.24344
165.15263
164.22244
163.30669
163.14273
161.6521
161.14142
160.55247
159.52487
158.5585
157.66516
156.9844
156.33823
