709.943
700.9559
691.99896
681.5342
669.9179
655.2703
638.61383
620.11725
599.14636
577.23224
553.7946
529.91705
506.4546
484.26938
462.6545
442.42346
423.57388
406.49796
390.79156
375.22977
361.4561
348.52383
336.53613
325.41592
315.0041
305.2007
295.64484
286.86237
278.773
271.04266
263.74414
257.06342
250.6839
244.51605
239.05368
233.52554
228.34265
224.46867
219.58261
215.44118
211.15091
207.43515
203.59262
200.26782
197.02975
193.90633
191.03377
188.05688
185.42827
183.13428
180.50386
178.11438
175.87962
173.82115
171.64368
169.78699
168.40985
166.30501
165.22398
162.6664
161.06406
159.76227
158.03328
156.60573
155.37843
154.0418
152.87344
151.43811
150.3536
149.58064
148.04321
147.11438
146.01515
145.07256
144.2239
143.26929
142.37534
142.05211
141.29402
140.18527
139.34657
138.63484
138.03116
137.21269
136.57365
135.97974
135.53291
134.78967
134.20927
133.65033
133.19774
132.72842
132.27582
131.9545
131.57872
130.7157
130.3109
129.83884
129.52344
129.05864
