0.521
0.56
0.616
0.642
0.678
0.687
0.707
0.74
0.766
0.809
0.79
0.841
0.852
0.861
0.865
0.875
0.879
0.907
0.912
0.918
0.922
0.922
0.922
0.925
0.925
0.929
0.933
0.935
0.936
0.937
0.939
0.943
0.956
0.959
0.961
0.969
0.961
0.974
0.973
0.973
0.977
0.977
0.977
0.977
0.978
0.978
0.98
0.982
0.985
0.981
0.985
0.985
0.985
0.985
0.985
0.985
0.985
0.985
0.986
0.992
0.992
0.997
0.997
0.997
0.997
0.997
0.997
0.997
0.997
0.998
0.997
0.998
0.998
0.997
0.998
0.997
0.998
0.998
0.999
0.998
0.999
1.0
0.998
1.0
1.0
1.0
1.0
1.0
1.0
1.0
1.0
1.0
1.0
1.0
1.0
1.0
1.0
1.0
1.0
1.0
