0.572
0.627
0.634
0.716
0.743
0.744
0.773
0.787
0.796
0.807
0.832
0.853
0.873
0.868
0.884
0.891
0.892
0.901
0.912
0.914
0.915
0.922
0.933
0.935
0.936
0.942
0.941
0.953
0.941
0.955
0.959
0.957
0.961
0.961
0.964
0.968
0.963
0.966
0.969
0.97
0.97
0.97
0.972
0.971
0.972
0.973
0.975
0.974
0.976
0.976
0.977
0.975
0.978
0.979
0.98
0.978
0.985
0.983
0.985
0.98
0.983
0.987
0.984
0.987
0.987
0.987
0.987
0.987
0.987
0.987
0.987
0.987
0.988
0.987
0.987
0.988
0.988
0.988
0.988
0.987
0.988
0.988
0.988
0.988
0.988
0.989
0.988
0.989
0.988
0.988
0.988
0.989
0.988
0.988
0.989
0.989
0.989
0.99
0.989
0.989
