0.564
0.587
0.613
0.656
0.668
0.657
0.708
0.723
0.731
0.734
0.757
0.756
0.804
0.813
0.812
0.818
0.835
0.834
0.848
0.846
0.854
0.865
0.864
0.87
0.888
0.887
0.898
0.907
0.907
0.917
0.917
0.919
0.923
0.92
0.925
0.933
0.928
0.92
0.934
0.942
0.929
0.943
0.932
0.939
0.942
0.948
0.943
0.943
0.953
0.952
0.946
0.952
0.959
0.961
0.961
0.961
0.96
0.963
0.961
0.97
0.967
0.97
0.971
0.972
0.977
0.978
0.976
0.977
0.977
0.979
0.978
0.981
0.98
0.978
0.98
0.983
0.983
0.984
0.978
0.984
0.984
0.984
0.987
0.987
0.984
0.983
0.987
0.987
0.987
0.987
0.985
0.987
0.99
0.989
0.987
0.99
0.991
0.991
0.99
0.99
